3.4447683 0
4.4428049 13440
5.4420767 27107
6.4423764 39401
7.4423759 50380
8.4429357 60221
9.4423076 69021
10.4430445 76919
11.4417913 83913
12.4428439 90181
13.4434356 95681
14.4429978 100613
15.4419627 105054
16.442733 108924
17.4428531 112362
18.4422609 115386
19.4424898 118077
20.4423163 120493
21.4421085 122574
22.4426319 124439
23.4427248 126028
24.4427597 127460
25.4429404 128735
26.4425924 129853
27.4425719 130873
28.4422009 131734
29.4423764 132478
30.4419314 133143
31.4429984 133729
32.4416877 134236
33.4419468 134705
34.4425062 135114
35.4421593 135505
36.4428398 135776
37.4426145 136047
38.4423497 136279
39.4419535 136492
40.4419889 136705
41.4423512 136858
42.4424872 136952
43.4428228 137106
44.4423851 137240
45.4425036 137334
46.4430379 137429
47.4421075 137464
48.4417513 137559
49.44248 137614
50.4417113 137689
51.4422332 137725
52.4419402 137780
53.4413572 137756
54.4415507 137831
55.4434546 137807
56.4422665 137842
57.4441741 137878
58.4423995 137894
59.4417318 137930
60.4421208 137966
61.4419935 137961
62.4425662 137957
63.4421475 137953
64.4415471 137969
65.4418678 137965
66.4412966 137981
67.4419935 137937
68.4417457 137993
69.442108 138009
70.4419622 137985
71.4417108 138021
72.4417518 138057
73.4422055 138013
74.4418427 138029
75.4420264 138025
76.4416143 138041
77.4419073 138037
78.4416661 138033
79.4420982 138049
80.441914 138045
81.4415219 138022
82.4420828 138058
83.4415568 138014
84.4419278 138050
85.4420238 138046
86.4417421 138042
87.4408348 137998
88.4416774 137994
89.4411745 138030
90.4418047 138026
91.4422183 137982
92.4407562 138058
93.4414285 138034
94.4411637 138050
95.4416979 138026
96.4411899 138042
97.4418929 138039
98.4416482 138055
99.4412828 138051
100.4406716 138027
101.4416615 138083
102.4413233 138019
103.4406711 137995
104.4407763 138031
105.4409892 138067
106.4415512 138063
107.4417395 138019
108.4416261 138075
109.4409497 138072
110.4417097 138028
111.4416564 138024
112.4417575 138040
113.4412463 138036
114.441565 138032
115.4415763 138008
116.4404447 138024
117.4404473 138080
118.4417262 138056
119.441291 138032
120.4414388 138028
121.4412212 138065
122.4405766 138021
123.4414378 138017
124.4409087 138013
125.4406146 138029
126.4404078 138085
127.4405843 138081
128.4411812 138037
129.4405417 138033
130.4411268 138029
131.4404442 138065
132.4410724 138061
133.4411919 138018
134.4406962 138054
135.4413223 138050
136.4406885 138026
137.4406967 138002
138.4401035 138058
139.4401035 138034
140.4402425 138030
141.4410903 138066
142.4410606 138002
143.4400388 138038
144.4407444 138054
145.4408101 138030
146.4407788 138046
147.4408476 138063
148.4411848 138059
149.4406469 137995
150.4404299 138031
151.4410015 138027
152.4409466 138043
153.4403308 138039
154.440376 138075
155.4405602 138051
156.4403734 138047
157.4395939 138063
158.4407085 138040
159.4416507 138016
160.4403565 138052
161.4427371 138048
162.4407475 138024
163.4425811 138060
164.4406295 138036
165.4404242 138052
166.4398505 138088
167.4406018 138024
168.4401209 138020
169.4406439 138036
170.4410534 138013
171.4410411 138029
172.4401117 138045
173.4407244 138041
174.440474 138077
175.4408312 138073
176.4405032 138049
177.4401414 138005
178.4399901 138001
179.4401337 138037
180.4401235 138033
181.4402215 138029
182.4405192 138025
183.4411165 138021
184.4407886 138058
185.4402194 138014
186.4429434 138030
187.4398469 138066
188.4402066 138062
189.4398859 138038
190.4400008 138054
191.4410606 138050
192.4406249 138066
193.4396462 138042
194.4404663 138038
195.4400978 138055
196.4394892 138071
197.4398833 138027
198.4400106 138043
199.4398043 138059
200.4404478 138055
201.4403329 138031
202.4401261 138047
203.439792 138023
204.440864 138059
205.4399536 138036
206.4402949 138032
207.4404494 138028
208.4396339 137984
209.4396621 138040
210.4398315 138036
211.4395615 138072
212.4401923 138028
213.4400496 138064
214.4396945 138020
215.4409015 138036
216.4399136 138072
217.4412058 138048
218.4398915 138044
219.4400711 138041
220.43993 138037
221.4388764 138033
222.4393003 138049
223.4390838 138065
224.4398022 138021
225.4395456 138017
226.4395877 138013
227.4411529 138029
228.4398818 138065
229.4414552 138061
230.4398607 138057
231.4397022 138034
232.4394481 138030
233.438936 138026
234.4394651 138022
235.4388226 138038
236.4394327 138034
237.4389339 138030
238.4397211 138066
239.439444 138042
240.4396888 138058
241.4385044 138054
242.4397237 138010
243.439114 138066
244.4389842 138023
245.4391156 138059
246.4400763 138055
247.4391094 138031
248.4393629 138027
249.4397083 138043
250.4384346 138019
251.4388318 138035
252.4388477 138051
253.4391797 138067
254.4390011 138023
255.438743 138019
256.4484166 138055
257.4388734 138072
258.4392239 138008
259.4384171 138044
260.4395544 138080
261.4391371 138016
262.4391069 138012
263.4387502 138048
264.4388698 138044
265.4381287 138040
266.4394635 138036
267.4384777 138052
268.4385203 138028
269.439676 138005
270.4388559 138041
271.4388328 138037
272.4391926 138033
273.4395939 138049
274.4386845 138065
275.4394805 138061
276.4392916 138037
277.4389852 138033
278.4392136 138009
279.4396298 138025
280.4457788 138001
281.4408404 138077
282.4423866 138053
283.4417144 138030
284.4395349 138046
285.4387307 138042
286.4387805 138018
287.4387389 138034
288.4383674 138030
289.4385901 138026
290.4398654 138042
291.4391997 138038
292.4386553 138034
293.4408558 138070
294.4392316 138026
295.4392926 138062
296.438955 138039
297.4389734 138035
298.4396519 138071
299.4391135 138027
300.4382709 138063
301.4383689 138019
302.4387497 138015
303.4394492 138051
304.4395723 138067
305.4381744 138023
306.4396303 138039
307.4379671 138035
308.4387805 138052
309.438238 138028
310.438801 138024
311.4385188 138040
312.4392172 138056
313.4384561 138032
314.437672 138008
315.4378059 138044
316.4378131 138040
317.4379081 138056
318.4384443 138032
319.4385542 138008
320.4375186 138024
321.439597 138020
322.43806 138056
323.4381015 138073
324.4385121 138049
325.438335 138045
326.4376833 138061
327.4383237 138017
328.4380713 137993
329.4378496 138069
330.4376022 138085
331.4383494 138041
332.4418478 138077
333.4383299 138054
334.438218 138010
335.4383561 138006
336.4392901 138002
337.4376202 138038
338.4387671 138034
339.4384633 138010
340.4378583 138046
341.4377726 138062
342.4381765 138058
343.4379589 138034
344.4378639 138030
345.4377033 138046
346.4380671 138002
347.4431215 138058
348.4381185 138015
349.4378999 138031
350.4376279 138067
351.4377177 138023
352.4382124 138039
353.4379912 138055
354.4382971 138031
355.4396103 138047
356.4373692 138063
357.4380035 138059
358.4376587 138035
359.4372404 138032
360.4378532 138008
361.4376699 138044
362.4368129 138040
363.4378552 138016
364.4377977 138012
365.4376166 138028
366.4377705 138004
367.4383089 138040
368.4374734 138076
369.4378675 138072
370.4378434 138028
371.4374067 138044
372.4372168 138060
373.4377464 138017
374.4376135 138033
375.437381 138009
376.4377582 138025
377.437613 138041
378.4378372 138057
379.4370249 138033
380.437729 138049
381.4377495 138045
382.4373944 138021
383.4373507 138037
384.4375175 137993
385.4371332 138009
386.4374015 138065
387.4373887 138001
388.4368458 138017
389.4373636 138033
390.4370279 138030
391.4373384 138006
392.4373138 138062
393.4373969 138038
394.4372584 138014
395.4365948 138050
396.4372686 138006
397.4373102 138042
398.4372892 138058
399.4370351 138034
400.4372666 138030
401.4371768 138046
402.4375134 138042
403.4369212 138058
404.4366441 138015
405.4363521 138011
406.4373282 138027
407.4364629 138063
408.4365743 137999
409.4370669 138035
410.436135 138051
411.436953 138047
412.4374375 138003
413.4370249 138059
414.4361832 138015
415.4363993 138051
416.4370505 138047
417.4370351 138043
418.4374488 138039
419.4364552 137996
420.4361992 138032
421.4374431 138048
422.4367862 138084
423.4372589 138060
424.4373323 138036
425.4367411 138052
426.4373353 138048
427.4374154 138044
428.4371183 138040
429.4366446 138036
430.4370911 138053
431.4371557 138029
432.4370279 138045
433.4371106 138041
434.4365384 138037
435.4366174 138053
436.4371973 138049
437.4368617 138025
438.4365194 138041
439.4368196 138017
440.4363002 138053
441.4365261 138009
442.4362346 138005
443.4357912 138061
444.4367755 138018
445.4366482 138034
446.4366759 138030
447.4369099 138026
448.43672 138042
449.4361093 138038
450.435397 138054
451.4361617 138030
452.4359179 138046
453.4356819 138082
454.436331 138038
455.4364599 138034
456.7604181 138070
457.4362171 138047
458.4357399 138023
459.436389 138019
460.4378983 138035
461.4357629 138031
462.4359426 138027
463.4363428 138043
464.43625 138059
465.4361099 138055
466.4358856 138011
467.435804 138027
468.4357224 138043
469.4358604 138059
470.4359415 138076
471.4351784 138012
472.4356213 138028
473.4356444 138024
474.4349973 138040
475.4361997 138036
476.4359877 138052
477.4361678 138008
478.4353745 138044
479.4353601 138040
480.4352852 138036
481.4414798 138052
482.4357234 138048
483.4353298 138025
484.436017 138061
485.4353365 138057
486.4355649 138013
487.4361509 138029
488.4349932 138045
489.4357804 138061
490.4360067 138037
491.4359236 138013
492.4355238 138049
493.436114 138085
494.4348813 138022
495.4350973 138058
496.4359066 138054
497.4359184 138010
498.4361699 138026
499.4351569 138042
500.4349737 138058
501.4355715 138014
502.4358214 138030
503.435804 138019
504.4358379 137961
505.4348125 137938
506.4347828 137833
507.4342249 137709
508.435435 137586
509.4351358 137527
510.4351025 137455
511.4981602 137269
512.4351466 137212
513.4342501 137065
514.4350547 137029
515.4344995 136886
516.4342537 136835
517.4346965 136758
518.4351928 136615
519.4349321 136547
520.4350912 136495
521.4351358 136439
522.4343866 136360
523.4348212 136318
524.4352395 136293
525.4343276 136286
526.4350712 136177
527.4351035 136146
528.434635 136133
529.4343291 136079
530.4344343 136064
531.434774 136007
532.4349588 135970
533.4346288 135972
534.4352374 135993
535.4374046 135913
536.4343235 135973
537.4345328 135872
538.4343789 135871
539.4345944 135849
540.4343383 135827
541.4344379 135825
542.4345205 135842
543.4345585 135840
544.4340022 135837
545.4339396 135853
546.4351615 135830
547.43409 135807
548.4363531 135803
549.4334972 135759
550.4338575 135815
551.4343014 135791
552.4342865 135808
553.435317 135804
554.4346539 135800
555.4339006 135815
556.4341095 135771
557.4334587 135787
558.5215979 135763
559.434597 135758
560.4342424 135754
561.4385229 135770
562.4342665 135725
563.4341079 135801
564.4341793 135736
565.4341916 135772
566.4345251 135768
567.4838726 135743
568.4343727 135739
569.4344748 135734
570.4347237 135809
571.4338703 135785
572.4335147 135761
573.4344584 135756
574.434694 135771
575.43454 135767
576.4338559 135742
577.4348885 135718
578.4344461 135753
579.433879 135769
580.4340735 135764
581.4352354 135759
582.4343394 135755
583.4391135 135730
584.4340607 135806
585.4337867 135761
586.4344133 135777
587.4344333 135752
588.4339345 135748
589.447342 135763
590.4346632 135779
591.4336979 135774
592.4343645 135730
593.447324 135765
594.6726654 135761
595.6233493 135796
596.4340253 135792
597.4344897 135747
598.433762 135762
599.4340504 135718
600.4343886 135773
601.4342999 135769
602.4341403 135764
603.4339001 135760
604.4342075 135755
605.433663 135750
606.4339134 135766
607.433527 135721
608.433276 135757
609.4336358 135772
610.4330456 135788
611.433664 135763
612.5023791 135738
872.4344492 135739
882.4291362 135740
892.4291485 135741
902.4293035 135742
912.4307784 135743
922.4316646 135745
942.4287359 135747
952.428877 135749
962.4285629 135751
972.4279851 135753
982.4284064 135755
992.4287595 135758
1002.4284126 135761
1012.4287816 135764
1022.4279487 135767
1032.4275987 135770
1062.4278583 135773
1072.4281976 135776
1082.4272266 135779
1102.4262002 135783
1112.4269356 135787
1142.4264224 135791
1152.4262911 135795
1172.4252703 135799
1182.4251287 135803
1192.4249383 135807
1322.4227778 135810
1382.4236384 135812
1462.4217094 135814
1472.4215759 135816
1702.4180026 135815
1712.418037 135814
1722.4186179 135813
1732.417025 135812
1742.4173888 135811
1752.4176157 135810
1762.4167941 135809
1772.4168577 135808
1782.4165908 135806
1792.4171333 135804
1802.4166011 135802
1812.4166422 135800
1832.4165852 135798
1852.4173683 135796
1872.4161757 135794
1922.4147105 135792
1932.4139951 135790
1942.4142199 135788
1952.4145602 135786
1992.4133352 135784
2012.4176952 135782
2042.4204408 135780
2152.4123257 135779
2232.410352 135778
2452.407083 135779
2462.4071641 135780
2472.4076537 135781
2482.4061691 135782
2512.4065745 135783
2522.4068069 135784
2552.4058232 135785
2562.4054778 135786
2582.4060716 135787
2602.4059304 135788
2612.4056133 135789
2622.4093898 135790
2632.4047552 135791
2642.4040583 135792
2662.4044725 135793
2672.4050036 135794
2692.4045602 135795
2702.4037191 135796
2712.4038962 135797
2732.4036103 135798
2762.4036575 135799
2782.4097034 135800
2792.4023792 135801
2892.401438 135802
2922.4012307 135803
2932.4074556 135804
2982.3999046 135805
3062.3988392 135806
3312.3942288 135805
3322.393889 135804
3332.3941995 135803
3342.3947928 135802
3372.3934713 135801
3412.4019676 135800
3432.3962682 135799
3462.3932121 135798
3512.3917414 135797
3522.5982991 135796
3542.3914191 135795
3612.3908109 135794
3642.3903203 135793
3702.3889748 135792
3752.3902952 135791
3762.3879084 135790
3782.3889101 135789
4052.3887505 135790
4062.3846486 135791
4072.3842478 135792
4082.3840041 135793
4102.3835786 135794
4112.3835781 135795
4122.3835745 135796
4132.3829828 135797
4152.3826749 135798
4162.382269 135799
4172.3822839 135800
4182.3816562 135801
4202.3844454 135802
4292.3808936 135803
4312.3808675 135804
4372.3801685 135805
4382.3797985 135806
4402.3794408 135807
4432.3788301 135808
4462.3787603 135809
4492.3774922 135810
4512.3800238 135811
4562.3768959 135812
4572.377249 135813
4692.3746379 135814
4732.3742977 135815
4752.3743546 135816
4782.374545 135817
4812.3727319 135818
4902.3715988 135819
5232.3664475 135818
5242.3659707 135817
5252.3667554 135816
5262.3665013 135815
5292.3683914 135814
5302.3691304 135813
5312.3677037 135812
5342.3655514 135811
5352.365222 135810
5392.3647786 135809
5402.3643552 135808
5442.3637994 135807
6332.3512731 135808
6342.3512094 135809
6352.3504463 135810
6372.3511381 135811
6402.350122 135812
6422.3499367 135813
6432.3501169 135814
6442.3496011 135815
7122.3387708 135814
7132.3391337 135813
7152.3392501 135812
7162.3391567 135811
7182.3395883 135810
7222.3382135 135809
7262.3378184 135808
7272.3378897 135807
7322.337609 135806
7352.3365272 135805
7362.335625 135804
8162.3250267 135805
8172.3300821 135806
8192.3249692 135807
8283.323404 135820
8553.3184004 135819
8563.3185339 135818
8573.3197173 135817
8593.3194571 135816
8603.3188346 135815
8613.318268 135814
8623.3175958 135813
8633.317954 135812
8643.3181305 135811
8673.3170364 135810
8683.3172745 135809
8713.3166433 135808
8733.3167983 135807
8753.3169625 135806
8763.3161455 135805
8773.3162415 135804
8803.3154229 135803
8813.3155143 135802
8833.3148302 135801
8863.3148405 135800
8903.3143955 135799
8953.3130823 135798
9293.308983 135799
9303.3080484 135800
9323.3081788 135801
9333.3085473 135802
9343.3085816 135803
9353.3084251 135804
9363.3077954 135805
9423.30692 135806
9433.3070236 135807
9543.3050165 135808
9613.3041287 135809
10143.2968974 135808
10173.296434 135807
10183.2955601 135806
10203.2950997 135805
10213.3088475 135804
10273.3012072 135803
10303.2938116 135802
10343.2933262 135801
10373.2928977 135800
10403.2930824 135799
10423.2929875 135798
10433.2927473 135797
10463.291295 135796
10503.2915988 135795
10833.2868416 135796
10873.2914099 135797
10893.2857285 135798
10943.2855873 135799
10983.2851696 135800
11013.28392 135801
11033.28361 135802
11043.2859594 135803
11053.2843685 135804
11093.283862 135805
11113.2835279 135806
11123.2830507 135807
11173.2822208 135808
11193.2816055 135809
11213.2852979 135810
11233.2807506 135811
11253.2803821 135812
11273.2802435 135813
11293.2799341 135814
11313.2798597 135815
11323.2793968 135816
11333.2792962 135817
11343.2798761 135818
11353.2796862 135819
11363.2787845 135820
11403.2809522 135821
11713.2732642 135820
11723.2731251 135819
11733.2736198 135818
11773.2737014 135817
11783.2731995 135816
11793.2730856 135815
11803.2727982 135814
11843.2758204 135813
11853.2735814 135812
11863.2730774 135811
11873.2723163 135810
11883.2712623 135809
11893.2716107 135808
11903.271934 135806
11923.2713705 135804
11953.2719104 135802
11963.2710334 135800
11993.2705418 135798
12003.270884 135796
12073.2744194 135795
12153.2674683 135794
12393.2644318 135795
12403.264168 135796
12423.26409 135797
12433.2643307 135798
12453.263392 135799
12463.2643579 135800
12473.2638914 135801
12483.2633849 135802
12573.2623092 135803
12583.2615425 135804
12593.2612921 135805
12603.2618669 135806
12663.2608415 135807
12683.260665 135808
12733.2600261 135809
12743.259558 135810
12763.2596422 135811
12773.2593892 135812
12803.2591675 135813
12843.2594108 135814
12853.2576202 135815
12863.2576074 135816
12883.2578933 135817
12923.2566626 135818
12943.2570414 135819
12953.2573411 135820
13013.2572035 135821
13033.2561992 135822
13123.254246 135823
13133.2554649 135824
13153.2539628 135825
13163.2530693 135826
13173.253154 135827
13213.2521599 135828
13473.2494688 135827
13493.2487606 135826
13523.2476188 135825
13533.2477886 135824
13543.2480811 135823
13563.2477891 135822
13573.2479534 135821
13583.2470004 135820
13653.246752 135819
13673.2469609 135818
13693.2455978 135817
13703.2465924 135816
13733.2457708 135815
13753.244824 135814
13763.2452006 135813
13773.2450092 135812
13793.2487498 135811
13813.244494 135810
13823.2431433 135809
13833.2438992 135808
13853.2436493 135807
13863.2435769 135806
13943.241556 135805
13953.2413841 135804
14153.2397788 135805
14163.238385 135806
14173.2396172 135807
14183.2394889 135808
14243.2386088 135809
14263.2375172 135810
14283.2375121 135811
14303.2366782 135812
14333.236865 135813
14343.2366499 135814
14353.2371924 135815
14383.2372026 135816
14393.2359181 135817
14403.2359807 135818
14413.235057 135819
14423.2352207 135820
14443.2351422 135821
14473.2346331 135822
14503.2347209 135823
14583.2334415 135824
14603.2335431 135825
14663.2326794 135826
15003.2273915 135825
15013.2266397 135824
15023.2262179 135823
15033.2263231 135822
15053.2308535 135821
15063.2262092 135820
15083.2256365 135819
15113.2252747 135818
15133.2252095 135817
15183.2235832 135816
15193.2239645 135815
15203.2242509 135814
15223.2238957 135813
15253.7977529 135812
15263.2229961 135811
15273.2223362 135810
15303.2252577 135809
15323.2223823 135808
15593.2191642 135809
15603.2187895 135810
15613.2191477 135811
15623.2186561 135812
15633.2178786 135813
15653.2170652 135814
15713.2171253 135815
15723.2169985 135816
15743.2160055 135817
15773.2170786 135818
15803.2156863 135819
15813.2157766 135820
15833.2153548 135821
15863.214429 135822
15873.2139107 135823
15883.214331 135824
15903.2198641 135825
15913.2137778 135826
15923.2146153 135827
15933.2135504 135828
15983.2186515 135829
16033.2123655 135830
16093.2115454 135831
16103.2115546 135832
16383.2071931 135831
16393.2071756 135830
16403.2067615 135829
16413.2064146 135828
16473.2060559 135827
16493.2054636 135826
16523.2050669 135825
16533.2049971 135824
16573.204057 135823
16613.2035207 135822
16623.2040801 135821
16633.2039646 135820
16653.2030234 135819
16683.2030994 135818
16713.2019709 135817
16743.2024949 135816
16753.201664 135815
16783.2015465 135814
16813.2003123 135813
16823.2008326 135812
16863.2005175 135811
16883.1999043 135810
16903.1997139 135809
16923.1994558 135808
16933.1987368 135807
16953.1993737 135806
17233.1949444 135807
17243.1950537 135808
17273.1952461 135809
17283.1949007 135810
17293.1952856 135811
17303.1945471 135812
17313.1951388 135813
17323.1950819 135814
17343.1943927 135815
17363.1934941 135816
17383.1936455 135817
17403.1958655 135818
17413.1929378 135819
17433.1930148 135820
17453.1920736 135821
17483.1920433 135822
17523.1916646 135823
17543.1907065 135824
17553.1913295 135825
17563.1911021 135826
17583.1908579 135827
17603.1958219 135828
17623.1898027 135829
17923.1865045 135828
17953.1853093 135827
17963.184557 135826
17993.1846883 135825
