-0.07695158
-0.076956995
0.986541215
0.986170455
0.98647315
0.986469695
0.986755455
0.986166685
0.986164085
1.05E-07
1.79E-07
2.55E-07
1.8406E-06
3.5254E-06
5.0448E-06
6.3958E-06
7.6056E-06
8.6825E-06
9.6402E-06
1.04902E-05
1.12446E-05
1.19092E-05
1.24981E-05
1.30175E-05
1.34694E-05
1.38725E-05
1.42188E-05
1.45215E-05
1.47879E-05
1.50154E-05
1.5215E-05
1.53873E-05
1.55344E-05
1.56571E-05
1.57656E-05
1.58552E-05
1.593E-05
1.59896E-05
1.60369E-05
1.60773E-05
1.611E-05
1.61333E-05
1.61498E-05
1.61579E-05
1.61646E-05
1.61619E-05
1.61571E-05
1.61519E-05
1.61369E-05
1.61244E-05
1.61081E-05
1.60877E-05
1.60698E-05
1.60448E-05
1.60231E-05
1.59975E-05
1.59733E-05
1.5944E-05
1.59152E-05
1.58869E-05
1.58581E-05
1.58275E-05
1.57967E-05
1.57648E-05
1.57352E-05
1.57019E-05
1.56702E-05
1.56352E-05
1.56048E-05
1.55692E-05
1.55371E-05
1.55029E-05
1.54723E-05
1.54369E-05
1.54048E-05
1.53712E-05
1.53379E-05
1.53023E-05
1.52681E-05
1.5235E-05
1.51992E-05
1.51617E-05
1.51304E-05
1.50971E-05
1.50619E-05
1.50277E-05
1.49946E-05
1.49569E-05
1.4925E-05
1.48902E-05
1.48542E-05
1.48206E-05
1.47875E-05
1.47513E-05
1.4715E-05
1.46827E-05
1.46485E-05
1.46144E-05
1.45792E-05
1.4544E-05
1.45127E-05
1.44731E-05
1.4441E-05
1.44052E-05
1.43723E-05
1.43371E-05
1.43033E-05
1.42681E-05
1.42333E-05
1.41977E-05
1.41625E-05
1.41329E-05
1.40973E-05
1.40637E-05
1.40275E-05
1.39898E-05
1.39571E-05
1.39231E-05
1.38867E-05
1.38529E-05
1.38181E-05
1.3785E-05
1.37506E-05
1.37144E-05
1.36804E-05
1.36473E-05
1.36125E-05
1.35754E-05
1.35427E-05
1.35079E-05
1.34729E-05
1.34394E-05
1.3404E-05
1.337E-05
1.33327E-05
1.33E-05
1.32652E-05
1.32327E-05
1.31948E-05
1.31604E-05
1.31273E-05
1.30921E-05
1.30587E-05
1.30227E-05
1.29892E-05
1.29521E-05
1.29177E-05
1.2885E-05
1.28527E-05
1.28146E-05
1.27796E-05
1.27454E-05
1.27133E-05
1.26756E-05
1.26429E-05
1.26094E-05
1.25748E-05
1.25402E-05
1.25052E-05
1.24702E-05
1.24344E-05
1.24002E-05
1.23681E-05
1.23321E-05
1.22973E-05
1.22621E-05
1.22248E-05
1.21927E-05
1.21579E-05
1.21215E-05
1.20871E-05
1.20531E-05
1.20204E-05
1.1985E-05
1.19515E-05
1.19171E-05
1.18808E-05
1.18454E-05
1.18129E-05
1.17775E-05
1.17427E-05
1.17077E-05
1.16731E-05
1.16396E-05
1.16029E-05
1.15735E-05
1.15369E-05
1.14998E-05
1.14673E-05
1.14317E-05
1.13977E-05
1.13619E-05
1.13275E-05
1.12919E-05
1.12579E-05
1.12248E-05
1.11894E-05
1.11552E-05
1.11206E-05
1.10869E-05
1.10525E-05
1.1016E-05
1.09821E-05
1.09506E-05
1.09158E-05
1.08796E-05
1.08419E-05
1.08073E-05
1.07746E-05
1.07427E-05
1.07058E-05
1.06725E-05
1.06352E-05
1.06021E-05
1.05679E-05
1.05331E-05
1.04996E-05
1.04646E-05
1.04298E-05
1.0395E-05
1.036E-05
1.03271E-05
1.02906E-05
1.02579E-05
1.02223E-05
1.01869E-05
1.01517E-05
1.01179E-05
1.00821E-05
1.00508E-05
1.00148E-05
9.9802E-06
9.9454E-06
9.9102E-06
9.8779E-06
9.8435E-06
9.8077E-06
9.7729E-06
9.7394E-06
9.705E-06
9.6706E-06
9.6352E-06
9.5992E-06
9.5648E-06
9.5296E-06
9.4973E-06
9.4627E-06
9.4275E-06
9.3929E-06
9.3598E-06
9.3258E-06
9.2896E-06
9.2542E-06
9.22E-06
9.1852E-06
9.149E-06
9.1177E-06
9.0808E-06
9.0446E-06
9.0123E-06
8.9779E-06
8.9427E-06
8.9088E-06
8.8721E-06
8.8398E-06
8.8019E-06
8.7673E-06
8.7358E-06
8.6998E-06
8.6681E-06
8.6313E-06
8.5962E-06
8.5621E-06
8.5304E-06
8.4946E-06
8.4573E-06
8.4244E-06
8.3867E-06
8.355E-06
8.3204E-06
8.2854E-06
8.2521E-06
8.2165E-06
8.1821E-06
8.1477E-06
8.1158E-06
8.0785E-06
8.0452E-06
8.0106E-06
7.9754E-06
7.9394E-06
7.9048E-06
7.87E-06
7.8381E-06
7.8042E-06
7.7665E-06
7.7329E-06
7.7008E-06
7.6646E-06
7.6273E-06
7.5952E-06
7.5602E-06
7.5252E-06
7.4927E-06
7.4587E-06
7.4217E-06
7.3894E-06
7.3521E-06
7.3185E-06
7.2825E-06
7.2504E-06
7.2154E-06
7.1827E-06
7.1444E-06
7.1123E-06
7.075E-06
7.0433E-06
7.0083E-06
6.9752E-06
6.9375E-06
6.905E-06
6.8698E-06
6.8352E-06
6.7975E-06
6.765E-06
6.73E-06
6.6973E-06
6.6602E-06
6.6271E-06
6.5927E-06
6.5577E-06
6.5229E-06
6.4898E-06
6.4548E-06
6.4212E-06
6.3856E-06
6.3533E-06
6.3175E-06
6.28E-06
6.2475E-06
6.2125E-06
6.1798E-06
6.1435E-06
6.1083E-06
6.0754E-06
6.0402E-06
6.0075E-06
5.9694E-06
5.9352E-06
5.8996E-06
5.8648E-06
5.8325E-06
5.7965E-06
5.7604E-06
5.7298E-06
5.6921E-06
5.6581E-06
5.6231E-06
5.59E-06
5.5546E-06
5.5206E-06
5.4856E-06
5.4508E-06
5.4177E-06
5.3858E-06
5.35E-06
5.3123E-06
5.28E-06
5.244E-06
5.2102E-06
5.1771E-06
5.1425E-06
5.1044E-06
5.0721E-06
5.034E-06
4.9998E-06
4.9675E-06
4.935E-06
4.8998E-06
4.8621E-06
4.8308E-06
4.795E-06
4.7575E-06
4.7254E-06
4.6923E-06
4.6579E-06
4.6221E-06
4.5865E-06
4.55E-06
4.5175E-06
4.4827E-06
4.4473E-06
4.415E-06
4.3792E-06
4.3448E-06
4.3133E-06
4.2771E-06
4.2427E-06
4.2071E-06
4.1715E-06
4.1365E-06
4.1031E-06
4.0671E-06
4.035E-06
4E-06
3.9654E-06
3.9329E-06
3.8977E-06
3.8598E-06
3.8275E-06
3.7927E-06
3.7577E-06
3.7252E-06
3.6877E-06
3.6552E-06
3.6202E-06
3.5877E-06
3.5506E-06
3.5177E-06
3.4852E-06
3.4469E-06
3.4123E-06
3.3781E-06
3.3446E-06
3.3112E-06
3.274E-06
3.2404E-06
3.2046E-06
3.1723E-06
3.1377E-06
3.1027E-06
3.0675E-06
3.0317E-06
2.9996E-06
2.9619E-06
2.9308E-06
2.8925E-06
2.8608E-06
2.8252E-06
2.7892E-06
2.7571E-06
2.7212E-06
2.6871E-06
2.6529E-06
2.6171E-06
2.5821E-06
2.5473E-06
2.5152E-06
2.4802E-06
2.4469E-06
2.4094E-06
2.3779E-06
2.3404E-06
2.3075E-06
2.2694E-06
2.2381E-06
2.2019E-06
2.1671E-06
2.1325E-06
2.0998E-06
2.0648E-06
2.0323E-06
1.9962E-06
1.9619E-06
1.9277E-06
1.8925E-06
1.859E-06
1.8248E-06
1.7894E-06
1.7544E-06
1.7185E-06
1.6831E-06
1.6498E-06
1.6169E-06
1.581E-06
1.5444E-06
1.5133E-06
1.4769E-06
1.4454E-06
1.4075E-06
1.3721E-06
1.3402E-06
1.3052E-06
1.2698E-06
1.2367E-06
1.201E-06
1.1673E-06
1.1335E-06
1.0969E-06
1.065E-06
1.0302E-06
9.94E-07
9.602E-07
9.25E-07
8.892E-07
8.567E-07
8.198E-07
7.854E-07
7.496E-07
7.169E-07
6.79E-07
6.479E-07
6.123E-07
5.771E-07
5.419E-07
5.075E-07
4.75E-07
4.388E-07
4.05E-07
3.694E-07
3.354E-07
3.021E-07
2.665E-07
2.346E-07
2.031E-07
1.729E-07
1.458E-07
1.125E-07
9.04E-08
6.29E-08
4.29E-08
2.04E-08
-7.9E-09
-2.48E-08
-4.19E-08
-5.94E-08
-7.5E-08
-8.75E-08
-1E-07
-1.1E-07
-1.177E-07
-1.294E-07
-1.371E-07
-1.448E-07
-1.498E-07
-1.581E-07
-1.625E-07
-1.673E-07
-1.723E-07
-1.756E-07
-1.773E-07
-1.827E-07
-1.831E-07
-1.877E-07
-1.881E-07
-1.902E-07
-1.925E-07
-1.958E-07
-1.954E-07
-1.954E-07
-1.958E-07
-1.971E-07
-1.977E-07
-1.985E-07
-1.998E-07
-1.971E-07
-2E-07
-2.004E-07
-1.996E-07
-2.008E-07
-2.004E-07
-2.006E-07
-1.952E-07
-1.981E-07
-1.967E-07
-1.996E-07
-1.969E-07
-1.975E-07
-1.973E-07
-1.998E-07
-1.977E-07
-1.983E-07
-1.979E-07
-1.981E-07
-1.954E-07
-1.925E-07
-1.923E-07
-1.925E-07
-1.888E-07
-1.931E-07
-1.923E-07
-1.904E-07
-1.9E-07
-1.879E-07
-1.877E-07
-1.873E-07
-1.9E-07
-1.875E-07
-1.854E-07
-1.842E-07
-1.854E-07
-1.85E-07
-1.827E-07
-1.852E-07
-1.831E-07
-1.827E-07
-1.823E-07
-1.81E-07
-1.819E-07
-1.798E-07
-1.81E-07
-1.798E-07
-1.75E-07
-1.779E-07
-1.773E-07
-1.758E-07
-1.752E-07
-1.75E-07
-1.752E-07
-1.748E-07
-1.746E-07
-1.729E-07
-1.727E-07
-1.706E-07
-1.706E-07
-1.717E-07
-1.723E-07
-1.694E-07
-1.7E-07
-1.698E-07
-1.704E-07
-1.671E-07
-1.704E-07
-1.677E-07
-1.671E-07
-1.675E-07
-1.681E-07
-1.698E-07
-1.673E-07
-1.673E-07
-1.646E-07
-1.665E-07
-1.673E-07
-1.656E-07
-1.687E-07
-1.644E-07
-1.648E-07
-1.685E-07
-1.65E-07
-1.623E-07
-1.644E-07
-1.658E-07
-1.629E-07
-1.617E-07
-1.627E-07
-1.625E-07
-1.621E-07
-1.608E-07
-1.629E-07
-1.606E-07
-1.602E-07
-1.6E-07
-1.608E-07
-1.583E-07
-1.592E-07
-1.567E-07
-1.575E-07
-1.575E-07
-1.571E-07
-1.581E-07
-1.581E-07
-1.544E-07
-1.546E-07
-1.552E-07
-1.552E-07
-1.556E-07
-1.527E-07
-1.554E-07
-1.508E-07
-1.521E-07
-1.525E-07
-1.523E-07
-1.498E-07
-1.519E-07
-1.533E-07
-1.529E-07
-1.496E-07
-1.506E-07
-1.5E-07
-1.5E-07
-1.494E-07
-1.473E-07
-1.471E-07
-1.481E-07
-1.479E-07
-1.481E-07
-1.473E-07
-1.473E-07
-1.481E-07
-1.483E-07
-1.444E-07
-1.45E-07
-1.465E-07
-1.45E-07
-1.454E-07
-1.444E-07
-1.456E-07
-1.419E-07
-1.456E-07
-1.456E-07
-1.427E-07
-1.423E-07
-1.433E-07
-1.402E-07
-1.429E-07
-1.396E-07
-1.415E-07
-1.4E-07
-1.396E-07
-1.396E-07
-1.375E-07
-1.379E-07
-1.4E-07
-1.377E-07
-1.381E-07
-1.375E-07
-1.369E-07
-1.377E-07
-1.381E-07
-1.356E-07
-1.35E-07
-1.35E-07
-1.348E-07
-1.352E-07
-1.358E-07
-1.333E-07
-1.342E-07
-1.344E-07
-1.327E-07
-1.325E-07
-1.327E-07
-1.323E-07
-1.298E-07
-1.304E-07
-1.321E-07
-1.327E-07
-1.304E-07
-1.306E-07
-1.3E-07
-1.298E-07
-1.288E-07
-1.3E-07
-1.298E-07
-1.271E-07
-1.306E-07
-1.306E-07
-1.279E-07
-1.275E-07
-1.265E-07
-1.275E-07
-1.281E-07
-1.285E-07
-1.273E-07
-1.271E-07
-1.248E-07
-1.256E-07
-1.246E-07
-1.252E-07
-1.248E-07
-1.24E-07
-1.248E-07
-1.25E-07
-1.233E-07
-1.254E-07
-1.248E-07
-1.248E-07
-1.227E-07
-1.221E-07
-1.19E-07
-1.204E-07
-1.204E-07
-1.231E-07
-1.196E-07
-1.221E-07
-1.196E-07
-1.202E-07
-1.192E-07
-1.202E-07
-1.198E-07
-1.212E-07
-1.179E-07
-1.198E-07
-1.169E-07
-1.175E-07
-1.167E-07
-1.173E-07
-1.175E-07
-1.16E-07
-1.181E-07
-1.148E-07
-1.152E-07
-1.15E-07
-1.15E-07
-1.15E-07
-1.148E-07
-1.15E-07
-1.15E-07
-1.154E-07
-1.129E-07
-1.125E-07
-1.117E-07
-1.094E-07
-1.119E-07
-1.1E-07
-1.121E-07
-1.121E-07
-1.096E-07
-1.098E-07
-1.119E-07
-1.131E-07
-1.102E-07
-1.1E-07
-1.1E-07
-1.106E-07
-1.096E-07
-1.085E-07
-1.079E-07
-1.077E-07
-1.073E-07
-1.073E-07
-1.075E-07
-1.073E-07
-1.046E-07
-1.077E-07
-1.058E-07
-1.067E-07
-1.054E-07
-1.052E-07
-1.048E-07
-1.048E-07
-1.05E-07
-1.046E-07
-1.025E-07
-1.044E-07
-1.054E-07
-1.044E-07
-1.054E-07
-1.027E-07
-1.013E-07
-1.027E-07
-1.021E-07
-1.021E-07
-1.033E-07
-1.023E-07
-9.96E-08
-9.75E-08
-1.021E-07
-1.006E-07
-1E-07
-9.94E-08
-9.98E-08
-1.006E-07
-9.98E-08
-9.81E-08
-9.94E-08
-1.004E-07
-9.75E-08
-9.65E-08
-9.83E-08
-9.81E-08
-9.5E-08
-9.69E-08
-9.85E-08
-9.5E-08
-9.54E-08
-9.56E-08
-9.67E-08
-9.58E-08
-9.54E-08
-9.48E-08
-9.52E-08
-9.46E-08
-9.5E-08
-9.75E-08
-9.23E-08
-9.29E-08
-9.52E-08
-9.54E-08
-9.25E-08
-9.27E-08
-9.29E-08
-9.25E-08
-9.27E-08
-8.98E-08
-9.02E-08
-9.29E-08
-8.94E-08
-9E-08
-9.02E-08
-9.08E-08
-8.96E-08
-9.06E-08
-8.94E-08
-9.21E-08
-8.98E-08
-8.94E-08
-8.79E-08
-8.77E-08
-8.77E-08
-9E-08
-8.79E-08
-8.85E-08
-8.81E-08
-8.73E-08
-8.85E-08
-8.46E-08
-8.38E-08
-8.75E-08
-8.79E-08
-8.44E-08
-8.44E-08
-8.52E-08
-8.15E-08
-8.69E-08
-8.54E-08
-8.5E-08
-8.58E-08
-8.5E-08
-8.29E-08
-8.46E-08
-8.31E-08
-8.4E-08
-8.52E-08
-8.21E-08
-8.17E-08
-8.27E-08
-8.25E-08
-8.29E-08
-8.21E-08
-8.19E-08
-8.21E-08
-8.13E-08
-7.96E-08
-7.96E-08
-8.21E-08
-8.21E-08
-8.04E-08
-8.04E-08
-8.15E-08
-8.04E-08
-8.02E-08
-8.02E-08
-8E-08
-7.98E-08
-8.08E-08
-7.71E-08
-7.65E-08
-7.79E-08
-7.79E-08
-8E-08
-7.79E-08
-7.73E-08
-7.73E-08
-7.75E-08
-7.79E-08
-7.75E-08
-7.62E-08
-7.94E-08
-7.5E-08
-7.77E-08
-7.54E-08
-7.65E-08
-7.79E-08
-7.54E-08
-7.5E-08
-7.5E-08
-7.62E-08
-7.5E-08
-7.6E-08
-7.31E-08
-7.17E-08
-7.27E-08
-7.4E-08
-7.54E-08
-7.46E-08
-7.29E-08
-7.17E-08
-6.92E-08
-7.46E-08
-7.02E-08
-7.21E-08
-7.15E-08
-7.29E-08
-7.31E-08
-7.25E-08
-7.23E-08
-7.21E-08
-6.98E-08
-6.96E-08
-6.9E-08
-6.94E-08
-6.88E-08
-6.94E-08
-7.23E-08
-7.02E-08
-7.02E-08
-6.96E-08
-7E-08
-7E-08
-6.71E-08
-6.65E-08
-6.63E-08
-6.69E-08
-6.96E-08
-6.67E-08
-6.73E-08
-6.75E-08
-6.6E-08
-6.71E-08
-6.75E-08
-6.85E-08
-6.69E-08
-6.85E-08
-6.67E-08
-6.5E-08
-6.67E-08
-6.48E-08
-6.5E-08
-6.81E-08
-6.81E-08
-6.77E-08
-6.54E-08
-6.75E-08
-6.54E-08
-6.5E-08
-6.48E-08
-6.52E-08
-6.33E-08
-6.17E-08
-6.27E-08
-6.38E-08
-6.29E-08
-6.35E-08
-6E-08
-6.21E-08
-6.33E-08
-6.25E-08
-6.25E-08
-6.35E-08
-6.23E-08
-6.21E-08
-6.25E-08
-5.98E-08
-5.96E-08
-6.27E-08
-6.31E-08
-5.94E-08
-6.1E-08
-6E-08
-6.23E-08
-5.98E-08
-5.73E-08
-5.96E-08
-6.04E-08
-5.81E-08
-5.77E-08
-5.65E-08
-5.77E-08
-5.73E-08
-5.96E-08
-5.73E-08
-5.71E-08
-5.73E-08
-5.75E-08
-5.81E-08
-5.71E-08
-5.46E-08
-5.54E-08
-5.48E-08
-5.67E-08
-5.52E-08
-5.52E-08
-5.27E-08
-5.44E-08
-5.23E-08
-5.56E-08
-5.58E-08
-5.21E-08
-5.13E-08
-5.52E-08
-5.27E-08
-5.19E-08
-5.23E-08
-5.33E-08
-5.08E-08
-5.31E-08
-5.27E-08
-5.02E-08
-4.98E-08
-5.12E-08
-4.96E-08
-5E-08
-4.98E-08
-5E-08
-5E-08
-4.98E-08
-5.08E-08
-5.02E-08
-5E-08
-4.98E-08
-5.06E-08
-4.71E-08
-4.81E-08
-4.79E-08
-4.75E-08
-4.75E-08
-4.75E-08
-4.73E-08
-4.73E-08
-4.56E-08
-4.56E-08
-4.73E-08
-4.54E-08
-4.48E-08
-4.79E-08
-4.77E-08
-4.52E-08
-4.52E-08
-4.4E-08
-4.48E-08
-4.48E-08
-4.46E-08
-4.21E-08
-4.19E-08
-4.54E-08
-4.23E-08
-4.54E-08
-4.52E-08
-4.44E-08
-4.21E-08
-4.21E-08
-4.31E-08
-4.31E-08
-4.29E-08
-4.08E-08
-4.19E-08
-4.19E-08
-4.08E-08
-4.17E-08
-3.96E-08
-4.02E-08
-3.92E-08
-4E-08
-4.37E-08
-4.02E-08
-4.02E-08
-3.94E-08
-4E-08
-3.98E-08
-3.75E-08
-3.79E-08
-4.04E-08
-3.83E-08
-3.79E-08
-3.65E-08
-3.79E-08
-3.63E-08
-4E-08
-3.75E-08
-3.75E-08
-3.73E-08
-3.75E-08
-3.71E-08
-3.79E-08
-3.58E-08
-3.67E-08
-3.69E-08
-3.6E-08
-3.63E-08
-3.5E-08
-3.69E-08
-3.81E-08
-3.67E-08
-3.81E-08
-3.77E-08
-3.83E-08
-3.81E-08
-3.5E-08
-3.42E-08
-3.52E-08
-3.75E-08
-3.52E-08
-3.38E-08
-3.58E-08
-3.19E-08
-3.46E-08
-3.48E-08
-3.31E-08
-3.31E-08
-3.48E-08
-3.27E-08
-3.52E-08
-3.27E-08
-3.33E-08
-3.37E-08
-3.15E-08
-3.23E-08
-3.35E-08
-3.25E-08
-3.23E-08
-3.33E-08
-3.23E-08
-3.23E-08
-2.94E-08
-3.17E-08
-3.04E-08
-3.02E-08
-2.94E-08
-3.04E-08
-2.92E-08
-2.96E-08
-2.96E-08
-3.23E-08
-3.19E-08
-3.02E-08
-3.02E-08
-2.96E-08
-2.98E-08
-3E-08
-2.98E-08
-3.02E-08
-2.94E-08
-3.02E-08
-3E-08
-3.08E-08
-2.83E-08
-2.96E-08
-3E-08
-2.96E-08
-2.83E-08
-2.94E-08
-2.83E-08
-2.69E-08
-3.04E-08
-2.92E-08
-2.71E-08
-2.65E-08
-3.04E-08
-3.04E-08
-2.96E-08
-2.94E-08
-3.04E-08
-2.77E-08
-2.67E-08
-2.67E-08
-2.77E-08
-3.02E-08
-2.79E-08
-2.73E-08
-2.81E-08
-3.02E-08
-2.79E-08
-2.71E-08
-2.87E-08
-2.81E-08
-2.83E-08
-2.77E-08
-2.56E-08
-2.42E-08
-2.5E-08
-2.44E-08
-2.48E-08
-2.48E-08
-2.75E-08
-2.5E-08
-2.44E-08
-2.54E-08
-2.6E-08
-2.48E-08
-2.21E-08
-2.31E-08
-2.44E-08
-2.56E-08
-2.6E-08
-2.19E-08
-2.54E-08
-2.5E-08
-2.29E-08
-2.29E-08
-2.21E-08
-2.21E-08
-2.35E-08
-2.33E-08
-2.06E-08
-2.02E-08
-2.04E-08
-2.15E-08
-2.04E-08
-2.02E-08
-2.19E-08
-2.02E-08
-2.25E-08
-2.02E-08
-2E-08
-2E-08
-2.02E-08
-2E-08
-1.75E-08
-2.06E-08
-1.96E-08
-2E-08
-2.1E-08
-2E-08
-2.06E-08
-1.96E-08
-2.04E-08
-1.69E-08
-1.79E-08
-2.02E-08
-1.77E-08
-1.73E-08
-1.75E-08
-1.75E-08
-1.73E-08
-1.75E-08
-1.6E-08
-1.81E-08
-1.48E-08
-1.5E-08
-1.52E-08
-1.87E-08
-1.56E-08
-1.54E-08
-1.67E-08
-1.56E-08
-1.4E-08
-1.48E-08
-1.48E-08
-1.46E-08
-1.42E-08
-1.54E-08
-1.58E-08
-1.71E-08
-1.52E-08
-1.42E-08
-1.52E-08
-1.56E-08
-1.56E-08
-1.6E-08
-1.06E-08
-1.46E-08
-1.29E-08
-1.5E-08
-1.52E-08
-1.29E-08
-1.5E-08
-1.29E-08
-1.21E-08
-1.23E-08
-1.02E-08
-7.5E-09
-1.06E-08
-9.8E-09
-1E-08
-7.5E-09
-9.4E-09
-7.7E-09
-7.7E-09
-7.7E-09
-9.6E-09
-7.7E-09
-7.3E-09
-6.7E-09
-7.5E-09
-8.5E-09
-7.5E-09
-7.7E-09
-1.02E-08
-7.5E-09
-8.5E-09
-7.5E-09
-7.3E-09
-7.5E-09
-7.5E-09
-7.3E-09
-7.1E-09
-8.3E-09
-7.5E-09
-7.3E-09
-7.1E-09
-5E-09
-6.9E-09
-7.1E-09
-7.7E-09
-7.5E-09
-7.3E-09
-7.5E-09
-7.1E-09
-4.8E-09
-4.6E-09
-6.9E-09
-8.3E-09
-8.3E-09
-8.5E-09
-8.3E-09
-8.3E-09
-8.3E-09
-5E-09
-5E-09
-7.5E-09
-7.9E-09
-7.5E-09
-5E-09
-5E-09
4.6E-09
4.6E-09
4.6E-09
8.5E-09
5E-09
7.1E-09
7.3E-09
4.6E-09
4.8E-09
5E-09
5.8E-09
5E-09
4.8E-09
5.8E-09
7.9E-09
4.6E-09
7.5E-09
4.8E-09
5E-09
6E-09
4.6E-09
7.5E-09
4.8E-09
5.2E-09
4.8E-09
5E-09
5E-09
5E-09
4.8E-09
8.3E-09
4.8E-09
4.8E-09
7.3E-09
5E-09
5E-09
4.8E-09
5E-09
7.7E-09
5E-09
4.4E-09
5.4E-09
6.5E-09
7.9E-09
6.7E-09
7.7E-09
5.4E-09
7.5E-09
6.7E-09
8.5E-09
6.9E-09
7.7E-09
7.9E-09
7.5E-09
6.5E-09
6.9E-09
7.9E-09
6.9E-09
7.9E-09
6.9E-09
9.4E-09
7.5E-09
1.04E-08
9.8E-09
7.1E-09
9.8E-09
9.6E-09
9.6E-09
1E-08
1.02E-08
7.7E-09
1.04E-08
1.06E-08
1.02E-08
9.8E-09
1.02E-08
1.19E-08
1.21E-08
9E-09
1.23E-08
1.19E-08
1.23E-08
1.19E-08
1.06E-08
1.27E-08
1.27E-08
1.29E-08
1.27E-08
1.17E-08
1.29E-08
1.17E-08
1.54E-08
1.21E-08
1.23E-08
1.31E-08
1.6E-08
1.6E-08
1.48E-08
1.46E-08
1.4E-08
1.48E-08
1.75E-08
1.46E-08
1.44E-08
1.67E-08
1.71E-08
1.62E-08
1.79E-08
1.75E-08
1.67E-08
1.85E-08
1.77E-08
1.75E-08
1.79E-08
1.67E-08
1.79E-08
1.67E-08
1.71E-08
1.71E-08
1.81E-08
1.85E-08
2.04E-08
2.12E-08
1.98E-08
1.96E-08
1.98E-08
2E-08
2E-08
2.02E-08
2.04E-08
1.94E-08
2E-08
2E-08
1.79E-08
2.02E-08
2.04E-08
1.94E-08
1.71E-08
2.06E-08
2.04E-08
2.02E-08
2.04E-08
2.04E-08
2.04E-08
2.04E-08
1.98E-08
2.06E-08
2.21E-08
1.96E-08
2.27E-08
2.17E-08
2.27E-08
2.31E-08
2.23E-08
2.19E-08
2.58E-08
2.23E-08
2.54E-08
2.44E-08
2.25E-08
2.52E-08
2.4E-08
2.52E-08
2.54E-08
2.5E-08
2.44E-08
2.44E-08
2.73E-08
2.48E-08
2.6E-08
2.75E-08
2.75E-08
2.79E-08
2.77E-08
2.79E-08
2.81E-08
2.81E-08
3E-08
3.02E-08
3E-08
3E-08
3.12E-08
3.04E-08
2.9E-08
3.08E-08
3.02E-08
3.06E-08
2.92E-08
3.21E-08
3.02E-08
3.23E-08
2.94E-08
3.21E-08
3.25E-08
3E-08
3.25E-08
2.92E-08
3E-08
3.29E-08
3E-08
3.25E-08
3.17E-08
3.25E-08
3.31E-08
3.21E-08
3.29E-08
3.31E-08
3.17E-08
3.21E-08
3.23E-08
3.23E-08
3.48E-08
3.46E-08
3.15E-08
3.48E-08
3.48E-08
3.27E-08
3.52E-08
3.5E-08
3.52E-08
3.17E-08
3.56E-08
3.27E-08
3.54E-08
3.17E-08
3.5E-08
3.44E-08
3.58E-08
3.46E-08
3.54E-08
3.5E-08
3.52E-08
3.52E-08
3.56E-08
3.58E-08
3.79E-08
3.62E-08
3.58E-08
3.77E-08
3.44E-08
3.54E-08
3.42E-08
3.44E-08
3.79E-08
3.48E-08
3.52E-08
3.71E-08
4.02E-08
3.71E-08
3.81E-08
3.96E-08
3.73E-08
3.71E-08
3.98E-08
3.75E-08
4.02E-08
3.92E-08
4.27E-08
4.08E-08
3.71E-08
4.29E-08
4E-08
4.23E-08
4.31E-08
4.19E-08
3.94E-08
4.25E-08
4.29E-08
3.94E-08
4.27E-08
4.5E-08
4.21E-08
4.27E-08
4.29E-08
4.46E-08
4.35E-08
4.5E-08
4.25E-08
4.29E-08
4.21E-08
4.46E-08
4.48E-08
4.25E-08
4.23E-08
4.52E-08
4.4E-08
4.29E-08
4.5E-08
4.42E-08
4.52E-08
4.29E-08
4.77E-08
4.58E-08
4.42E-08
4.46E-08
4.44E-08
4.46E-08
4.54E-08
4.48E-08
4.77E-08
4.48E-08
4.48E-08
4.54E-08
4.54E-08
4.71E-08
4.48E-08
4.48E-08
4.71E-08
4.75E-08
4.48E-08
4.56E-08
4.48E-08
4.75E-08
4.54E-08
4.75E-08
4.77E-08
4.77E-08
4.77E-08
4.81E-08
4.71E-08
5.06E-08
4.73E-08
5.06E-08
4.77E-08
4.69E-08
5.02E-08
4.85E-08
4.73E-08
5.04E-08
4.81E-08
4.73E-08
4.73E-08
4.79E-08
5.06E-08
4.85E-08
4.73E-08
4.75E-08
5.02E-08
4.94E-08
4.75E-08
5.02E-08
4.96E-08
5.02E-08
4.96E-08
5E-08
4.96E-08
4.94E-08
4.98E-08
4.94E-08
5.04E-08
5.04E-08
5.06E-08
5.33E-08
5.06E-08
5.04E-08
4.98E-08
4.92E-08
5.23E-08
4.98E-08
5E-08
4.92E-08
5.06E-08
4.94E-08
5.23E-08
4.9E-08
5.23E-08
5.27E-08
5.37E-08
5.02E-08
5.06E-08
5.35E-08
5.27E-08
5.27E-08
5.25E-08
5.19E-08
5.25E-08
5.31E-08
5.23E-08
5.12E-08
5.04E-08
5.06E-08
5.02E-08
5E-08
5.27E-08
5.25E-08
4.71E-08
5.04E-08
4.96E-08
5.15E-08
5.02E-08
5.04E-08
5.02E-08
5E-08
5.21E-08
4.96E-08
5.04E-08
4.94E-08
5.35E-08
4.96E-08
5.29E-08
5.37E-08
5E-08
5.31E-08
5.21E-08
4.98E-08
5.25E-08
4.94E-08
4.98E-08
5E-08
5.06E-08
5.04E-08
5.06E-08
4.96E-08
4.98E-08
5.04E-08
5.06E-08
5.08E-08
5.19E-08
4.71E-08
5.06E-08
5.1E-08
5.31E-08
4.94E-08
4.96E-08
5.04E-08
5E-08
5.04E-08
5.04E-08
5.23E-08
5.08E-08
5.04E-08
4.94E-08
4.96E-08
5.04E-08
5E-08
4.9E-08
5E-08
4.94E-08
5E-08
4.65E-08
4.96E-08
4.94E-08
4.77E-08
5.04E-08
4.96E-08
4.71E-08
5.02E-08
4.94E-08
5.02E-08
5.04E-08
5.06E-08
5.06E-08
5.04E-08
4.77E-08
5.02E-08
5.06E-08
4.81E-08
5.08E-08
5.02E-08
4.73E-08
5.04E-08
4.71E-08
5E-08
4.98E-08
5.02E-08
5E-08
4.9E-08
4.79E-08
4.81E-08
5E-08
4.96E-08
4.73E-08
4.83E-08
4.96E-08
4.75E-08
4.98E-08
4.71E-08
4.73E-08
4.73E-08
5.08E-08
4.73E-08
4.96E-08
5.1E-08
4.75E-08
4.75E-08
5.1E-08
5.1E-08
5E-08
4.96E-08
4.98E-08
4.85E-08
4.77E-08
4.75E-08
4.67E-08
4.85E-08
4.54E-08
5.04E-08
4.83E-08
4.83E-08
4.71E-08
4.98E-08
4.69E-08
5.06E-08
5.06E-08
4.46E-08
4.81E-08
4.83E-08
5.04E-08
4.46E-08
4.54E-08
4.77E-08
4.75E-08
4.48E-08
4.79E-08
4.75E-08
4.5E-08
4.75E-08
4.75E-08
4.4E-08
4.71E-08
4.75E-08
4.73E-08
4.56E-08
4.75E-08
4.73E-08
4.75E-08
4.48E-08
4.79E-08
4.54E-08
4.5E-08
4.42E-08
4.52E-08
4.58E-08
4.44E-08
4.44E-08
4.5E-08
4.42E-08
4.4E-08
4.52E-08
4.42E-08
4.48E-08
4.44E-08
4.48E-08
4.5E-08
4.27E-08
4.25E-08
4.5E-08
4.5E-08
4.46E-08
4.23E-08
4.29E-08
4.54E-08
4.52E-08
4.23E-08
4.31E-08
4.31E-08
4.21E-08
4.46E-08
4.21E-08
4.31E-08
4.29E-08
4.17E-08
4.23E-08
4.17E-08
4.5E-08
4.37E-08
4.44E-08
4.21E-08
4.25E-08
4.19E-08
4.33E-08
4.21E-08
4.31E-08
4.17E-08
4.31E-08
4.21E-08
4.46E-08
4.19E-08
4E-08
4.31E-08
4.04E-08
4.25E-08
4.27E-08
4.04E-08
4.25E-08
3.9E-08
4.25E-08
3.96E-08
3.96E-08
4.29E-08
3.9E-08
3.98E-08
4.06E-08
4.31E-08
3.96E-08
4.02E-08
3.94E-08
4.29E-08
4.08E-08
3.75E-08
4.04E-08
3.69E-08
4E-08
4.12E-08
3.77E-08
3.73E-08
3.81E-08
3.75E-08
3.75E-08
4E-08
4.02E-08
3.77E-08
3.83E-08
4.06E-08
3.81E-08
3.63E-08
3.77E-08
3.67E-08
3.71E-08
3.69E-08
3.65E-08
3.54E-08
3.79E-08
3.77E-08
3.79E-08
3.75E-08
3.6E-08
3.48E-08
3.42E-08
3.46E-08
3.58E-08
3.48E-08
3.56E-08
3.46E-08
3.56E-08
3.52E-08
3.54E-08
3.4E-08
3.52E-08
3.52E-08
3.42E-08
3.29E-08
3.6E-08
3.23E-08
3.54E-08
3.38E-08
3.25E-08
3.5E-08
3.15E-08
3.23E-08
3.6E-08
3.46E-08
3.35E-08
3.23E-08
3.23E-08
3.29E-08
3.21E-08
3.21E-08
3.17E-08
3.31E-08
3.31E-08
3.19E-08
3.15E-08
3.06E-08
3.27E-08
3.19E-08
3.15E-08
3.29E-08
3.31E-08
3.27E-08
3.23E-08
3.02E-08
3.06E-08
2.96E-08
3.23E-08
3.12E-08
2.96E-08
3.27E-08
2.98E-08
3.21E-08
3.1E-08
3.21E-08
2.96E-08
2.96E-08
3.06E-08
3.29E-08
2.83E-08
3.02E-08
3.06E-08
2.75E-08
3.02E-08
3.04E-08
3E-08
3.02E-08
3.02E-08
2.94E-08
2.9E-08
3.08E-08
2.96E-08
2.73E-08
2.98E-08
3E-08
3.02E-08
3E-08
2.73E-08
2.75E-08
2.94E-08
3.08E-08
2.48E-08
2.79E-08
2.73E-08
2.96E-08
2.85E-08
2.69E-08
2.81E-08
2.65E-08
2.75E-08
2.81E-08
2.77E-08
2.79E-08
2.67E-08
2.79E-08
2.52E-08
2.52E-08
2.44E-08
2.44E-08
2.54E-08
2.48E-08
2.48E-08
2.48E-08
2.42E-08
2.54E-08
2.5E-08
2.52E-08
2.44E-08
2.48E-08
2.4E-08
2.46E-08
2.54E-08
2.52E-08
2.19E-08
2.48E-08
2.46E-08
2.4E-08
2.15E-08
2.29E-08
2.29E-08
2.23E-08
2.46E-08
2.37E-08
2.44E-08
2.21E-08
1.98E-08
2.48E-08
2.31E-08
2.19E-08
2.02E-08
2.25E-08
2.15E-08
1.98E-08
2E-08
2.33E-08
1.98E-08
2.19E-08
2E-08
2.29E-08
1.94E-08
1.94E-08
1.92E-08
1.96E-08
1.96E-08
2.02E-08
2.04E-08
1.94E-08
1.88E-08
2.02E-08
1.83E-08
2E-08
1.77E-08
1.75E-08
1.73E-08
1.73E-08
1.77E-08
1.79E-08
1.73E-08
1.77E-08
1.79E-08
1.96E-08
1.83E-08
1.79E-08
1.73E-08
1.79E-08
1.52E-08
1.58E-08
1.73E-08
1.71E-08
1.62E-08
1.75E-08
1.44E-08
1.44E-08
1.56E-08
1.44E-08
1.48E-08
1.54E-08
1.56E-08
1.71E-08
1.44E-08
1.77E-08
1.48E-08
1.46E-08
1.56E-08
1.23E-08
1.52E-08
1.44E-08
1.25E-08
1.23E-08
1.5E-08
1.21E-08
1.21E-08
1.29E-08
1.31E-08
1.23E-08
1.29E-08
1.33E-08
9.8E-09
1.29E-08
1.21E-08
1.13E-08
1.25E-08
1E-08
1E-08
1.23E-08
1.33E-08
1.35E-08
1.21E-08
9.6E-09
9.6E-09
9.6E-09
1.06E-08
9.4E-09
9.4E-09
1.04E-08
9.2E-09
1.12E-08
1.02E-08
9.4E-09
1.02E-08
1E-08
1.21E-08
1.08E-08
1E-08
9.8E-09
1.1E-08
7.9E-09
7.3E-09
8.1E-09
7.3E-09
8.1E-09
9.6E-09
1.02E-08
7.3E-09
7.3E-09
9.4E-09
8.3E-09
6.9E-09
1.04E-08
7.5E-09
6.5E-09
7.9E-09
6.9E-09
8.3E-09
7.9E-09
7.9E-09
7.5E-09
8.3E-09
7.9E-09
5.6E-09
4.8E-09
7.5E-09
5.4E-09
7.9E-09
8.3E-09
5E-09
4E-09
5.2E-09
7.5E-09
6.2E-09
4.8E-09
5E-09
6E-09
6E-09
4.6E-09
4.8E-09
7.1E-09
7.1E-09
8.1E-09
-7.5E-09
5.6E-09
-5E-09
4.4E-09
-8.1E-09
-5E-09
8.3E-09
-6.7E-09
-4.6E-09
-8.1E-09
-5.6E-09
-8.1E-09
-7.1E-09
-4.4E-09
-8.1E-09
-7.3E-09
-7.3E-09
-4.4E-09
-6.7E-09
-7.3E-09
-8.3E-09
-7.1E-09
-8.5E-09
-7.3E-09
-7.3E-09
-8.3E-09
-8.5E-09
-7.3E-09
-7.3E-09
-7.1E-09
-7.1E-09
-7.5E-09
-7.7E-09
-6.3E-09
-9.6E-09
-7.5E-09
-7.5E-09
-6.5E-09
-7.9E-09
-8.5E-09
-7.5E-09
-7.9E-09
-8.1E-09
-7.3E-09
-7.5E-09
-7.5E-09
-4.6E-09
-9.8E-09
-7.7E-09
-7.7E-09
-9.8E-09
-1E-08
-7.9E-09
-7.7E-09
-7.7E-09
-7.9E-09
-7.9E-09
-7.9E-09
-8.5E-09
-8.5E-09
-7.9E-09
-1.02E-08
-7.9E-09
-7.5E-09
-7.7E-09
-1.02E-08
-7.5E-09
-1.02E-08
-9.4E-09
-8.1E-09
-6.7E-09
-9.2E-09
-9.6E-09
-9.8E-09
-7.7E-09
-7.7E-09
-1.04E-08
-1E-08
-8.1E-09
-7.1E-09
-7.7E-09
-6.7E-09
-1.02E-08
-7.3E-09
-9.2E-09
-7.3E-09
-1E-08
-7.9E-09
-9.6E-09
-7.1E-09
-7.7E-09
-7.9E-09
-6.7E-09
-7.5E-09
-7.5E-09
-7.5E-09
-6.3E-09
-8.1E-09
-6.5E-09
-6.9E-09
-1E-08
-1.02E-08
-1.04E-08
-1E-08
-9.8E-09
-9.8E-09
-7.5E-09
-1.02E-08
-1E-08
-1.06E-08
-1.25E-08
-1.04E-08
-7.9E-09
-6.7E-09
-1.02E-08
-1E-08
-1.02E-08
-6.7E-09
-1.29E-08
-7.7E-09
-1.06E-08
-1.02E-08
-1E-08
-1.02E-08
-9.8E-09
-1E-08
-1E-08
-1.02E-08
-8.3E-09
-1.06E-08
-1.06E-08
-8.3E-09
-6.5E-09
-6.7E-09
-8.1E-09
-8.1E-09
-9.6E-09
-7.7E-09
-1.17E-08
-1.25E-08
-1E-08
-9.2E-09
-1E-08
-1E-08
-9.8E-09
-7.5E-09
-1.04E-08
-9.6E-09
-1.1E-08
-1.04E-08
-9.8E-09
-1.1E-08
-8.8E-09
-1.02E-08
-9.4E-09
-9.8E-09
-1.02E-08
-1E-08
-7.9E-09
-9.2E-09
-9E-09
-6.7E-09
-9.2E-09
-7.1E-09
-9.2E-09
-7.1E-09
-9.4E-09
-1.06E-08
-1.02E-08
-1E-08
-9.8E-09
-1E-08
-1.25E-08
-9.6E-09
-1.31E-08
-9.8E-09
-1.25E-08
-7.1E-09
-9.4E-09
-1.35E-08
-1.25E-08
-1.04E-08
-1.35E-08
-1.23E-08
-1.31E-08
-8.8E-09
-1.21E-08
-1.02E-08
-1.17E-08
-1.33E-08
-1.27E-08
-1.21E-08
-9.6E-09
-1.29E-08
-1.29E-08
-1.23E-08
-1.21E-08
-1.02E-08
-1.25E-08
-9E-09
-1.37E-08
-1.31E-08
-1.21E-08
-1.23E-08
-1.25E-08
-1.25E-08
-1.31E-08
-9.6E-09
-9.8E-09
-1.23E-08
-1.21E-08
-1.31E-08
-1.06E-08
-1.06E-08
-1.21E-08
-1.21E-08
-1.02E-08
-1.08E-08
-6.7E-09
-1.19E-08
-1.17E-08
-1.02E-08
-1.06E-08
-1.15E-08
-1.02E-08
-1.27E-08
-1E-08
-1.04E-08
-7.5E-09
-1.06E-08
-9E-09
-9.8E-09
-9.6E-09
-1E-08
-9.4E-09
-7.5E-09
-1.06E-08
-1E-08
-8.5E-09
-9.4E-09
-1.1E-08
-7.1E-09
-7.7E-09
-9.6E-09
-8.1E-09
-6.3E-09
-7.7E-09
-1E-08
-1.12E-08
-8.5E-09
-9.4E-09
-9.4E-09
-8.1E-09
-1.02E-08
-7.7E-09
-1E-08
-7.7E-09
-7.3E-09
-9.2E-09
-1.02E-08
-8.1E-09
-7.5E-09
-7.7E-09
-7.9E-09
-6.3E-09
-7.7E-09
-7.5E-09
-7.3E-09
-8.5E-09
-5.8E-09
-6.9E-09
-7.5E-09
-7.3E-09
-7.1E-09
-7.1E-09
-8.1E-09
-7.3E-09
-6E-09
-4.6E-09
-7.1E-09
-7.5E-09
-7.1E-09
-5E-09
-6.9E-09
-4.6E-09
-8.1E-09
-8.1E-09
-7.1E-09
-7.5E-09
-7.9E-09
-4.6E-09
-6.7E-09
-7.5E-09
-7.5E-09
5.4E-09
5.8E-09
7.1E-09
-7.5E-09
7.1E-09
4.6E-09
4.8E-09
4.6E-09
4.6E-09
4.6E-09
4.6E-09
4.6E-09
4.8E-09
4.6E-09
5E-09
7.5E-09
7.3E-09
4.6E-09
5E-09
4.6E-09
4.6E-09
4.6E-09
4.8E-09
5E-09
3.8E-09
5.8E-09
7.5E-09
7.3E-09
4.6E-09
4.8E-09
6.5E-09
5.8E-09
5.6E-09
7.5E-09
7.5E-09
7.5E-09
7.9E-09
6.7E-09
8.1E-09
7.3E-09
9.6E-09
8.5E-09
8.5E-09
9.8E-09
9.8E-09
9.8E-09
1E-08
9E-09
9.2E-09
1.04E-08
1.19E-08
1.33E-08
1.02E-08
9.6E-09
1.25E-08
1.23E-08
1.23E-08
9.8E-09
1E-08
1.25E-08
1.25E-08
9E-09
1.06E-08
1.21E-08
1.25E-08
1.15E-08
1.27E-08
1.17E-08
1.33E-08
1.23E-08
1.29E-08
1.58E-08
1.52E-08
1.19E-08
1.33E-08
1.54E-08
1.52E-08
1.25E-08
1.46E-08
1.73E-08
1.58E-08
1.46E-08
1.58E-08
1.44E-08
1.23E-08
1.52E-08
1.54E-08
1.46E-08
1.54E-08
1.54E-08
1.69E-08
1.4E-08
1.54E-08
1.71E-08
1.75E-08
1.75E-08
1.54E-08
1.79E-08
1.67E-08
1.77E-08
1.75E-08
1.71E-08
1.69E-08
1.96E-08
1.87E-08
1.92E-08
1.9E-08
1.96E-08
2.04E-08
2.02E-08
1.77E-08
2.04E-08
2.02E-08
2.15E-08
1.94E-08
2.1E-08
1.98E-08
1.94E-08
1.94E-08
2.08E-08
2.27E-08
2.27E-08
2.25E-08
2.46E-08
2.06E-08
2.31E-08
2.35E-08
2.31E-08
2.21E-08
2.46E-08
2.54E-08
2.46E-08
2.44E-08
2.42E-08
2.17E-08
2.52E-08
2.25E-08
2.81E-08
2.5E-08
2.56E-08
2.73E-08
2.5E-08
2.46E-08
2.79E-08
2.71E-08
2.71E-08
3.08E-08
3.08E-08
2.71E-08
2.73E-08
3.08E-08
2.73E-08
2.85E-08
2.81E-08
3.06E-08
3.02E-08
3.12E-08
2.98E-08
2.9E-08
3.04E-08
3.04E-08
3.04E-08
2.94E-08
3.23E-08
3.21E-08
3E-08
3.33E-08
2.98E-08
3.23E-08
3.29E-08
3.27E-08
3.13E-08
3.17E-08
3.29E-08
3.46E-08
3.35E-08
3.21E-08
3.56E-08
3.23E-08
3.54E-08
3.19E-08
3.48E-08
3.42E-08
3.23E-08
3.48E-08
3.6E-08
3.15E-08
3.25E-08
3.52E-08
3.56E-08
3.4E-08
3.67E-08
3.46E-08
3.42E-08
3.5E-08
3.54E-08
3.54E-08
3.5E-08
3.5E-08
3.52E-08
3.75E-08
3.75E-08
3.56E-08
3.83E-08
3.75E-08
3.5E-08
3.79E-08
4.08E-08
3.73E-08
3.81E-08
4.04E-08
3.96E-08
3.83E-08
3.71E-08
3.98E-08
3.87E-08
3.96E-08
4E-08
3.94E-08
3.94E-08
3.65E-08
4.04E-08
4.04E-08
4.02E-08
3.94E-08
4.06E-08
3.96E-08
3.94E-08
4.21E-08
4.27E-08
4.23E-08
4.21E-08
4.15E-08
4.08E-08
4.29E-08
4.31E-08
4.44E-08
4.44E-08
4.48E-08
4.31E-08
4.54E-08
4.21E-08
4.5E-08
4.62E-08
4.21E-08
4.5E-08
4.27E-08
4.5E-08
4.4E-08
4.54E-08
4.54E-08
4.23E-08
4.5E-08
4.5E-08
4.56E-08
4.25E-08
4.54E-08
4.5E-08
4.52E-08
4.42E-08
4.54E-08
4.4E-08
4.46E-08
4.44E-08
4.29E-08
4.54E-08
4.44E-08
4.52E-08
4.56E-08
4.44E-08
4.44E-08
4.48E-08
4.54E-08
4.75E-08
4.63E-08
4.5E-08
4.46E-08
4.46E-08
4.75E-08
4.77E-08
4.81E-08
4.48E-08
4.52E-08
4.75E-08
4.77E-08
4.69E-08
4.75E-08
4.65E-08
4.85E-08
4.83E-08
5E-08
4.71E-08
4.79E-08
5E-08
4.96E-08
4.65E-08
4.69E-08
5.06E-08
4.63E-08
4.73E-08
4.69E-08
4.71E-08
5E-08
5.04E-08
4.75E-08
4.98E-08
5.1E-08
5E-08
5E-08
4.65E-08
4.98E-08
4.77E-08
5.02E-08
5.19E-08
4.83E-08
4.98E-08
5.08E-08
4.98E-08
5.02E-08
5.06E-08
5.06E-08
4.79E-08
5.02E-08
5.04E-08
5.23E-08
5E-08
4.96E-08
4.98E-08
4.94E-08
5.19E-08
5.25E-08
4.88E-08
5.04E-08
5.23E-08
5.23E-08
5.29E-08
5.23E-08
5.27E-08
5.17E-08
5.25E-08
5.04E-08
5.23E-08
5.25E-08
5.27E-08
5.19E-08
5.23E-08
5.23E-08
5.19E-08
5.54E-08
5.08E-08
5.06E-08
5.56E-08
5.33E-08
5.31E-08
5.13E-08
5.42E-08
5.23E-08
5.23E-08
5.27E-08
5.19E-08
5.08E-08
5.29E-08
5.27E-08
5.46E-08
5.21E-08
5.33E-08
5.23E-08
5.19E-08
5.33E-08
5.48E-08
5.46E-08
5.31E-08
5.23E-08
5.23E-08
5.31E-08
5.6E-08
5.48E-08
5.48E-08
5.27E-08
5.29E-08
5.5E-08
5.5E-08
5.54E-08
5.4E-08
5.23E-08
5.46E-08
5.56E-08
5.5E-08
5.29E-08
5.46E-08
5.52E-08
5.4E-08
5.52E-08
5.56E-08
5.42E-08
5.25E-08
5.48E-08
5.52E-08
5.56E-08
5.46E-08
5.44E-08
5.48E-08
5.25E-08
5.25E-08
5.27E-08
5.5E-08
5.5E-08
5.5E-08
5.52E-08
5.52E-08
5.54E-08
5.25E-08
5.31E-08
5.5E-08
5.42E-08
5.42E-08
5.42E-08
5.48E-08
5.27E-08
5.5E-08
5.5E-08
5.5E-08
5.42E-08
5.31E-08
5.48E-08
5.48E-08
5.33E-08
5.25E-08
5.5E-08
5.52E-08
5.42E-08
5.15E-08
5.54E-08
5.31E-08
5.52E-08
5.46E-08
5.5E-08
5.4E-08
5.52E-08
5.42E-08
5.56E-08
5.48E-08
5.52E-08
5.44E-08
5.5E-08
5.42E-08
5.48E-08
5.48E-08
5.44E-08
5.81E-08
5.56E-08
5.44E-08
5.46E-08
5.52E-08
5.56E-08
5.46E-08
5.44E-08
5.46E-08
5.29E-08
5.54E-08
5.42E-08
5.44E-08
5.44E-08
5.46E-08
5.58E-08
5.54E-08
5.29E-08
5.25E-08
5.54E-08
5.42E-08
5.52E-08
5.77E-08
5.58E-08
5.4E-08
5.46E-08
5.44E-08
5.42E-08
5.5E-08
5.25E-08
5.52E-08
5.54E-08
5.44E-08
5.52E-08
5.5E-08
5.54E-08
5.5E-08
5.71E-08
5.6E-08
5.52E-08
5.48E-08
5.44E-08
5.38E-08
5.79E-08
5.44E-08
5.42E-08
5.71E-08
5.46E-08
5.44E-08
5.54E-08
5.54E-08
5.77E-08
5.46E-08
5.38E-08
5.54E-08
5.52E-08
5.65E-08
5.6E-08
5.52E-08
5.5E-08
5.54E-08
5.5E-08
5.44E-08
5.79E-08
5.58E-08
5.77E-08
5.58E-08
5.5E-08
5.52E-08
5.58E-08
5.5E-08
5.27E-08
5.5E-08
5.54E-08
5.56E-08
5.38E-08
5.52E-08
5.54E-08
5.54E-08
5.48E-08
5.46E-08
5.5E-08
5.52E-08
5.42E-08
5.58E-08
5.5E-08
5.17E-08
5.33E-08
5.48E-08
5.52E-08
5.27E-08
5.5E-08
5.27E-08
5.48E-08
5.48E-08
5.37E-08
5.25E-08
5.52E-08
5.25E-08
5.23E-08
5.27E-08
5.48E-08
5.25E-08
5.31E-08
5.44E-08
5.52E-08
5.31E-08
5.48E-08
5.35E-08
5.46E-08
5.31E-08
5.17E-08
5.27E-08
5.31E-08
5.42E-08
5.25E-08
5.29E-08
5.33E-08
5.23E-08
5.21E-08
5.29E-08
5.29E-08
5.23E-08
5.21E-08
5.54E-08
5.56E-08
5.5E-08
5.35E-08
5.19E-08
5.23E-08
5.44E-08
5.21E-08
5.42E-08
5.25E-08
5.25E-08
5.21E-08
4.94E-08
5.29E-08
5.25E-08
5.48E-08
5.25E-08
5.23E-08
5.23E-08
5.46E-08
5.23E-08
5.44E-08
5.35E-08
5.46E-08
5.23E-08
5.31E-08
5.42E-08
5.33E-08
5.54E-08
5.5E-08
5.46E-08
5.37E-08
5.33E-08
5.29E-08
5.29E-08
5.23E-08
5.25E-08
5.19E-08
5.29E-08
5.19E-08
5.29E-08
5.21E-08
5.23E-08
5.48E-08
5.23E-08
5.25E-08
5.21E-08
5.19E-08
5.46E-08
5.23E-08
5.35E-08
5.29E-08
5.29E-08
5.19E-08
5.17E-08
5.19E-08
5.21E-08
5.21E-08
5.21E-08
5.17E-08
5.15E-08
4.9E-08
5.29E-08
5.23E-08
5.52E-08
5.35E-08
5.29E-08
5.42E-08
5.19E-08
5.33E-08
5.19E-08
5.19E-08
5.23E-08
5.17E-08
5.44E-08
5.35E-08
5.31E-08
5.29E-08
5.48E-08
5.08E-08
5.08E-08
5.23E-08
5.27E-08
5.21E-08
4.88E-08
5E-08
5.21E-08
4.9E-08
5.21E-08
4.98E-08
5.25E-08
4.94E-08
5.23E-08
5.08E-08
4.98E-08
5E-08
5.02E-08
5.29E-08
5.35E-08
4.96E-08
4.96E-08
4.96E-08
4.94E-08
5.33E-08
4.96E-08
4.96E-08
4.98E-08
5.08E-08
4.94E-08
5.23E-08
4.98E-08
5.31E-08
5E-08
5.02E-08
5.08E-08
4.98E-08
4.98E-08
5.04E-08
5.06E-08
5.04E-08
4.79E-08
5.02E-08
4.96E-08
4.94E-08
5.04E-08
5.29E-08
4.96E-08
4.96E-08
5.02E-08
4.79E-08
4.73E-08
4.77E-08
5E-08
4.81E-08
5.02E-08
4.98E-08
4.9E-08
5.04E-08
5.04E-08
4.77E-08
4.77E-08
5E-08
5.1E-08
4.77E-08
4.73E-08
5.1E-08
5.1E-08
4.73E-08
4.92E-08
4.77E-08
5.08E-08
4.71E-08
4.71E-08
5E-08
4.77E-08
4.65E-08
4.98E-08
4.87E-08
4.77E-08
4.81E-08
4.48E-08
4.79E-08
4.96E-08
4.71E-08
4.71E-08
5.1E-08
4.71E-08
4.71E-08
4.69E-08
4.73E-08
4.69E-08
4.83E-08
4.73E-08
4.96E-08
4.77E-08
4.81E-08
4.94E-08
4.73E-08
5.04E-08
4.83E-08
5.04E-08
4.96E-08
4.75E-08
5E-08
4.98E-08
5E-08
5E-08
4.92E-08
4.79E-08
4.75E-08
4.81E-08
5E-08
4.98E-08
4.73E-08
5.04E-08
4.98E-08
4.98E-08
5.02E-08
4.65E-08
4.96E-08
4.73E-08
5.08E-08
4.77E-08
4.96E-08
4.87E-08
4.98E-08
4.73E-08
5.02E-08
4.98E-08
4.98E-08
5.06E-08
5.04E-08
4.77E-08
4.73E-08
4.98E-08
5.06E-08
4.92E-08
4.73E-08
4.71E-08
4.77E-08
4.98E-08
5.04E-08
4.94E-08
5E-08
4.79E-08
4.79E-08
5.1E-08
4.9E-08
4.73E-08
4.98E-08
5.08E-08
5E-08
4.77E-08
4.98E-08
4.98E-08
4.73E-08
4.73E-08
4.77E-08
4.83E-08
4.85E-08
4.81E-08
4.77E-08
4.83E-08
4.81E-08
4.73E-08
4.81E-08
4.52E-08
4.79E-08
4.77E-08
4.75E-08
4.69E-08
4.71E-08
4.65E-08
4.67E-08
4.67E-08
4.75E-08
4.75E-08
4.5E-08
4.73E-08
4.79E-08
4.52E-08
4.46E-08
4.75E-08
4.77E-08
4.73E-08
4.71E-08
4.73E-08
4.71E-08
4.65E-08
4.87E-08
4.71E-08
4.6E-08
4.77E-08
4.75E-08
4.56E-08
4.44E-08
4.48E-08
4.48E-08
4.44E-08
4.71E-08
4.83E-08
4.6E-08
4.56E-08
4.44E-08
4.73E-08
4.23E-08
4.54E-08
4.46E-08
4.44E-08
4.67E-08
4.58E-08
4.31E-08
4.54E-08
4.48E-08
4.54E-08
4.4E-08
4.48E-08
4.67E-08
4.38E-08
4.48E-08
4.58E-08
4.79E-08
4.46E-08
4.5E-08
4.44E-08
4.46E-08
4.81E-08
4.44E-08
4.44E-08
4.79E-08
4.5E-08
4.6E-08
4.48E-08
4.54E-08
4.46E-08
4.52E-08
4.65E-08
4.58E-08
4.54E-08
4.31E-08
4.5E-08
4.25E-08
4.46E-08
4.27E-08
4.56E-08
4.38E-08
4.52E-08
4.5E-08
4.31E-08
4.25E-08
4.48E-08
4.52E-08
4.21E-08
4.25E-08
4.21E-08
4.35E-08
4.25E-08
4.27E-08
4.25E-08
4.33E-08
4.23E-08
4.33E-08
4.44E-08
4.21E-08
4.23E-08
4.17E-08
4.33E-08
4.21E-08
4.27E-08
4.27E-08
4.33E-08
4.19E-08
4.19E-08
4.31E-08
4.23E-08
3.94E-08
4.29E-08
4.4E-08
4.21E-08
4.21E-08
4.04E-08
4.29E-08
4.29E-08
4.29E-08
4.33E-08
4.31E-08
4.33E-08
4.58E-08
4.21E-08
4.27E-08
4.27E-08
4.19E-08
4.29E-08
4.27E-08
4.27E-08
4.21E-08
4.27E-08
4.23E-08
4.19E-08
4.37E-08
5.8E-09
4.31E-08
4.13E-08
4.15E-08
4.06E-08
4.27E-08
3.9E-08
4.25E-08
4.25E-08
4.19E-08
4.27E-08
4.23E-08
4.13E-08
3.94E-08
4.23E-08
4.19E-08
4.1E-08
4.25E-08
3.98E-08
4.29E-08
4.25E-08
4.23E-08
4.06E-08
4.31E-08
3.94E-08
4.25E-08
4.25E-08
4.27E-08
4.29E-08
3.96E-08
4E-08
3.98E-08
3.96E-08
4E-08
4.21E-08
4.27E-08
4.25E-08
4.17E-08
4.25E-08
4.21E-08
3.94E-08
4.08E-08
4.29E-08
3.98E-08
4.23E-08
4E-08
4.06E-08
4.04E-08
4.06E-08
4.02E-08
4.02E-08
4.02E-08
4.04E-08
3.94E-08
3.94E-08
3.69E-08
4.02E-08
4E-08
3.98E-08
4.04E-08
3.67E-08
4E-08
3.75E-08
3.98E-08
4E-08
3.73E-08
3.79E-08
3.67E-08
3.96E-08
3.71E-08
3.71E-08
3.81E-08
3.69E-08
3.67E-08
3.73E-08
3.83E-08
3.77E-08
3.44E-08
3.81E-08
3.5E-08
3.73E-08
3.69E-08
3.77E-08
3.69E-08
3.58E-08
3.5E-08
3.5E-08
3.46E-08
3.73E-08
3.62E-08
3.48E-08
3.52E-08
3.42E-08
3.46E-08
3.42E-08
3.56E-08
3.4E-08
3.54E-08
3.56E-08
3.21E-08
3.54E-08
3.44E-08
3.56E-08
3.5E-08
3.56E-08
3.38E-08
3.52E-08
3.25E-08
3.21E-08
3.25E-08
3.5E-08
3.48E-08
3.44E-08
3.52E-08
3.19E-08
3.19E-08
3.6E-08
3.13E-08
3.35E-08
3.31E-08
3.46E-08
3.48E-08
3.48E-08
3.23E-08
3.46E-08
3.46E-08
3.19E-08
3.27E-08
3.21E-08
3.17E-08
3.35E-08
3.08E-08
3.27E-08
3.29E-08
3.04E-08
3E-08
3.25E-08
3.25E-08
3.23E-08
3E-08
3.21E-08
3.25E-08
2.98E-08
2.98E-08
2.98E-08
2.98E-08
2.98E-08
2.96E-08
2.94E-08
3.06E-08
2.96E-08
3.31E-08
3.08E-08
3.06E-08
2.94E-08
2.94E-08
3.08E-08
2.83E-08
3.04E-08
3.02E-08
3.02E-08
2.94E-08
3.06E-08
3.02E-08
2.98E-08
3.04E-08
2.67E-08
3.04E-08
2.77E-08
3.04E-08
2.75E-08
2.75E-08
2.69E-08
2.71E-08
2.81E-08
2.71E-08
2.73E-08
2.46E-08
3.06E-08
2.85E-08
2.71E-08
3.04E-08
2.81E-08
2.46E-08
2.75E-08
2.81E-08
2.5E-08
2.46E-08
2.79E-08
2.42E-08
2.73E-08
2.73E-08
2.77E-08
2.4E-08
2.46E-08
2.77E-08
2.48E-08
2.5E-08
2.58E-08
2.42E-08
2.48E-08
2.46E-08
2.42E-08
2.52E-08
2.44E-08
2.5E-08
2.81E-08
2.56E-08
2.54E-08
2.54E-08
2.46E-08
2.48E-08
2.6E-08
2.54E-08
2.5E-08
2.37E-08
2.46E-08
2.54E-08
2.5E-08
2.27E-08
2.56E-08
2.48E-08
2.52E-08
2.33E-08
2.46E-08
2.25E-08
2.44E-08
2.23E-08
2.25E-08
2.48E-08
2.29E-08
2.19E-08
2.5E-08
2.35E-08
2.15E-08
2.5E-08
2.48E-08
2.37E-08
2.23E-08
2.19E-08
2.33E-08
2.21E-08
2.33E-08
2.15E-08
2.29E-08
1.96E-08
2.29E-08
2.17E-08
2.17E-08
1.98E-08
2.23E-08
2.23E-08
2.27E-08
2.19E-08
2.08E-08
2.02E-08
2.02E-08
1.98E-08
1.96E-08
1.98E-08
2.25E-08
2E-08
1.94E-08
2.23E-08
2E-08
1.94E-08
1.94E-08
2.17E-08
2.1E-08
2.04E-08
1.96E-08
2.08E-08
2.23E-08
2.12E-08
2.06E-08
1.94E-08
1.98E-08
2.1E-08
2.02E-08
2.1E-08
2.06E-08
1.75E-08
1.75E-08
2.08E-08
1.96E-08
1.73E-08
2.06E-08
2.12E-08
1.77E-08
1.96E-08
1.77E-08
1.69E-08
1.75E-08
1.5E-08
2.02E-08
1.81E-08
1.67E-08
1.63E-08
1.52E-08
1.52E-08
1.73E-08
1.46E-08
1.77E-08
1.73E-08
1.42E-08
1.71E-08
1.81E-08
1.46E-08
1.75E-08
1.85E-08
1.5E-08
1.42E-08
1.44E-08
1.58E-08
1.56E-08
1.15E-08
1.5E-08
1.46E-08
1.29E-08
1.48E-08
1.44E-08
1.42E-08
1.56E-08
1.52E-08
1.23E-08
1.54E-08
1.23E-08
1.46E-08
1.48E-08
1.25E-08
1.29E-08
1.35E-08
1.19E-08
1.25E-08
1.19E-08
1.29E-08
1.19E-08
1.27E-08
1.29E-08
1.17E-08
1.31E-08
1.4E-08
1.21E-08
1.27E-08
1.17E-08
1.17E-08
1.25E-08
1.25E-08
1.23E-08
1.17E-08
1.19E-08
1.27E-08
1.02E-08
1.23E-08
1.02E-08
1.27E-08
1.17E-08
1.25E-08
1.25E-08
1.35E-08
9.2E-09
1E-08
1.25E-08
1.23E-08
1.23E-08
1.35E-08
1.13E-08
1.23E-08
1.15E-08
1.12E-08
1.04E-08
1.08E-08
1.08E-08
9.6E-09
1.17E-08
9.8E-09
1.08E-08
9.6E-09
9.4E-09
1.19E-08
9.4E-09
1.04E-08
1.04E-08
9E-09
9E-09
1.02E-08
9.4E-09
9.4E-09
1.04E-08
9.4E-09
1.08E-08
9.2E-09
1.04E-08
7.5E-09
1.02E-08
7.7E-09
1E-08
1.02E-08
7.9E-09
1.1E-08
7.9E-09
1E-08
7.1E-09
6.9E-09
1E-08
7.1E-09
7.1E-09
7.5E-09
6.9E-09
7.9E-09
7.1E-09
8.3E-09
7.1E-09
7.7E-09
5.4E-09
7.7E-09
6.9E-09
5.6E-09
5.6E-09
5.2E-09
7.7E-09
7.3E-09
6.7E-09
5E-09
5E-09
5.4E-09
7.9E-09
8.7E-09
6.2E-09
3.8E-09
4.8E-09
4.8E-09
5.2E-09
4.8E-09
5.4E-09
4.8E-09
7.5E-09
6E-09
4.6E-09
5E-09
6E-09
4.6E-09
7.1E-09
4.8E-09
6.9E-09
4.8E-09
5E-09
5E-09
4.6E-09
6E-09
4.8E-09
4.8E-09
7.1E-09
4.6E-09
4.6E-09
5.8E-09
-5E-09
5.8E-09
4.4E-09
6E-09
-7.5E-09
7.9E-09
-5E-09
-8.1E-09
-4.4E-09
-7.5E-09
5.4E-09
-4.2E-09
-7.5E-09
-4.6E-09
-7.5E-09
-7.9E-09
-4.6E-09
-7.5E-09
-5E-09
-8.1E-09
-5E-09
-4.2E-09
-7.5E-09
-7.9E-09
-5E-09
-6.7E-09
-8.3E-09
-8.1E-09
-4.6E-09
-7.5E-09
-8.1E-09
-4.4E-09
-5E-09
-4.4E-09
-4.2E-09
-5E-09
-5.6E-09
-8.1E-09
-8.3E-09
-8.1E-09
-8.1E-09
-5.8E-09
-8.1E-09
-8.3E-09
-8.1E-09
-7.5E-09
-8.3E-09
-7.1E-09
-8.3E-09
-7.3E-09
-8.5E-09
-8.5E-09
-6E-09
-6.7E-09
-7.1E-09
-7.3E-09
-7.3E-09
-7.3E-09
-7.5E-09
-7.3E-09
-7.1E-09
-7.3E-09
-7.1E-09
-7.7E-09
-7.5E-09
-7.3E-09
-7.5E-09
-7.5E-09
-7.7E-09
-8.3E-09
-5.2E-09
-7.1E-09
-7.3E-09
-7.3E-09
-7.7E-09
-7.3E-09
-9.6E-09
-1.02E-08
-7.7E-09
-7.3E-09
-1E-08
-7.7E-09
-7.7E-09
-1.06E-08
-8.1E-09
-1.02E-08
-1.04E-08
-8.1E-09
-8.1E-09
-1E-08
-7.1E-09
-7.5E-09
-7.5E-09
-1E-08
-1.04E-08
-1.04E-08
-1.04E-08
-7.1E-09
-7.7E-09
-6.7E-09
-6.7E-09
-1.06E-08
-1E-08
-9.8E-09
-7.5E-09
-1.04E-08
-1E-08
-8.3E-09
-1.17E-08
-1.06E-08
-1E-08
-1.15E-08
-1.33E-08
-1E-08
-1.23E-08
-1.27E-08
-9.8E-09
-1.25E-08
-1.33E-08
-1.21E-08
-1.5E-08
-1.25E-08
-1.27E-08
-1.52E-08
-1.44E-08
-1.46E-08
-1.48E-08
-1.21E-08
-1.56E-08
-1.23E-08
-1.19E-08
-1.42E-08
-1.42E-08
-1.6E-08
-1.58E-08
-1.77E-08
-1.54E-08
-1.5E-08
-1.56E-08
-1.52E-08
-1.54E-08
-1.54E-08
-1.54E-08
-1.73E-08
-1.48E-08
-1.73E-08
-1.77E-08
-1.54E-08
-1.46E-08
-1.75E-08
-1.56E-08
-1.63E-08
-1.52E-08
-1.46E-08
-1.5E-08
-1.54E-08
-1.38E-08
-1.44E-08
-1.42E-08
-1.6E-08
-1.23E-08
-1.42E-08
-1.6E-08
-1.54E-08
-1.46E-08
-1.38E-08
-1.46E-08
-1.46E-08
-1.58E-08
-1.5E-08
-1.58E-08
-1.56E-08
-1.6E-08
-1.46E-08
-1.77E-08
-1.52E-08
-1.62E-08
-1.5E-08
-1.54E-08
-1.46E-08
-1.23E-08
-1.44E-08
-1.5E-08
-1.23E-08
-1.44E-08
-1.4E-08
-1.73E-08
-1.75E-08
-1.54E-08
-1.75E-08
-1.54E-08
-1.48E-08
-1.5E-08
-1.5E-08
-1.5E-08
-1.67E-08
-1.54E-08
-1.5E-08
-1.65E-08
-1.44E-08
-1.73E-08
-1.48E-08
-1.69E-08
-1.71E-08
-1.48E-08
-1.44E-08
-1.67E-08
-1.73E-08
-1.56E-08
-1.81E-08
-1.69E-08
-1.5E-08
-1.81E-08
-1.46E-08
-1.81E-08
-1.54E-08
-1.75E-08
-1.77E-08
-1.73E-08
-1.81E-08
-1.58E-08
-1.52E-08
-1.71E-08
-1.79E-08
-1.58E-08
-1.42E-08
-1.52E-08
-1.42E-08
-1.73E-08
-1.69E-08
-1.46E-08
-1.4E-08
-1.54E-08
-1.44E-08
-1.87E-08
-1.75E-08
-1.48E-08
-1.73E-08
-1.54E-08
-1.75E-08
-1.81E-08
-1.54E-08
-1.65E-08
-1.58E-08
-1.63E-08
-1.56E-08
-1.54E-08
-1.69E-08
-1.81E-08
-1.79E-08
-1.79E-08
-1.81E-08
-1.77E-08
-1.77E-08
-1.75E-08
-1.58E-08
-1.56E-08
-1.81E-08
-1.81E-08
-1.73E-08
-1.77E-08
-1.5E-08
-1.77E-08
-1.83E-08
-1.79E-08
-1.81E-08
-1.83E-08
-1.85E-08
-1.79E-08
-1.54E-08
-1.67E-08
-1.46E-08
-1.54E-08
-1.79E-08
-1.87E-08
-1.83E-08
-1.48E-08
-1.65E-08
-1.83E-08
-1.48E-08
-1.67E-08
-1.46E-08
-1.65E-08
-1.96E-08
-1.48E-08
-1.81E-08
-1.58E-08
-1.75E-08
-1.79E-08
-1.79E-08
-1.52E-08
-1.56E-08
-1.73E-08
-1.79E-08
-1.6E-08
-1.5E-08
-1.56E-08
-1.44E-08
-1.65E-08
-1.48E-08
-1.77E-08
-1.81E-08
-1.71E-08
-1.79E-08
-1.54E-08
-1.54E-08
-1.81E-08
-1.77E-08
-1.75E-08
-1.85E-08
-1.48E-08
-1.77E-08
-1.69E-08
-1.54E-08
-1.69E-08
-1.58E-08
-1.5E-08
-1.46E-08
-1.77E-08
-1.46E-08
-1.79E-08
-1.5E-08
-1.42E-08
-1.6E-08
-1.56E-08
-1.48E-08
-1.48E-08
-1.56E-08
-1.31E-08
-1.44E-08
-1.29E-08
-1.42E-08
-1.48E-08
-1.46E-08
-1.83E-08
-1.27E-08
-1.23E-08
-1.15E-08
-1.5E-08
-9.6E-09
-1.29E-08
-1.21E-08
-1.1E-08
-1.31E-08
-1.46E-08
-1.27E-08
-1.25E-08
-1.54E-08
-1.27E-08
-1E-08
-1.42E-08
-1.44E-08
-1.54E-08
-1.48E-08
-1.06E-08
-1.4E-08
-1.27E-08
-1.06E-08
-1.17E-08
-1.27E-08
-1E-08
-1.17E-08
-1.23E-08
-9.6E-09
-1.17E-08
-1.08E-08
-1.35E-08
-1.04E-08
-1.15E-08
-1.31E-08
-1.02E-08
-6.7E-09
-9.4E-09
-1E-08
-1.02E-08
-1E-08
-1.02E-08
-9.4E-09
-7.9E-09
-7.9E-09
-6.3E-09
-9.2E-09
-1.04E-08
-1.06E-08
-7.7E-09
-7.5E-09
-8.1E-09
-9.2E-09
-7.5E-09
-7.5E-09
-7.5E-09
-7.7E-09
-7.3E-09
-7.7E-09
-7.3E-09
-7.3E-09
-7.5E-09
-7.3E-09
-7.1E-09
-6E-09
-7.1E-09
-5.8E-09
-7.1E-09
-8.3E-09
-7.1E-09
-4.8E-09
-8.1E-09
-4.6E-09
-7.1E-09
-7.1E-09
-8.3E-09
-4.8E-09
-7.1E-09
-6.9E-09
-8.3E-09
-7.3E-09
-7.1E-09
-7.1E-09
-7.1E-09
-8.3E-09
-7.3E-09
-8.5E-09
-7.3E-09
-4.6E-09
-8.1E-09
-8.3E-09
-4.6E-09
-5E-09
-6.7E-09
-7.5E-09
-5E-09
-8.1E-09
-7.5E-09
-5E-09
-4.2E-09
-5E-09
6E-09
-5E-09
7.1E-09
4.8E-09
5.8E-09
4.6E-09
7.3E-09
7.3E-09
4.6E-09
6E-09
7.5E-09
4.8E-09
4.8E-09
5E-09
5E-09
6.2E-09
7.1E-09
4.6E-09
5.2E-09
5E-09
7.3E-09
7.5E-09
6.5E-09
8.1E-09
7.7E-09
6.9E-09
7.7E-09
4.6E-09
8.1E-09
6.7E-09
9.6E-09
8.3E-09
7.1E-09
9.6E-09
7.1E-09
7.1E-09
7.1E-09
9.4E-09
9.6E-09
8.1E-09
1.02E-08
1.02E-08
7.5E-09
1E-08
9.4E-09
9.2E-09
9.4E-09
1.02E-08
1.02E-08
9.8E-09
1.06E-08
9.4E-09
1.06E-08
1.23E-08
1.19E-08
1.08E-08
9.8E-09
1.23E-08
1.21E-08
1.23E-08
1E-08
1.27E-08
1.27E-08
9.4E-09
1.25E-08
1.19E-08
1.04E-08
1.25E-08
1.29E-08
1.23E-08
1.31E-08
1.46E-08
1.23E-08
1.5E-08
1.48E-08
1.56E-08
1.44E-08
1.31E-08
1.5E-08
1.69E-08
1.62E-08
1.5E-08
1.75E-08
1.83E-08
1.54E-08
1.5E-08
1.5E-08
1.54E-08
1.5E-08
1.46E-08
1.71E-08
1.77E-08
1.79E-08
2.02E-08
1.85E-08
1.73E-08
1.73E-08
1.56E-08
2.04E-08
1.83E-08
1.73E-08
1.96E-08
1.73E-08
1.98E-08
1.94E-08
1.96E-08
1.92E-08
2.1E-08
1.98E-08
2.02E-08
2.08E-08
1.94E-08
2.33E-08
2.37E-08
1.98E-08
2E-08
1.98E-08
2.25E-08
2.19E-08
2.19E-08
2E-08
2.29E-08
2.19E-08
2.19E-08
2.25E-08
2.25E-08
2.5E-08
2.25E-08
2.46E-08
2.27E-08
2.6E-08
2.58E-08
2.48E-08
2.46E-08
2.44E-08
2.48E-08
2.77E-08
2.46E-08
2.73E-08
2.48E-08
2.79E-08
2.75E-08
2.6E-08
2.73E-08
2.62E-08
2.73E-08
2.4E-08
2.75E-08
2.79E-08
2.67E-08
2.77E-08
3.04E-08
2.73E-08
2.98E-08
3E-08
2.79E-08
3.02E-08
3.02E-08
2.94E-08
3.31E-08
3.23E-08
3.19E-08
2.94E-08
3.23E-08
3E-08
3.02E-08
3.25E-08
3.25E-08
3.15E-08
3.19E-08
3.48E-08
3.48E-08
3.19E-08
3.27E-08
3.21E-08
3.56E-08
3.54E-08
3.52E-08
3.69E-08
3.44E-08
3.83E-08
3.75E-08
3.73E-08
3.48E-08
3.75E-08
3.67E-08
3.75E-08
3.65E-08
3.79E-08
3.71E-08
3.83E-08
3.73E-08
3.96E-08
3.96E-08
4.02E-08
3.77E-08
4.06E-08
3.92E-08
4.02E-08
3.96E-08
3.94E-08
3.96E-08
4.33E-08
4.04E-08
4.25E-08
4.02E-08
4E-08
4.31E-08
4.25E-08
4.29E-08
4.29E-08
4.29E-08
4.29E-08
4.21E-08
4.19E-08
4.21E-08
4.52E-08
4.48E-08
4.48E-08
4.35E-08
4.58E-08
4.52E-08
4.5E-08
4.42E-08
4.48E-08
4.71E-08
4.46E-08
4.56E-08
4.69E-08
4.71E-08
4.62E-08
4.77E-08
4.73E-08
4.67E-08
4.96E-08
4.73E-08
5.08E-08
5.02E-08
4.67E-08
5.06E-08
4.77E-08
5.04E-08
4.94E-08
5.21E-08
5.33E-08
5E-08
5.27E-08
5.23E-08
5.17E-08
5.25E-08
5.29E-08
5.31E-08
5.58E-08
5.5E-08
5.46E-08
5.17E-08
5.48E-08
5.54E-08
5.44E-08
5.54E-08
5.79E-08
5.62E-08
5.48E-08
5.56E-08
5.44E-08
5.52E-08
5.46E-08
5.52E-08
5.5E-08
6E-08
5.83E-08
5.71E-08
5.73E-08
5.94E-08
5.73E-08
6.06E-08
6.1E-08
5.98E-08
5.75E-08
5.75E-08
6E-08
5.98E-08
6.04E-08
6.29E-08
6.19E-08
6E-08
5.98E-08
6.21E-08
6.25E-08
6.27E-08
6.21E-08
6.04E-08
5.96E-08
6.29E-08
6.17E-08
6.04E-08
6.54E-08
6.37E-08
6.27E-08
6.31E-08
6.21E-08
6.56E-08
6.44E-08
6.23E-08
6.21E-08
6.58E-08
6.21E-08
6.48E-08
6.33E-08
6.5E-08
6.25E-08
6.5E-08
6.52E-08
6.15E-08
6.48E-08
6.54E-08
6.25E-08
6.48E-08
6.54E-08
6.42E-08
6.44E-08
6.48E-08
6.21E-08
6.5E-08
6.56E-08
6.42E-08
6.21E-08
6.81E-08
6.48E-08
6.48E-08
6.46E-08
6.31E-08
7.04E-08
6.85E-08
6.69E-08
6.52E-08
6.56E-08
6.54E-08
6.54E-08
6.5E-08
6.75E-08
6.5E-08
6.46E-08
6.71E-08
6.54E-08
6.73E-08
6.69E-08
6.38E-08
6.75E-08
6.77E-08
6.52E-08
6.73E-08
6.79E-08
6.4E-08
6.75E-08
6.77E-08
6.77E-08
6.77E-08
6.77E-08
6.54E-08
6.77E-08
6.48E-08
6.77E-08
6.71E-08
6.73E-08
6.73E-08
6.71E-08
6.4E-08
6.77E-08
6.71E-08
6.67E-08
6.81E-08
6.69E-08
6.42E-08
6.73E-08
6.52E-08
6.81E-08
6.52E-08
6.79E-08
6.54E-08
6.98E-08
6.83E-08
6.75E-08
6.52E-08
6.75E-08
6.83E-08
6.44E-08
6.73E-08
6.83E-08
6.71E-08
6.75E-08
6.42E-08
6.73E-08
6.67E-08
6.77E-08
6.75E-08
6.52E-08
6.77E-08
6.73E-08
6.69E-08
6.77E-08
6.77E-08
6.79E-08
6.54E-08
6.79E-08
6.87E-08
6.69E-08
6.77E-08
6.77E-08
6.79E-08
6.75E-08
6.77E-08
6.77E-08
6.88E-08
6.69E-08
6.81E-08
6.79E-08
6.67E-08
6.79E-08
6.75E-08
7.02E-08
6.69E-08
6.79E-08
6.81E-08
6.81E-08
7.06E-08
6.96E-08
6.69E-08
6.69E-08
6.71E-08
6.67E-08
6.69E-08
6.75E-08
6.92E-08
6.73E-08
6.58E-08
6.77E-08
6.75E-08
6.79E-08
6.77E-08
6.67E-08
6.81E-08
6.69E-08
6.73E-08
6.71E-08
6.67E-08
6.67E-08
6.71E-08
6.75E-08
6.67E-08
6.73E-08
6.81E-08
6.67E-08
6.69E-08
6.79E-08
6.79E-08
6.48E-08
6.81E-08
6.77E-08
6.75E-08
6.65E-08
6.52E-08
6.52E-08
6.75E-08
6.77E-08
6.69E-08
6.75E-08
6.75E-08
6.79E-08
6.75E-08
6.67E-08
6.75E-08
6.73E-08
6.75E-08
6.77E-08
6.75E-08
6.5E-08
6.75E-08
6.75E-08
6.54E-08
6.73E-08
6.73E-08
6.81E-08
6.65E-08
6.5E-08
6.81E-08
6.75E-08
6.5E-08
6.75E-08
6.46E-08
6.77E-08
6.69E-08
6.87E-08
6.75E-08
6.56E-08
6.48E-08
6.75E-08
6.83E-08
6.5E-08
6.48E-08
6.79E-08
6.73E-08
6.5E-08
6.5E-08
6.81E-08
6.44E-08
6.48E-08
6.21E-08
6.81E-08
6.46E-08
6.54E-08
6.77E-08
6.58E-08
6.42E-08
6.27E-08
6.54E-08
6.42E-08
6.56E-08
6.38E-08
6.27E-08
6.52E-08
6.56E-08
6.25E-08
6.5E-08
6.5E-08
6.48E-08
6.13E-08
6.48E-08
6.48E-08
6.25E-08
6.23E-08
6.23E-08
6.52E-08
6.5E-08
6.33E-08
6.48E-08
6.23E-08
6.56E-08
6.48E-08
6.29E-08
6.21E-08
6.23E-08
6.54E-08
6.35E-08
6.19E-08
6.21E-08
6.33E-08
6.23E-08
6.21E-08
6.17E-08
6.48E-08
6.25E-08
6.21E-08
6.56E-08
6.21E-08
6.56E-08
6.21E-08
6.17E-08
6.27E-08
6.27E-08
6.23E-08
6.31E-08
6.29E-08
6.15E-08
6.54E-08
6.31E-08
6.29E-08
6.27E-08
5.9E-08
6.29E-08
6.27E-08
6.27E-08
6.25E-08
6.23E-08
6.02E-08
6.25E-08
5.98E-08
6.27E-08
6.02E-08
6.31E-08
5.98E-08
6.04E-08
6E-08
6.35E-08
6.29E-08
6.21E-08
6E-08
5.96E-08
6.21E-08
5.96E-08
6.23E-08
6.23E-08
6E-08
6.31E-08
6.35E-08
6E-08
5.94E-08
5.98E-08
6.06E-08
6.06E-08
5.96E-08
6E-08
6.04E-08
5.94E-08
6.04E-08
6.06E-08
6.08E-08
6.06E-08
6.04E-08
5.92E-08
6.04E-08
5.98E-08
6.06E-08
6.06E-08
5.92E-08
5.92E-08
5.98E-08
5.94E-08
5.63E-08
5.96E-08
5.92E-08
6E-08
5.75E-08
5.75E-08
5.98E-08
6E-08
5.85E-08
5.69E-08
5.81E-08
5.67E-08
5.81E-08
5.81E-08
6.08E-08
5.85E-08
5.69E-08
5.79E-08
5.63E-08
5.65E-08
5.69E-08
5.69E-08
5.75E-08
5.75E-08
5.77E-08
5.38E-08
5.75E-08
5.52E-08
5.52E-08
5.77E-08
5.63E-08
5.44E-08
5.75E-08
5.79E-08
5.54E-08
5.6E-08
5.81E-08
5.65E-08
5.75E-08
5.73E-08
5.52E-08
5.5E-08
5.48E-08
5.52E-08
5.54E-08
5.81E-08
5.48E-08
5.5E-08
5.73E-08
5.44E-08
5.52E-08
5.46E-08
5.56E-08
5.52E-08
5.81E-08
5.58E-08
5.27E-08
5.77E-08
5.21E-08
5.54E-08
5.52E-08
5.75E-08
5.31E-08
5.5E-08
5.42E-08
5.27E-08
5.52E-08
5.25E-08
5.5E-08
5.19E-08
5.54E-08
5.17E-08
5.27E-08
5.23E-08
5.35E-08
5.19E-08
5.31E-08
5.23E-08
5.52E-08
5.21E-08
5.25E-08
5.19E-08
5.46E-08
5.37E-08
5.19E-08
5.33E-08
5.21E-08
5.27E-08
5.27E-08
5.15E-08
5.15E-08
5.17E-08
5.19E-08
5.04E-08
5.29E-08
5.19E-08
5.27E-08
5.31E-08
5.29E-08
4.98E-08
5.35E-08
5.23E-08
5.12E-08
5.27E-08
5.25E-08
4.96E-08
5E-08
5.23E-08
4.96E-08
5E-08
5.21E-08
4.94E-08
5.08E-08
5.08E-08
4.98E-08
4.96E-08
4.96E-08
4.98E-08
5.19E-08
4.71E-08
4.77E-08
5.31E-08
4.94E-08
5.21E-08
5.21E-08
5.1E-08
5.06E-08
4.94E-08
4.67E-08
5.04E-08
5.04E-08
5.04E-08
5.19E-08
5.06E-08
4.94E-08
5E-08
4.85E-08
5E-08
5.04E-08
5.04E-08
4.94E-08
4.83E-08
4.83E-08
4.75E-08
4.75E-08
4.98E-08
4.85E-08
4.94E-08
4.69E-08
4.96E-08
5.08E-08
4.75E-08
4.73E-08
4.75E-08
4.77E-08
4.46E-08
4.77E-08
4.79E-08
4.77E-08
4.79E-08
4.54E-08
4.48E-08
4.77E-08
4.65E-08
4.52E-08
4.79E-08
4.75E-08
4.5E-08
4.71E-08
4.87E-08
4.71E-08
4.75E-08
4.46E-08
4.46E-08
4.73E-08
4.5E-08
4.48E-08
4.56E-08
4.79E-08
4.44E-08
4.46E-08
4.54E-08
4.81E-08
4.48E-08
4.54E-08
4.81E-08
4.46E-08
4.31E-08
4.81E-08
4.44E-08
4.54E-08
4.31E-08
4.29E-08
4.25E-08
4.52E-08
4.54E-08
4.52E-08
4.4E-08
4.52E-08
4.56E-08
4.25E-08
4.31E-08
4.46E-08
4.21E-08
4.25E-08
4.25E-08
4.48E-08
4.48E-08
4.33E-08
4.31E-08
4.31E-08
4.27E-08
4.31E-08
4.29E-08
4.31E-08
4.25E-08
4.23E-08
4.54E-08
4.44E-08
4.33E-08
4.29E-08
4.27E-08
4.25E-08
4.19E-08
4.04E-08
4.23E-08
4.27E-08
4.15E-08
4.31E-08
4.25E-08
3.9E-08
4.33E-08
4.06E-08
4.21E-08
4.25E-08
4.1E-08
4.25E-08
3.96E-08
4.33E-08
4E-08
4.04E-08
4.04E-08
3.96E-08
4.08E-08
3.9E-08
3.69E-08
4E-08
3.9E-08
4E-08
3.94E-08
3.79E-08
4E-08
4E-08
3.9E-08
3.81E-08
3.77E-08
3.73E-08
3.71E-08
3.73E-08
3.9E-08
3.69E-08
3.71E-08
3.96E-08
3.73E-08
3.83E-08
3.81E-08
3.79E-08
3.69E-08
3.67E-08
3.79E-08
3.77E-08
3.67E-08
3.56E-08
3.54E-08
3.73E-08
3.77E-08
3.81E-08
3.77E-08
3.73E-08
3.77E-08
3.63E-08
3.75E-08
3.5E-08
3.48E-08
3.75E-08
3.75E-08
3.44E-08
3.56E-08
3.56E-08
3.21E-08
3.52E-08
3.44E-08
3.54E-08
3.48E-08
3.52E-08
3.44E-08
3.54E-08
3.48E-08
3.38E-08
3.23E-08
3.35E-08
3.5E-08
3.33E-08
3.5E-08
3.21E-08
3.23E-08
3.19E-08
3.23E-08
3.27E-08
3.17E-08
3.19E-08
3.15E-08
3.19E-08
3.33E-08
3.27E-08
3.25E-08
2.98E-08
3.25E-08
2.88E-08
3.21E-08
2.98E-08
3.25E-08
2.98E-08
3.06E-08
2.96E-08
3.31E-08
2.96E-08
3.06E-08
2.92E-08
2.79E-08
3.02E-08
3.06E-08
3.08E-08
2.98E-08
3E-08
2.98E-08
2.73E-08
2.83E-08
3E-08
2.96E-08
3.12E-08
2.87E-08
2.73E-08
2.71E-08
2.73E-08
2.42E-08
2.54E-08
2.75E-08
2.75E-08
2.81E-08
2.77E-08
2.52E-08
2.52E-08
2.77E-08
2.44E-08
2.6E-08
2.77E-08
2.5E-08
2.46E-08
2.5E-08
2.44E-08
2.44E-08
2.83E-08
2.48E-08
2.21E-08
2.56E-08
2.52E-08
2.56E-08
2.52E-08
2.19E-08
2.48E-08
2.23E-08
2.5E-08
2.25E-08
2.58E-08
2.27E-08
2.46E-08
2.19E-08
2.23E-08
2.02E-08
2.54E-08
2.33E-08
2.54E-08
2.35E-08
2.19E-08
2.35E-08
2.29E-08
2.15E-08
2.27E-08
2.31E-08
2.02E-08
2.27E-08
1.98E-08
1.98E-08
2E-08
1.98E-08
2E-08
2.04E-08
2.08E-08
1.92E-08
1.96E-08
1.92E-08
1.92E-08
2.02E-08
2.04E-08
2.02E-08
2.04E-08
2.04E-08
2E-08
1.9E-08
1.73E-08
1.77E-08
1.96E-08
2.02E-08
2.02E-08
1.71E-08
1.75E-08
1.79E-08
1.67E-08
1.52E-08
1.75E-08
1.52E-08
1.77E-08
1.79E-08
1.83E-08
1.5E-08
1.85E-08
1.63E-08
1.48E-08
1.73E-08
1.52E-08
1.31E-08
1.56E-08
1.56E-08
1.42E-08
1.5E-08
1.31E-08
1.25E-08
1.25E-08
1.31E-08
1.23E-08
1.27E-08
1.31E-08
1.21E-08
1.31E-08
1.27E-08
1.21E-08
1.19E-08
9.4E-09
1.35E-08
1.31E-08
1.17E-08
1.08E-08
1.23E-08
9.6E-09
9.6E-09
1.06E-08
9.4E-09
9.4E-09
1.04E-08
1.06E-08
1.04E-08
9.2E-09
1E-08
7.7E-09
1.04E-08
7.7E-09
1.02E-08
7.3E-09
7.3E-09
7.1E-09
1.08E-08
7.7E-09
7.5E-09
7.3E-09
8.5E-09
7.1E-09
7.9E-09
7.3E-09
5.4E-09
8.1E-09
4.2E-09
5E-09
5.2E-09
6.5E-09
4.6E-09
4.6E-09
7.7E-09
4.6E-09
5E-09
5.2E-09
5.2E-09
5.4E-09
6E-09
7.1E-09
4.8E-09
8.7E-09
-7.5E-09
4.6E-09
-7.5E-09
5.6E-09
7.3E-09
-7.5E-09
-7.1E-09
-6.9E-09
-8.3E-09
-8.3E-09
-7.1E-09
-5.6E-09
-6.7E-09
-7.1E-09
-4.6E-09
-6.7E-09
-8.5E-09
-7.1E-09
-7.1E-09
-7.3E-09
-7.1E-09
-6.9E-09
-8.5E-09
-7.1E-09
-7.1E-09
-8.3E-09
-7.5E-09
-7.1E-09
-1.08E-08
-7.5E-09
-8.5E-09
-1E-08
-7.7E-09
-7.7E-09
-7.5E-09
-7.5E-09
-4.8E-09
-6.9E-09
-7.5E-09
-7.3E-09
-8.7E-09
-9.8E-09
-1E-08
-9.4E-09
-1E-08
-1E-08
-1.04E-08
-1.02E-08
-7.3E-09
-6.9E-09
-1.06E-08
-7.5E-09
-7.7E-09
-1.04E-08
-7.3E-09
-1.06E-08
-1.23E-08
-1.04E-08
-1.19E-08
-1.29E-08
-1E-08
-1.31E-08
-1.46E-08
-1.29E-08
-1.21E-08
-1.29E-08
-1.19E-08
-1.37E-08
-1.27E-08
-1.5E-08
-1.27E-08
-9.8E-09
-0.9943056
-0.986470375
-0.98647102
-0.98675702
-0.986469195
-0.9864718
-0.98675624
-1.5E-08
-1.19E-08
-1.17E-08
-1.17E-08
-1.52E-08
-1.04E-08
-1.44E-08
-1.33E-08
-1.13E-08
-1.17E-08
-1.25E-08
-1.56E-08
-1.46E-08
-1.6E-08
-1.5E-08
-1.54E-08
-1.83E-08
-1.5E-08
-1.5E-08
-1.46E-08
-1.52E-08
-1.79E-08
-1.5E-08
-1.29E-08
-1.69E-08
-1.54E-08
-1.96E-08
-1.56E-08
-1.48E-08
-1.5E-08
-1.75E-08
-1.5E-08
-1.38E-08
-1.56E-08
-1.6E-08
-1.75E-08
-1.75E-08
-1.79E-08
-1.79E-08
-1.81E-08
-1.85E-08
-1.6E-08
-1.69E-08
-1.77E-08
-1.75E-08
-1.52E-08
-1.69E-08
-1.77E-08
-2.04E-08
-1.77E-08
-1.63E-08
-2.02E-08
-1.96E-08
-2.06E-08
-1.98E-08
-1.81E-08
-1.9E-08
-1.96E-08
-2.12E-08
-2E-08
-2.02E-08
-2E-08
-1.87E-08
-1.94E-08
-2.06E-08
-1.96E-08
-2E-08
-2.02E-08
-1.98E-08
-2.21E-08
-2.19E-08
-2.02E-08
-2.35E-08
-2.29E-08
-2.02E-08
-2.27E-08
-1.94E-08
-2.29E-08
-2.04E-08
-1.98E-08
-2.29E-08
-2.04E-08
-2.04E-08
-2E-08
-2.17E-08
-2.04E-08
-2.15E-08
-2.25E-08
-2.04E-08
-2.23E-08
-1.94E-08
-2.27E-08
-1.96E-08
-2.04E-08
-2.27E-08
-1.96E-08
-2.06E-08
-2.02E-08
-2E-08
-2.27E-08
-2.21E-08
-2.06E-08
-1.92E-08
-2.27E-08
-2.27E-08
-1.96E-08
-2E-08
-2.21E-08
-2.21E-08
-2E-08
-2.31E-08
-2.19E-08
-2.08E-08
-2.17E-08
-2.27E-08
-2.27E-08
-2.06E-08
-2.31E-08
-2.25E-08
-2.21E-08
-2.21E-08
-2.1E-08
-2.21E-08
-2.04E-08
-2.27E-08
-2.04E-08
-2.17E-08
-2.25E-08
-2.06E-08
-2.06E-08
-2.17E-08
-2.29E-08
-2E-08
-1.92E-08
-2.17E-08
-2.19E-08
-2.23E-08
-2.33E-08
-1.98E-08
-2.02E-08
-1.92E-08
-2.15E-08
-2.27E-08
-2.06E-08
-2.29E-08
-2.23E-08
-2.04E-08
-2.19E-08
-2.02E-08
-2.19E-08
-2.21E-08
-2.21E-08
-2.25E-08
-2.31E-08
-2.19E-08
-1.98E-08
-2.19E-08
-2.25E-08
-2.31E-08
-2.33E-08
-2.21E-08
-2.27E-08
-2.27E-08
-2.08E-08
-2.25E-08
-2.21E-08
-2.29E-08
-2.31E-08
-2.19E-08
-1.96E-08
-2E-08
-2.04E-08
-2E-08
-1.83E-08
-2.19E-08
-2E-08
-1.98E-08
-2.08E-08
-1.96E-08
-1.77E-08
-1.94E-08
-2.25E-08
-2E-08
-2.08E-08
-1.71E-08
-1.9E-08
-2E-08
-1.98E-08
-1.98E-08
-1.81E-08
-2.04E-08
-1.79E-08
-1.92E-08
-1.71E-08
-2E-08
-1.71E-08
-1.94E-08
-1.98E-08
-1.71E-08
-1.81E-08
-1.81E-08
-2.02E-08
-1.98E-08
-2.06E-08
-2.02E-08
-2.06E-08
-2.08E-08
-2.04E-08
-1.77E-08
-2E-08
-1.71E-08
-1.65E-08
-2.04E-08
-1.77E-08
-2.02E-08
-1.73E-08
-1.77E-08
-2.02E-08
-1.79E-08
-1.79E-08
-1.79E-08
-1.77E-08
-1.75E-08
-1.71E-08
-1.98E-08
-1.77E-08
-1.75E-08
-1.75E-08
-1.77E-08
-1.73E-08
-1.73E-08
-1.56E-08
-1.69E-08
-1.75E-08
-1.73E-08
-1.73E-08
-1.75E-08
-1.96E-08
-1.79E-08
-1.75E-08
-1.69E-08
-1.75E-08
-1.75E-08
-1.71E-08
-1.77E-08
-1.75E-08
-1.67E-08
-1.75E-08
-1.48E-08
-1.81E-08
-1.73E-08
-1.75E-08
-1.77E-08
-1.52E-08
-1.77E-08
-1.81E-08
-1.48E-08
-1.44E-08
-1.81E-08
-1.83E-08
-1.81E-08
-1.79E-08
-1.71E-08
-1.71E-08
-1.69E-08
-1.46E-08
-1.56E-08
-1.5E-08
-1.85E-08
-1.81E-08
-1.44E-08
-1.5E-08
-1.25E-08
-1.44E-08
-1.6E-08
-1.71E-08
-1.5E-08
-1.6E-08
-1.46E-08
-1.35E-08
-1.44E-08
-1.56E-08
-1.19E-08
-1.56E-08
-1.54E-08
-1.33E-08
-1.15E-08
-1.25E-08
-1.42E-08
-1.33E-08
-1.35E-08
-1.56E-08
-1.33E-08
-1.21E-08
-1.48E-08
-1.56E-08
-1.33E-08
-1.21E-08
-1.25E-08
-1.29E-08
-1.19E-08
-1.25E-08
-1.31E-08
-1.23E-08
-1.23E-08
-1.27E-08
-9.6E-09
-1.06E-08
-1.23E-08
-9.6E-09
-9E-09
-1.06E-08
-7.3E-09
-1.04E-08
-9.6E-09
-1.02E-08
-9.4E-09
-8.3E-09
-7.5E-09
-1.06E-08
-1.02E-08
-6.9E-09
-6.9E-09
-1.02E-08
-7.9E-09
-1.06E-08
-7.9E-09
-1.04E-08
-7.9E-09
-9.8E-09
-7.7E-09
-1.06E-08
-7.7E-09
-7.9E-09
-9.6E-09
-7.7E-09
-7.3E-09
-8.7E-09
-7.1E-09
-1E-08
-7.7E-09
-7.7E-09
-7.3E-09
-7.5E-09
-8.5E-09
-7.3E-09
-8.5E-09
-8.5E-09
-4.4E-09
-6.9E-09
-7.1E-09
-7.1E-09
-7.1E-09
-7.1E-09
-7.3E-09
-7.3E-09
-7.5E-09
-7.1E-09
-7.3E-09
-8.3E-09
-8.5E-09
-8.5E-09
-7.5E-09
-8.5E-09
-8.1E-09
-8.3E-09
-6.9E-09
-7.1E-09
-7.1E-09
-5.8E-09
-7.1E-09
-4.6E-09
-6.7E-09
-7.3E-09
-8.3E-09
-8.1E-09
-7.5E-09
-8.1E-09
-7.5E-09
-4.2E-09
-6.7E-09
-7.9E-09
-7.5E-09
-7.5E-09
8.3E-09
-6.9E-09
-5E-09
-5E-09
4.4E-09
-7.9E-09
-8.1E-09
-7.5E-09
-7.5E-09
4.6E-09
-5E-09
-5E-09
8.3E-09
8.3E-09
7.3E-09
5.6E-09
6E-09
4.8E-09
4.6E-09
4.8E-09
4.8E-09
4.8E-09
4.8E-09
7.3E-09
5E-09
7.3E-09
6.3E-09
5E-09
7.7E-09
8.7E-09
7.7E-09
5.2E-09
7.7E-09
7.3E-09
6.7E-09
6.9E-09
6.9E-09
1E-08
6.9E-09
6.9E-09
7.5E-09
6.9E-09
7.9E-09
1.04E-08
6.9E-09
6.7E-09
1.1E-08
7.1E-09
7.3E-09
8.1E-09
1E-08
9.8E-09
8.7E-09
1E-08
7.9E-09
1E-08
9E-09
1.04E-08
9.8E-09
1.04E-08
1.02E-08
1.06E-08
9.8E-09
1.08E-08
1.08E-08
9.8E-09
9.4E-09
1.23E-08
1.23E-08
1E-08
1.25E-08
1.17E-08
1.04E-08
1.27E-08
1.19E-08
1.52E-08
1.31E-08
1.37E-08
1.19E-08
1.17E-08
1.17E-08
1.23E-08
1.25E-08
1.13E-08
1.21E-08
1.19E-08
1.52E-08
1.27E-08
1.46E-08
1.35E-08
1.23E-08
1.5E-08
1.19E-08
1.31E-08
1.48E-08
1.56E-08
1.52E-08
1.44E-08
1.27E-08
1.5E-08
1.46E-08
1.54E-08
1.15E-08
1.25E-08
1.5E-08
1.52E-08
1.4E-08
1.58E-08
1.54E-08
1.75E-08
1.5E-08
1.5E-08
1.79E-08
1.77E-08
1.77E-08
1.42E-08
1.75E-08
1.67E-08
1.79E-08
1.83E-08
1.81E-08
1.75E-08
1.79E-08
2.04E-08
1.75E-08
1.73E-08
1.98E-08
1.73E-08
2.04E-08
2.02E-08
2.04E-08
1.75E-08
2E-08
2.04E-08
1.9E-08
2.31E-08
1.98E-08
2.21E-08
2E-08
2.08E-08
2.33E-08
2.17E-08
2.23E-08
2.29E-08
2.19E-08
2.27E-08
2.31E-08
2.17E-08
2.25E-08
2.25E-08
2.29E-08
2.17E-08
2.21E-08
2.23E-08
2.46E-08
2.46E-08
2.37E-08
2.29E-08
2.48E-08
2.4E-08
2.17E-08
2.46E-08
2.77E-08
2.56E-08
2.52E-08
2.56E-08
2.52E-08
2.15E-08
2.54E-08
2.5E-08
2.73E-08
2.73E-08
2.6E-08
2.69E-08
2.81E-08
2.63E-08
2.67E-08
2.79E-08
2.75E-08
2.77E-08
2.81E-08
2.79E-08
2.69E-08
2.69E-08
2.77E-08
2.67E-08
2.73E-08
2.92E-08
2.81E-08
2.96E-08
2.98E-08
2.73E-08
3.04E-08
2.98E-08
3.12E-08
3E-08
2.88E-08
3.04E-08
3.06E-08
3.33E-08
2.98E-08
2.96E-08
2.94E-08
3.23E-08
3E-08
3E-08
3.25E-08
3.27E-08
3.31E-08
3.31E-08
3.29E-08
3.27E-08
3.19E-08
3.25E-08
3.15E-08
3.33E-08
3.35E-08
3.56E-08
3.33E-08
2.98E-08
3.56E-08
3.62E-08
3.21E-08
3.25E-08
3.25E-08
3.48E-08
3.29E-08
3.23E-08
3.23E-08
3.52E-08
3.42E-08
3.25E-08
3.5E-08
3.25E-08
3.54E-08
3.44E-08
3.56E-08
3.5E-08
3.54E-08
3.48E-08
3.4E-08
3.44E-08
3.83E-08
3.48E-08
3.5E-08
3.79E-08
3.73E-08
3.75E-08
3.79E-08
3.77E-08
3.77E-08
4.02E-08
3.58E-08
3.77E-08
3.79E-08
3.94E-08
3.69E-08
3.69E-08
3.98E-08
3.87E-08
3.71E-08
3.71E-08
3.77E-08
3.98E-08
3.77E-08
4E-08
3.77E-08
4.04E-08
3.67E-08
4E-08
3.9E-08
4E-08
4.06E-08
3.94E-08
4.02E-08
3.96E-08
3.92E-08
4.08E-08
4.25E-08
3.98E-08
3.94E-08
4.21E-08
4.04E-08
4E-08
3.94E-08
4.29E-08
4.29E-08
4.08E-08
4.25E-08
3.96E-08
4.23E-08
4.15E-08
4.25E-08
4.15E-08
4.27E-08
4.48E-08
4.33E-08
4.33E-08
4.29E-08
4.19E-08
4.17E-08
4.48E-08
4.23E-08
4.21E-08
4.31E-08
4.17E-08
4.58E-08
4.25E-08
4.44E-08
4.19E-08
4.58E-08
4.54E-08
4.48E-08
4.19E-08
4.52E-08
4.52E-08
4.5E-08
4.44E-08
4.48E-08
4.48E-08
4.48E-08
4.44E-08
4.48E-08
4.5E-08
4.48E-08
4.48E-08
4.69E-08
4.71E-08
4.73E-08
4.73E-08
4.77E-08
4.73E-08
4.71E-08
4.83E-08
4.77E-08
4.5E-08
4.77E-08
4.48E-08
4.79E-08
4.5E-08
4.5E-08
4.75E-08
4.44E-08
4.77E-08
4.65E-08
4.77E-08
4.71E-08
4.44E-08
4.79E-08
4.71E-08
4.85E-08
4.71E-08
5.04E-08
4.87E-08
4.69E-08
4.83E-08
4.69E-08
4.77E-08
5.1E-08
5.04E-08
4.73E-08
4.96E-08
4.81E-08
4.71E-08
4.98E-08
5.02E-08
5.02E-08
5.04E-08
5.12E-08
5E-08
4.9E-08
5.02E-08
5.04E-08
5.04E-08
4.98E-08
5.04E-08
5.23E-08
5.33E-08
5.21E-08
4.98E-08
4.94E-08
4.96E-08
4.98E-08
5.21E-08
5E-08
5.23E-08
5.25E-08
5E-08
5.21E-08
5.33E-08
4.9E-08
5.25E-08
5.27E-08
4.96E-08
4.98E-08
5.25E-08
5.02E-08
5.25E-08
5.19E-08
5.19E-08
5.33E-08
5.33E-08
5.27E-08
5.19E-08
5.25E-08
4.94E-08
5.25E-08
5.23E-08
5.29E-08
5.25E-08
5.31E-08
5.19E-08
5.27E-08
5.33E-08
5.25E-08
5.29E-08
5.29E-08
4.98E-08
5E-08
5E-08
5.27E-08
5.13E-08
5.25E-08
5.25E-08
5.25E-08
5.17E-08
4.92E-08
4.98E-08
5.29E-08
5.29E-08
5.06E-08
5.27E-08
5.27E-08
5.29E-08
5.17E-08
4.9E-08
5.31E-08
5.29E-08
5.21E-08
5.31E-08
5.19E-08
5.46E-08
4.94E-08
5.04E-08
5.56E-08
5.35E-08
5.27E-08
5.29E-08
5.27E-08
5.44E-08
5.31E-08
5.29E-08
5.56E-08
5.23E-08
5.6E-08
5.23E-08
5.5E-08
5.25E-08
5.35E-08
5.46E-08
5.21E-08
5.46E-08
5.48E-08
5.27E-08
5.5E-08
5.21E-08
5.27E-08
5.46E-08
5.23E-08
5.23E-08
5.46E-08
5.48E-08
5.27E-08
5.33E-08
5.46E-08
5.5E-08
5.5E-08
5.21E-08
5.58E-08
5.21E-08
5.25E-08
5.5E-08
5.25E-08
5.21E-08
5.25E-08
5.6E-08
5.48E-08
5.19E-08
5.46E-08
5.29E-08
5.19E-08
5.56E-08
5.19E-08
5.19E-08
5.25E-08
5.29E-08
5.29E-08
5.33E-08
5.21E-08
5.23E-08
5.46E-08
5.25E-08
5.48E-08
5.23E-08
5.19E-08
5.52E-08
5.25E-08
5.27E-08
5.19E-08
5.25E-08
5.21E-08
5.48E-08
5.42E-08
5.5E-08
5.5E-08
5.56E-08
5.54E-08
5.56E-08
5.19E-08
5.77E-08
5.46E-08
5.48E-08
5.27E-08
5.54E-08
5.19E-08
5.5E-08
5.44E-08
5.52E-08
5.5E-08
5.44E-08
5.42E-08
5.54E-08
5.44E-08
5.52E-08
5.46E-08
5.44E-08
5.69E-08
5.69E-08
5.6E-08
5.79E-08
5.46E-08
5.58E-08
5.48E-08
5.75E-08
5.48E-08
5.71E-08
5.75E-08
5.65E-08
5.42E-08
5.79E-08
5.63E-08
5.65E-08
5.73E-08
5.54E-08
5.79E-08
5.67E-08
5.69E-08
5.77E-08
5.81E-08
5.54E-08
5.79E-08
5.77E-08
5.79E-08
5.81E-08
5.67E-08
5.69E-08
5.71E-08
5.69E-08
5.79E-08
5.71E-08
5.69E-08
5.71E-08
5.69E-08
5.79E-08
5.85E-08
5.69E-08
5.71E-08
5.69E-08
5.92E-08
5.85E-08
5.73E-08
5.73E-08
5.71E-08
5.71E-08
5.73E-08
5.98E-08
5.77E-08
5.75E-08
6E-08
5.77E-08
5.71E-08
5.98E-08
6.02E-08
5.77E-08
6.02E-08
5.79E-08
6E-08
6E-08
5.94E-08
5.96E-08
5.96E-08
5.94E-08
6.06E-08
6.06E-08
6.04E-08
6.21E-08
5.98E-08
5.96E-08
6.17E-08
5.98E-08
5.96E-08
5.96E-08
6.31E-08
6.35E-08
5.96E-08
5.98E-08
5.96E-08
5.98E-08
6.25E-08
6.33E-08
6.17E-08
6.23E-08
6.27E-08
6.25E-08
6.29E-08
6.13E-08
6.31E-08
6.06E-08
6.31E-08
6.33E-08
6.29E-08
6.5E-08
6.19E-08
6.56E-08
6.21E-08
6.23E-08
6.46E-08
6.21E-08
6.25E-08
6.46E-08
6.29E-08
6.46E-08
6.5E-08
6.15E-08
6.27E-08
6.19E-08
6.25E-08
6.5E-08
6.56E-08
6.46E-08
6.23E-08
6.29E-08
6.5E-08
6.35E-08
6.21E-08
6.21E-08
6.19E-08
6.33E-08
6.58E-08
6.58E-08
6.37E-08
6.15E-08
6.29E-08
6.33E-08
6.44E-08
6.25E-08
6.44E-08
6.33E-08
6.19E-08
6.19E-08
6.19E-08
6.29E-08
6.31E-08
6.19E-08
6.29E-08
6.56E-08
6.33E-08
6.15E-08
6.17E-08
6.52E-08
6.37E-08
5.94E-08
6.54E-08
6.19E-08
6.21E-08
6.31E-08
6.31E-08
6.33E-08
6.58E-08
6.33E-08
6.17E-08
6.29E-08
6.27E-08
6.31E-08
6.25E-08
6.02E-08
6.02E-08
6.04E-08
6.29E-08
6.27E-08
6.29E-08
6.25E-08
6.25E-08
6.27E-08
6.56E-08
6.33E-08
6.15E-08
6.19E-08
6.13E-08
6.13E-08
5.98E-08
6.06E-08
6E-08
6.27E-08
6.19E-08
6.17E-08
6.27E-08
6.37E-08
6.31E-08
6.25E-08
6E-08
6.31E-08
6.27E-08
6.17E-08
6.23E-08
6.02E-08
6.02E-08
6.06E-08
6.27E-08
6.23E-08
6.06E-08
6.02E-08
6.23E-08
6.27E-08
6.23E-08
6.02E-08
5.98E-08
6.25E-08
6.25E-08
6.37E-08
6.12E-08
6.1E-08
5.98E-08
6.21E-08
6.23E-08
5.94E-08
6.23E-08
5.96E-08
5.94E-08
6.33E-08
5.98E-08
6.08E-08
6E-08
6.02E-08
5.94E-08
6.04E-08
5.98E-08
5.96E-08
5.94E-08
6.02E-08
6E-08
6.02E-08
6.1E-08
5.77E-08
5.98E-08
6.1E-08
6E-08
6.08E-08
5.71E-08
5.77E-08
5.77E-08
5.77E-08
5.77E-08
5.75E-08
6.08E-08
6.02E-08
5.98E-08
5.77E-08
5.71E-08
5.69E-08
5.69E-08
5.69E-08
5.71E-08
5.69E-08
5.81E-08
5.69E-08
5.73E-08
5.71E-08
5.65E-08
6.06E-08
5.83E-08
5.79E-08
5.5E-08
5.75E-08
5.67E-08
5.48E-08
5.71E-08
5.46E-08
5.58E-08
5.42E-08
5.5E-08
5.46E-08
5.44E-08
5.54E-08
5.5E-08
5.52E-08
5.44E-08
5.54E-08
5.44E-08
5.29E-08
5.27E-08
5.48E-08
5.5E-08
5.19E-08
5.35E-08
5.31E-08
5.33E-08
5.48E-08
5.33E-08
5.25E-08
5.23E-08
5.25E-08
5.56E-08
5.21E-08
5.33E-08
5.42E-08
5.21E-08
5.33E-08
5.29E-08
5.25E-08
5.29E-08
5.25E-08
5.13E-08
5.31E-08
5.31E-08
5.23E-08
4.9E-08
5.08E-08
4.98E-08
5.23E-08
4.94E-08
5.1E-08
4.98E-08
4.94E-08
4.94E-08
5.17E-08
4.69E-08
5.04E-08
4.81E-08
5E-08
4.98E-08
4.79E-08
4.75E-08
4.75E-08
5E-08
4.65E-08
5.04E-08
5.08E-08
4.83E-08
4.83E-08
4.81E-08
4.75E-08
4.69E-08
4.71E-08
4.77E-08
4.73E-08
4.54E-08
4.81E-08
4.67E-08
4.69E-08
4.75E-08
4.94E-08
4.83E-08
4.79E-08
4.67E-08
4.42E-08
4.52E-08
4.75E-08
4.48E-08
4.5E-08
4.54E-08
4.48E-08
4.48E-08
4.19E-08
4.52E-08
4.4E-08
4.54E-08
4.54E-08
4.52E-08
4.52E-08
4.29E-08
4.27E-08
4.21E-08
4.5E-08
4.42E-08
4.48E-08
4.42E-08
4.5E-08
4.25E-08
4.52E-08
4.5E-08
4.27E-08
4.25E-08
4.27E-08
4.25E-08
4.25E-08
4.23E-08
4.52E-08
4.21E-08
4.5E-08
4.19E-08
4.31E-08
4.25E-08
4.15E-08
4.27E-08
4.19E-08
4.29E-08
4.27E-08
4.33E-08
4.15E-08
4E-08
4.19E-08
4.35E-08
4E-08
3.98E-08
4.29E-08
4.04E-08
3.96E-08
4.06E-08
4.31E-08
3.96E-08
3.96E-08
4.04E-08
3.71E-08
4E-08
3.9E-08
3.75E-08
4.02E-08
3.94E-08
3.96E-08
3.96E-08
3.96E-08
3.85E-08
3.85E-08
3.81E-08
3.81E-08
3.79E-08
3.79E-08
3.52E-08
3.75E-08
3.75E-08
3.77E-08
3.75E-08
3.73E-08
3.79E-08
3.71E-08
3.73E-08
3.75E-08
3.5E-08
3.54E-08
3.44E-08
3.5E-08
3.73E-08
3.58E-08
3.52E-08
3.44E-08
3.54E-08
3.52E-08
3.52E-08
3.27E-08
3.58E-08
3.15E-08
3.44E-08
3.37E-08
3.48E-08
3.37E-08
3.31E-08
3.46E-08
3.35E-08
3.48E-08
3.19E-08
3.27E-08
3.19E-08
3.17E-08
3.23E-08
3.15E-08
3.02E-08
3.25E-08
3.02E-08
3.25E-08
3.13E-08
3.1E-08
3.08E-08
3.21E-08
3.21E-08
2.96E-08
3.08E-08
3.08E-08
2.96E-08
3.21E-08
2.96E-08
2.79E-08
2.79E-08
3E-08
3E-08
2.75E-08
2.79E-08
3E-08
2.9E-08
2.87E-08
2.79E-08
2.77E-08
2.98E-08
2.69E-08
2.73E-08
2.69E-08
2.56E-08
2.75E-08
2.69E-08
2.69E-08
2.79E-08
2.54E-08
2.6E-08
2.71E-08
2.48E-08
2.58E-08
2.71E-08
2.58E-08
2.56E-08
2.42E-08
2.46E-08
2.54E-08
2.56E-08
2.25E-08
2.54E-08
2.21E-08
2.21E-08
2.46E-08
2.13E-08
2.15E-08
2.21E-08
2.46E-08
2.37E-08
2.27E-08
2.54E-08
2.02E-08
1.98E-08
2.25E-08
2.27E-08
2.08E-08
2.04E-08
2.23E-08
2.1E-08
1.98E-08
2.08E-08
1.96E-08
2E-08
2.02E-08
2E-08
1.94E-08
2E-08
1.73E-08
2.04E-08
2.04E-08
1.73E-08
1.96E-08
1.77E-08
1.73E-08
1.73E-08
1.56E-08
2.06E-08
1.71E-08
1.69E-08
1.67E-08
2.04E-08
1.71E-08
1.71E-08
1.75E-08
1.81E-08
1.73E-08
1.77E-08
1.75E-08
1.4E-08
1.71E-08
1.77E-08
1.46E-08
1.71E-08
1.58E-08
1.79E-08
1.58E-08
1.73E-08
1.48E-08
1.77E-08
1.56E-08
1.71E-08
1.44E-08
1.52E-08
1.44E-08
1.5E-08
1.58E-08
1.4E-08
1.52E-08
1.27E-08
1.19E-08
1.33E-08
1.21E-08
1.21E-08
1.27E-08
1.29E-08
1.27E-08
1.5E-08
1.06E-08
1.33E-08
1.12E-08
1.23E-08
1.02E-08
1.04E-08
6.9E-09
1.06E-08
1.04E-08
9.6E-09
6.3E-09
1.02E-08
1.02E-08
1E-08
7.5E-09
9.8E-09
7.3E-09
8.5E-09
7.1E-09
7.9E-09
7.1E-09
8.1E-09
5.6E-09
5.4E-09
5E-09
7.7E-09
7.7E-09
6.3E-09
7.7E-09
4.8E-09
7.7E-09
5E-09
4.8E-09
5.8E-09
5E-09
5.2E-09
5E-09
5E-09
8.7E-09
4.8E-09
7.3E-09
4.8E-09
8.7E-09
4.6E-09
4.8E-09
4.6E-09
7.5E-09
-7.5E-09
4.6E-09
4.8E-09
-5E-09
-5E-09
8.5E-09
-7.5E-09
4.6E-09
-6.5E-09
-8.1E-09
-7.5E-09
-5E-09
-8.1E-09
-7.1E-09
-5.6E-09
-5.6E-09
-7.1E-09
-4.6E-09
-7.1E-09
-7.1E-09
-7.3E-09
-7.1E-09
-7.1E-09
-7.3E-09
-7.1E-09
-7.5E-09
-5.8E-09
-6.9E-09
-7.1E-09
-8.5E-09
-7.3E-09
-1.08E-08
-7.5E-09
-7.5E-09
-7.7E-09
-7.5E-09
-8.3E-09
-8.8E-09
-7.9E-09
-7.5E-09
-7.3E-09
-4.6E-09
-9.6E-09
-7.7E-09
-1.04E-08
-7.7E-09
-7.9E-09
-9.8E-09
-1E-08
-1.02E-08
-9.6E-09
-8.5E-09
-9.4E-09
-9.4E-09
-9.4E-09
-8.1E-09
-7.9E-09
-9.2E-09
-1.02E-08
-1.08E-08
-7.5E-09
-1.04E-08
-8.7E-09
-9E-09
-7.3E-09
-9E-09
-9.4E-09
-1.1E-08
-1.1E-08
-1.15E-08
-1.02E-08
-1.04E-08
-9E-09
-1.23E-08
-1.23E-08
-9.6E-09
-1.29E-08
-9.6E-09
-1.31E-08
-1.04E-08
-1.27E-08
-1.25E-08
-1.02E-08
-9.6E-09
-1.27E-08
-1.23E-08
-1.23E-08
-1.31E-08
-1.23E-08
-1.5E-08
-1.48E-08
-1.6E-08
-1.54E-08
-1.21E-08
-1.29E-08
-1.23E-08
-1.25E-08
-1.52E-08
-1.29E-08
-1.56E-08
-1.29E-08
-1.31E-08
-1.48E-08
-1.35E-08
-1.27E-08
-1.27E-08
-1.4E-08
-1.27E-08
-1.13E-08
-1.52E-08
-1.21E-08
-1.48E-08
-1.54E-08
-1.27E-08
-1.13E-08
-1.29E-08
-1.52E-08
-1.56E-08
-1.46E-08
-1.33E-08
-1.29E-08
-1.17E-08
-1.29E-08
-1.17E-08
-1.27E-08
-1.08E-08
-1.19E-08
-1.42E-08
-1.35E-08
-1.31E-08
-1.52E-08
-1.29E-08
-1.52E-08
-1.29E-08
-1.48E-08
-1.27E-08
-1.21E-08
-1.23E-08
-1.21E-08
-9.6E-09
-1.31E-08
-1.23E-08
-9.6E-09
-1.17E-08
-1.37E-08
-1.25E-08
-1.04E-08
-1E-08
-1.04E-08
-8.1E-09
-9.2E-09
-1.29E-08
-1.08E-08
-9.2E-09
-6.7E-09
-9.4E-09
-9.2E-09
-9.6E-09
-9.2E-09
-9E-09
-9.4E-09
-1.02E-08
-1.27E-08
-1.04E-08
-9.8E-09
-1.04E-08
-9.8E-09
-1.02E-08
-1.06E-08
-1.25E-08
-1.02E-08
-9.6E-09
-1.08E-08
-7.9E-09
-9E-09
-9.4E-09
-9.2E-09
-1.31E-08
-1.04E-08
-1.02E-08
-1.04E-08
-9.8E-09
-7.1E-09
-9.2E-09
-9.4E-09
-9.6E-09
-1.02E-08
-1.06E-08
-7.9E-09
-1.04E-08
-9E-09
-6.5E-09
-9.2E-09
-9.6E-09
-1.04E-08
-9.4E-09
-1.06E-08
-9.4E-09
-1E-08
-1.02E-08
-7.3E-09
-1.31E-08
-1.02E-08
-9.8E-09
-9.6E-09
-1E-08
-9.8E-09
-9.8E-09
-1.02E-08
-9.8E-09
-7.7E-09
-6.7E-09
-7.7E-09
-1.02E-08
-7.1E-09
-1E-08
-8.5E-09
-7.9E-09
-7.7E-09
-9.4E-09
-7.3E-09
-1E-08
-7.9E-09
-8.1E-09
-9E-09
-7.5E-09
-1.06E-08
-7.1E-09
-6.7E-09
-1.04E-08
-7.9E-09
-1E-08
-7.5E-09
-9.2E-09
-9.6E-09
-1.04E-08
-9.6E-09
-1.08E-08
-1.04E-08
-7.1E-09
-9.2E-09
-1.04E-08
-1.02E-08
-1.08E-08
-1.04E-08
-8.1E-09
-9.2E-09
-1E-08
-1.27E-08
-7.9E-09
-1.02E-08
-9.8E-09
-1.21E-08
-7.3E-09
-6.7E-09
-9.4E-09
-1.1E-08
-9.8E-09
-9.6E-09
-1.06E-08
-7.9E-09
-1.04E-08
-7.1E-09
-8.8E-09
-7.9E-09
-1.02E-08
-8.1E-09
-8.1E-09
-6.9E-09
-7.5E-09
-1.1E-08
-7.9E-09
-7.9E-09
-6.7E-09
-7.3E-09
-7.9E-09
-6.9E-09
-7.9E-09
-7.3E-09
-6.5E-09
-7.5E-09
-9.2E-09
-7.7E-09
-7.9E-09
-7.1E-09
-7.5E-09
-8.5E-09
-6.3E-09
-7.5E-09
-7.1E-09
-7.5E-09
-7.5E-09
-7.5E-09
-7.7E-09
-7.7E-09
-7.5E-09
-7.9E-09
-7.5E-09
-7.5E-09
-7.1E-09
-8.5E-09
-7.3E-09
-5E-09
-7.1E-09
-7.3E-09
-8.7E-09
-7.3E-09
-8.5E-09
-4.8E-09
-6.7E-09
-7.3E-09
-8.3E-09
-7.1E-09
-4.8E-09
-7.1E-09
-5.8E-09
-7.1E-09
-4.8E-09
-6.9E-09
-7.1E-09
-8.1E-09
-5.8E-09
-5.6E-09
-6.9E-09
-7.1E-09
-5.6E-09
-6.9E-09
-5.8E-09
-7.1E-09
-6.9E-09
-8.1E-09
-4.6E-09
-6.9E-09
-5.6E-09
-7.5E-09
-5E-09
-6.7E-09
-5E-09
-7.5E-09
-7.1E-09
-8.3E-09
-7.1E-09
-8.1E-09
-5E-09
-5.6E-09
-4.4E-09
-7.5E-09
-5E-09
-6.7E-09
-4.6E-09
-8.1E-09
-7.5E-09
-5E-09
-5E-09
-6.7E-09
-8.1E-09
-8.1E-09
-5E-09
-4.2E-09
-5.6E-09
-5E-09
-7.5E-09
-7.5E-09
-7.5E-09
6.9E-09
-5E-09
5.8E-09
4.4E-09
-7.5E-09
7.1E-09
-5E-09
4.6E-09
4.8E-09
7.3E-09
7.3E-09
4.8E-09
7.3E-09
4.8E-09
5E-09
4.6E-09
4.8E-09
4.6E-09
7.3E-09
4.8E-09
4.8E-09
7.5E-09
6.5E-09
3.8E-09
5.2E-09
7.5E-09
6.7E-09
7.5E-09
6.5E-09
7.1E-09
7.3E-09
6.7E-09
1E-08
9.4E-09
7.5E-09
9.8E-09
1.02E-08
1.06E-08
9.8E-09
1.04E-08
1.02E-08
9.6E-09
1.15E-08
1.08E-08
1.04E-08
1E-08
9.8E-09
9.6E-09
9.2E-09
9.8E-09
9.2E-09
1.23E-08
1E-08
9.8E-09
1.25E-08
9.8E-09
9.8E-09
1.35E-08
1.25E-08
1.06E-08
1.25E-08
1.23E-08
1E-08
1.25E-08
1.29E-08
1.25E-08
1.02E-08
1.27E-08
1.29E-08
1.17E-08
9.2E-09
1.27E-08
1.17E-08
1.25E-08
1.21E-08
1.31E-08
1.29E-08
1.5E-08
1.35E-08
1.29E-08
1.48E-08
1.15E-08
1.31E-08
1.5E-08
1.48E-08
1.19E-08
1.5E-08
1.52E-08
1.56E-08
1.33E-08
1.27E-08
1.25E-08
1.27E-08
1.52E-08
1.83E-08
1.44E-08
1.46E-08
1.46E-08
1.52E-08
1.54E-08
1.73E-08
1.5E-08
1.69E-08
1.73E-08
1.44E-08
1.81E-08
1.6E-08
1.48E-08
1.54E-08
1.77E-08
1.65E-08
1.73E-08
1.79E-08
1.71E-08
1.69E-08
1.79E-08
1.79E-08
2.04E-08
2.1E-08
1.94E-08
1.96E-08
2.08E-08
1.77E-08
1.81E-08
1.73E-08
2E-08
2E-08
1.63E-08
1.77E-08
2E-08
2E-08
1.73E-08
2.02E-08
2.06E-08
1.96E-08
1.98E-08
1.92E-08
2.21E-08
2.37E-08
2.23E-08
2E-08
2.29E-08
2.08E-08
2.29E-08
1.98E-08
2.29E-08
1.98E-08
2.19E-08
2.25E-08
2.29E-08
2.23E-08
2.48E-08
2.35E-08
2.31E-08
2.23E-08
2.31E-08
2.19E-08
2.21E-08
2.48E-08
2.31E-08
2.44E-08
2.25E-08
2.54E-08
2.46E-08
2.42E-08
2.54E-08
2.52E-08
2.48E-08
2.56E-08
2.5E-08
2.77E-08
2.71E-08
2.44E-08
2.58E-08
2.81E-08
2.62E-08
2.71E-08
2.77E-08
2.71E-08
2.62E-08
2.52E-08
2.5E-08
2.75E-08
2.71E-08
2.79E-08
2.69E-08
2.71E-08
2.83E-08
2.77E-08
2.67E-08
2.69E-08
2.63E-08
2.71E-08
2.69E-08
2.83E-08
2.77E-08
2.81E-08
2.69E-08
2.71E-08
2.77E-08
2.75E-08
3.06E-08
2.73E-08
3.02E-08
3E-08
3E-08
2.9E-08
2.75E-08
3.04E-08
2.98E-08
3.08E-08
3.29E-08
3.12E-08
3.21E-08
2.96E-08
3.21E-08
3.12E-08
3.21E-08
3.21E-08
3.25E-08
3.25E-08
3.31E-08
3.17E-08
3.46E-08
3.35E-08
3.21E-08
3.54E-08
3.23E-08
3.25E-08
3.21E-08
3.21E-08
3.23E-08
3.21E-08
3.23E-08
3.25E-08
3.25E-08
3.25E-08
3.25E-08
3.23E-08
3.52E-08
3.27E-08
3.52E-08
3.27E-08
3.5E-08
3.19E-08
3.5E-08
3.5E-08
3.52E-08
3.69E-08
3.58E-08
3.6E-08
3.56E-08
3.56E-08
3.52E-08
3.54E-08
3.5E-08
3.5E-08
3.46E-08
3.48E-08
3.83E-08
3.79E-08
3.62E-08
3.73E-08
3.81E-08
3.79E-08
3.75E-08
3.56E-08
3.79E-08
3.79E-08
3.67E-08
3.88E-08
3.83E-08
3.73E-08
3.98E-08
3.96E-08
3.98E-08
3.79E-08
3.75E-08
3.69E-08
3.98E-08
3.98E-08
3.73E-08
3.81E-08
4.04E-08
3.75E-08
4E-08
4E-08
3.9E-08
4.04E-08
3.77E-08
4.29E-08
3.98E-08
3.96E-08
4.04E-08
4.27E-08
4.37E-08
4.37E-08
4.29E-08
4.29E-08
4.25E-08
4.23E-08
4.52E-08
4.19E-08
4.21E-08
4.54E-08
4.19E-08
4.44E-08
4.25E-08
4.25E-08
4.23E-08
4.25E-08
4.48E-08
4.54E-08
4.52E-08
4.52E-08
4.71E-08
4.73E-08
4.56E-08
4.52E-08
4.5E-08
4.58E-08
4.56E-08
4.58E-08
4.6E-08
4.5E-08
4.69E-08
4.48E-08
4.58E-08
4.75E-08
4.48E-08
4.81E-08
4.77E-08
4.79E-08
4.75E-08
4.4E-08
4.75E-08
4.69E-08
4.88E-08
5.02E-08
5.08E-08
5.08E-08
4.94E-08
4.96E-08
4.96E-08
4.73E-08
4.75E-08
4.73E-08
4.79E-08
4.67E-08
4.73E-08
5.08E-08
5E-08
4.98E-08
5E-08
4.69E-08
4.75E-08
4.98E-08
4.96E-08
4.65E-08
5E-08
4.94E-08
5.02E-08
4.94E-08
5.04E-08
4.96E-08
4.96E-08
5.08E-08
4.96E-08
5.23E-08
5.08E-08
4.96E-08
5.23E-08
5.19E-08
5.25E-08
5.21E-08
5.35E-08
5.04E-08
5.33E-08
5E-08
5.23E-08
5.23E-08
5.29E-08
5.31E-08
5.29E-08
5.25E-08
5.27E-08
5.21E-08
5.23E-08
4.92E-08
5.31E-08
5.29E-08
5.27E-08
5.17E-08
5.44E-08
5.33E-08
5.5E-08
5.19E-08
5.23E-08
5.21E-08
5.25E-08
5.5E-08
5.25E-08
5.54E-08
5.48E-08
5.48E-08
5.56E-08
5.4E-08
5.29E-08
5.54E-08
5.46E-08
5.42E-08
5.54E-08
5.52E-08
5.54E-08
5.44E-08
5.69E-08
5.44E-08
5.73E-08
5.48E-08
5.52E-08
5.71E-08
5.48E-08
5.75E-08
5.5E-08
5.73E-08
5.77E-08
5.5E-08
5.79E-08
5.67E-08
5.77E-08
5.79E-08
5.77E-08
5.79E-08
5.65E-08
5.79E-08
6.04E-08
5.83E-08
5.69E-08
5.69E-08
5.79E-08
5.77E-08
5.44E-08
5.75E-08
5.79E-08
5.81E-08
5.77E-08
5.77E-08
5.83E-08
5.81E-08
5.69E-08
5.96E-08
5.85E-08
5.69E-08
5.79E-08
6.06E-08
5.83E-08
5.69E-08
5.83E-08
5.69E-08
6.04E-08
5.63E-08
5.73E-08
5.83E-08
5.71E-08
5.71E-08
6E-08
5.71E-08
5.71E-08
6.02E-08
5.9E-08
5.75E-08
5.81E-08
5.73E-08
6E-08
5.75E-08
5.77E-08
5.77E-08
5.75E-08
5.75E-08
5.77E-08
5.77E-08
6.02E-08
6.02E-08
5.92E-08
5.94E-08
6.19E-08
5.96E-08
5.96E-08
6.08E-08
5.96E-08
6.04E-08
5.94E-08
5.98E-08
6.31E-08
5.94E-08
5.98E-08
6.06E-08
6.21E-08
5.96E-08
5.98E-08
5.98E-08
6.06E-08
5.98E-08
6.23E-08
5.94E-08
5.98E-08
6.23E-08
6.08E-08
6.21E-08
6.25E-08
6.12E-08
6.04E-08
6.04E-08
6.06E-08
6.06E-08
6E-08
6.23E-08
6.25E-08
5.96E-08
6.02E-08
6.21E-08
6.13E-08
6.06E-08
6.23E-08
6.27E-08
6E-08
6.29E-08
6.25E-08
6.29E-08
6.21E-08
6E-08
6.29E-08
6.25E-08
6.12E-08
6.31E-08
6.25E-08
6.21E-08
6.02E-08
6.06E-08
6.19E-08
6.23E-08
6.15E-08
5.98E-08
5.98E-08
5.96E-08
6.04E-08
5.96E-08
6E-08
6E-08
6E-08
6.08E-08
6.08E-08
6.35E-08
6.19E-08
5.94E-08
5.81E-08
6.04E-08
5.98E-08
6.21E-08
5.94E-08
6.21E-08
5.69E-08
5.81E-08
6.02E-08
5.94E-08
5.96E-08
5.96E-08
6E-08
5.94E-08
5.94E-08
6.04E-08
6.04E-08
6.17E-08
6.08E-08
6.02E-08
5.94E-08
5.98E-08
5.94E-08
5.65E-08
6E-08
5.94E-08
6.06E-08
5.94E-08
5.96E-08
5.79E-08
6.02E-08
5.75E-08
6.08E-08
5.98E-08
5.92E-08
5.63E-08
5.79E-08
5.98E-08
5.92E-08
5.63E-08
6.04E-08
6.02E-08
6.02E-08
6.02E-08
6.02E-08
5.73E-08
6E-08
6.1E-08
5.63E-08
5.98E-08
5.77E-08
5.83E-08
5.73E-08
5.96E-08
5.73E-08
6E-08
5.88E-08
5.73E-08
5.71E-08
6.08E-08
5.73E-08
5.94E-08
5.83E-08
5.83E-08
5.79E-08
5.71E-08
5.69E-08
5.71E-08
5.83E-08
5.69E-08
5.79E-08
5.79E-08
5.69E-08
5.67E-08
5.67E-08
5.63E-08
5.67E-08
5.69E-08
5.75E-08
5.75E-08
5.5E-08
5.79E-08
5.42E-08
5.73E-08
5.75E-08
5.87E-08
5.65E-08
5.52E-08
5.54E-08
5.75E-08
5.77E-08
5.5E-08
5.75E-08
5.4E-08
5.48E-08
5.77E-08
5.79E-08
5.71E-08
5.46E-08
5.5E-08
5.77E-08
5.73E-08
5.5E-08
5.5E-08
5.73E-08
5.75E-08
5.48E-08
5.5E-08
5.5E-08
5.73E-08
5.71E-08
5.46E-08
5.75E-08
5.5E-08
5.46E-08
5.46E-08
5.5E-08
5.5E-08
5.48E-08
5.5E-08
5.48E-08
5.71E-08
5.46E-08
5.5E-08
5.48E-08
5.56E-08
5.44E-08
5.48E-08
5.5E-08
5.75E-08
5.85E-08
5.62E-08
5.69E-08
5.48E-08
5.54E-08
5.56E-08
5.79E-08
5.58E-08
5.46E-08
5.71E-08
5.44E-08
5.58E-08
5.52E-08
5.46E-08
5.56E-08
5.54E-08
5.54E-08
5.46E-08
5.27E-08
5.52E-08
5.69E-08
5.83E-08
5.21E-08
5.77E-08
5.58E-08
5.5E-08
5.17E-08
5.54E-08
5.77E-08
5.46E-08
5.38E-08
5.48E-08
5.52E-08
5.44E-08
5.52E-08
5.4E-08
5.29E-08
5.5E-08
5.4E-08
5.52E-08
5.42E-08
5.27E-08
5.52E-08
5.58E-08
5.27E-08
5.54E-08
5.62E-08
5.52E-08
5.27E-08
5.46E-08
5.5E-08
5.38E-08
5.46E-08
5.46E-08
5.25E-08
5.52E-08
5.25E-08
5.42E-08
5.23E-08
5.27E-08
5.19E-08
5.31E-08
5.44E-08
5.44E-08
5.46E-08
5.21E-08
5.02E-08
5.31E-08
5.15E-08
5.04E-08
5.31E-08
5.17E-08
5.04E-08
5.25E-08
5.29E-08
4.98E-08
5.23E-08
5.04E-08
5E-08
5.27E-08
5.25E-08
5.21E-08
5.1E-08
5E-08
4.96E-08
5.25E-08
4.98E-08
5.04E-08
4.92E-08
5.06E-08
5.25E-08
5.12E-08
4.94E-08
5.02E-08
4.92E-08
5.04E-08
4.98E-08
5.1E-08
5.04E-08
4.98E-08
5.04E-08
5.02E-08
5.04E-08
4.88E-08
5E-08
4.98E-08
4.94E-08
4.94E-08
4.77E-08
5.08E-08
4.98E-08
4.96E-08
4.73E-08
4.81E-08
4.83E-08
4.83E-08
4.79E-08
4.67E-08
4.67E-08
4.77E-08
4.5E-08
4.77E-08
4.69E-08
4.75E-08
4.83E-08
4.44E-08
4.75E-08
4.52E-08
4.71E-08
4.79E-08
4.4E-08
4.75E-08
4.77E-08
4.73E-08
4.85E-08
4.77E-08
4.52E-08
4.73E-08
4.48E-08
4.44E-08
4.58E-08
4.52E-08
4.44E-08
4.54E-08
4.54E-08
4.46E-08
4.19E-08
4.52E-08
4.56E-08
4.29E-08
4.25E-08
4.81E-08
4.33E-08
4.5E-08
4.48E-08
4.19E-08
4.5E-08
4.48E-08
4.48E-08
4.35E-08
4.29E-08
4.29E-08
4.25E-08
4.23E-08
4.56E-08
4.58E-08
4.44E-08
4.5E-08
4.25E-08
4.17E-08
4.17E-08
4.17E-08
4.33E-08
4.27E-08
4.33E-08
4E-08
4.25E-08
4.17E-08
4.15E-08
4.33E-08
4.25E-08
3.98E-08
3.94E-08
3.96E-08
4.04E-08
4.06E-08
4.04E-08
3.94E-08
4E-08
4.21E-08
3.98E-08
4.15E-08
4.06E-08
4E-08
4E-08
3.69E-08
4E-08
3.98E-08
3.73E-08
3.75E-08
3.98E-08
3.96E-08
3.96E-08
3.71E-08
3.81E-08
3.73E-08
3.69E-08
3.71E-08
3.69E-08
4.06E-08
3.71E-08
3.77E-08
3.79E-08
3.71E-08
3.77E-08
3.69E-08
3.71E-08
3.71E-08
3.79E-08
4E-08
3.83E-08
3.77E-08
3.52E-08
3.75E-08
3.77E-08
3.71E-08
3.62E-08
3.73E-08
3.73E-08
3.54E-08
3.54E-08
3.46E-08
3.46E-08
3.44E-08
3.54E-08
3.81E-08
3.46E-08
3.52E-08
3.52E-08
3.42E-08
3.54E-08
3.52E-08
3.48E-08
3.5E-08
3.38E-08
3.27E-08
3.48E-08
3.4E-08
3.46E-08
3.25E-08
3.48E-08
3.23E-08
3.19E-08
3.5E-08
3.44E-08
3.23E-08
3.33E-08
2.94E-08
3.52E-08
3.33E-08
3.27E-08
3.27E-08
2.98E-08
3.23E-08
2.94E-08
2.96E-08
3.23E-08
2.98E-08
3.35E-08
3.23E-08
3.08E-08
2.98E-08
3.23E-08
3.35E-08
3.12E-08
3.08E-08
3.04E-08
3.04E-08
2.92E-08
3.04E-08
3.02E-08
3.04E-08
2.67E-08
3.04E-08
2.94E-08
2.98E-08
2.98E-08
2.73E-08
2.77E-08
3E-08
2.92E-08
2.77E-08
2.73E-08
2.96E-08
2.71E-08
2.96E-08
2.75E-08
2.98E-08
2.83E-08
2.73E-08
2.73E-08
2.73E-08
2.79E-08
2.75E-08
2.81E-08
2.69E-08
3.04E-08
2.69E-08
2.79E-08
2.4E-08
2.75E-08
2.79E-08
2.77E-08
2.54E-08
2.75E-08
2.5E-08
2.79E-08
2.5E-08
2.48E-08
2.73E-08
2.48E-08
2.46E-08
2.71E-08
2.48E-08
2.48E-08
2.52E-08
2.73E-08
2.58E-08
2.48E-08
2.46E-08
2.25E-08
2.52E-08
2.21E-08
2.5E-08
2.15E-08
2.52E-08
2.21E-08
2.48E-08
2.52E-08
2.15E-08
2.46E-08
2.23E-08
2.56E-08
2.23E-08
2.21E-08
2.33E-08
2.6E-08
2.62E-08
2.54E-08
2.25E-08
2.52E-08
2.4E-08
2.48E-08
2.23E-08
2.48E-08
2.48E-08
2.48E-08
2.46E-08
2.21E-08
2.46E-08
2.25E-08
2.23E-08
2.19E-08
2.44E-08
2.52E-08
2.25E-08
2.46E-08
2.52E-08
2.44E-08
2.5E-08
2.58E-08
2.4E-08
2.17E-08
2.5E-08
2.25E-08
2.27E-08
2.23E-08
2.52E-08
2.44E-08
2.48E-08
2.27E-08
2.52E-08
2.38E-08
2.25E-08
2.52E-08
2.4E-08
2.31E-08
2.52E-08
2.4E-08
2.46E-08
2.48E-08
2.52E-08
2.77E-08
2.44E-08
2.48E-08
2.5E-08
2.46E-08
2.52E-08
2.58E-08
2.48E-08
2.83E-08
2.46E-08
2.5E-08
2.56E-08
2.54E-08
2.4E-08
2.48E-08
2.54E-08
2.4E-08
2.38E-08
2.67E-08
2.71E-08
2.46E-08
2.5E-08
2.46E-08
2.31E-08
2.54E-08
2.56E-08
2.46E-08
2.69E-08
2.46E-08
2.5E-08
2.79E-08
2.46E-08
2.73E-08
2.48E-08
2.71E-08
2.52E-08
2.75E-08
2.52E-08
2.46E-08
2.71E-08
2.77E-08
2.71E-08
2.5E-08
2.5E-08
2.48E-08
2.71E-08
2.77E-08
2.5E-08
2.69E-08
2.48E-08
2.69E-08
2.58E-08
2.73E-08
2.6E-08
2.46E-08
2.71E-08
2.52E-08
2.44E-08
2.54E-08
2.73E-08
2.73E-08
2.71E-08
2.44E-08
2.54E-08
2.54E-08
2.5E-08
2.5E-08
2.77E-08
2.58E-08
2.71E-08
2.58E-08
2.48E-08
2.83E-08
2.73E-08
2.54E-08
2.77E-08
2.46E-08
2.52E-08
2.85E-08
2.69E-08
2.77E-08
2.73E-08
2.54E-08
2.73E-08
2.42E-08
2.75E-08
2.79E-08
2.48E-08
2.77E-08
2.71E-08
2.77E-08
2.75E-08
2.73E-08
2.75E-08
2.81E-08
2.79E-08
2.73E-08
2.73E-08
2.87E-08
2.54E-08
2.5E-08
2.73E-08
2.73E-08
2.6E-08
2.48E-08
2.5E-08
2.44E-08
2.71E-08
2.73E-08
2.44E-08
2.56E-08
2.56E-08
2.69E-08
2.77E-08
2.5E-08
2.69E-08
2.71E-08
2.48E-08
2.52E-08
2.44E-08
2.73E-08
2.48E-08
2.69E-08
2.38E-08
2.56E-08
2.71E-08
2.46E-08
2.44E-08
2.71E-08
2.6E-08
2.54E-08
2.71E-08
2.48E-08
2.67E-08
2.73E-08
2.75E-08
2.63E-08
2.65E-08
2.46E-08
2.48E-08
2.44E-08
2.44E-08
2.54E-08
2.77E-08
2.65E-08
2.5E-08
2.71E-08
2.52E-08
2.52E-08
2.81E-08
2.52E-08
2.75E-08
2.4E-08
2.71E-08
2.44E-08
2.77E-08
2.48E-08
2.56E-08
2.46E-08
2.52E-08
2.73E-08
2.69E-08
2.5E-08
2.54E-08
2.5E-08
2.54E-08
2.48E-08
2.48E-08
2.81E-08
2.62E-08
2.44E-08
2.48E-08
2.52E-08
2.52E-08
2.54E-08
2.44E-08
2.48E-08
2.46E-08
2.75E-08
2.46E-08
2.73E-08
2.48E-08
2.77E-08
2.5E-08
2.77E-08
2.73E-08
2.71E-08
2.73E-08
2.46E-08
2.58E-08
2.69E-08
2.83E-08
2.75E-08
2.75E-08
2.5E-08
2.5E-08
2.44E-08
2.73E-08
2.48E-08
2.5E-08
2.56E-08
2.48E-08
2.79E-08
2.87E-08
2.44E-08
2.79E-08
2.48E-08
2.71E-08
2.6E-08
2.54E-08
2.5E-08
2.52E-08
2.48E-08
2.71E-08
2.75E-08
2.73E-08
2.71E-08
2.71E-08
2.79E-08
2.75E-08
2.48E-08
2.71E-08
2.69E-08
2.79E-08
2.48E-08
2.73E-08
2.48E-08
2.54E-08
2.58E-08
2.42E-08
2.48E-08
2.54E-08
2.75E-08
2.73E-08
2.62E-08
2.44E-08
2.69E-08
2.6E-08
2.46E-08
2.54E-08
2.44E-08
2.46E-08
2.6E-08
2.42E-08
2.73E-08
2.58E-08
2.4E-08
2.71E-08
2.6E-08
2.48E-08
2.52E-08
2.52E-08
2.58E-08
2.52E-08
2.54E-08
2.54E-08
2.46E-08
2.23E-08
2.52E-08
2.54E-08
2.48E-08
2.65E-08
2.44E-08
2.52E-08
2.46E-08
2.58E-08
2.79E-08
2.85E-08
2.48E-08
2.5E-08
2.54E-08
2.58E-08
2.44E-08
2.75E-08
2.83E-08
2.48E-08
2.54E-08
2.52E-08
2.31E-08
2.56E-08
2.81E-08
2.79E-08
2.46E-08
2.52E-08
2.83E-08
2.87E-08
2.71E-08
2.65E-08
2.63E-08
2.54E-08
2.56E-08
2.75E-08
2.79E-08
2.69E-08
2.65E-08
2.77E-08
2.85E-08
2.87E-08
2.65E-08
2.79E-08
2.69E-08
2.48E-08
2.5E-08
2.77E-08
2.5E-08
2.48E-08
2.5E-08
2.79E-08
2.5E-08
2.75E-08
2.71E-08
2.46E-08
2.73E-08
2.75E-08
2.75E-08
2.71E-08
2.42E-08
2.75E-08
2.77E-08
2.79E-08
2.5E-08
2.6E-08
2.54E-08
2.54E-08
2.46E-08
2.75E-08
2.42E-08
2.48E-08
2.48E-08
2.48E-08
2.71E-08
2.75E-08
2.42E-08
2.77E-08
2.48E-08
2.73E-08
2.75E-08
2.79E-08
2.77E-08
2.65E-08
2.77E-08
2.71E-08
3.02E-08
2.83E-08
2.69E-08
2.69E-08
2.69E-08
2.79E-08
2.67E-08
2.71E-08
3.08E-08
2.75E-08
2.96E-08
2.71E-08
2.73E-08
2.67E-08
3E-08
2.85E-08
2.71E-08
2.85E-08
2.98E-08
2.83E-08
3E-08
3E-08
3E-08
3.06E-08
3.04E-08
3.04E-08
2.94E-08
3.02E-08
2.92E-08
3.04E-08
3E-08
3E-08
3.29E-08
2.96E-08
2.96E-08
2.92E-08
3.06E-08
3.04E-08
3.06E-08
3.29E-08
2.98E-08
3.31E-08
2.98E-08
3.23E-08
3.21E-08
2.96E-08
2.98E-08
2.96E-08
3.23E-08
3E-08
3E-08
3E-08
3.25E-08
3.23E-08
2.98E-08
3E-08
3.21E-08
3.29E-08
3E-08
2.98E-08
3.27E-08
2.9E-08
3.25E-08
3.27E-08
3.19E-08
3.21E-08
3.5E-08
2.94E-08
3.29E-08
3.27E-08
3.27E-08
3.27E-08
3.58E-08
2.96E-08
3.27E-08
3.19E-08
3.29E-08
2.98E-08
3.54E-08
3.21E-08
3.23E-08
3.58E-08
3.23E-08
3.29E-08
3.21E-08
3.29E-08
3.19E-08
3.21E-08
3.21E-08
3.27E-08
3.48E-08
3.27E-08
3.25E-08
3.21E-08
3.46E-08
3.42E-08
3.23E-08
3.54E-08
3.52E-08
3.27E-08
3.5E-08
3.42E-08
3.21E-08
3.52E-08
3.5E-08
3.46E-08
3.4E-08
3.54E-08
3.52E-08
3.42E-08
3.4E-08
3.44E-08
3.58E-08
3.58E-08
3.54E-08
3.54E-08
3.44E-08
3.48E-08
3.46E-08
3.46E-08
3.44E-08
3.54E-08
3.44E-08
3.56E-08
3.48E-08
3.77E-08
3.5E-08
3.75E-08
3.52E-08
3.48E-08
3.6E-08
3.46E-08
3.79E-08
3.79E-08
3.63E-08
3.5E-08
3.75E-08
3.67E-08
3.83E-08
4.02E-08
3.83E-08
3.69E-08
3.77E-08
3.44E-08
3.81E-08
3.73E-08
3.71E-08
3.81E-08
3.96E-08
3.98E-08
3.87E-08
4E-08
3.98E-08
3.85E-08
4.04E-08
3.77E-08
3.75E-08
3.73E-08
3.73E-08
3.96E-08
4E-08
3.87E-08
3.85E-08
3.73E-08
4.02E-08
3.96E-08
4E-08
3.77E-08
4E-08
4.08E-08
3.96E-08
3.92E-08
4.27E-08
3.81E-08
4E-08
4.19E-08
3.94E-08
3.94E-08
3.94E-08
3.94E-08
4.02E-08
4.04E-08
4.04E-08
3.77E-08
4E-08
3.94E-08
4.02E-08
4.02E-08
3.75E-08
4.04E-08
4.08E-08
4.08E-08
3.88E-08
4.02E-08
4.06E-08
4.06E-08
3.92E-08
3.94E-08
4.02E-08
3.94E-08
3.94E-08
4.19E-08
3.73E-08
3.81E-08
4.04E-08
4E-08
4.02E-08
4.04E-08
4.04E-08
4.08E-08
4.31E-08
4.08E-08
3.96E-08
4.23E-08
4.12E-08
3.96E-08
4.21E-08
4.29E-08
3.98E-08
4E-08
4E-08
4.27E-08
4.19E-08
4.25E-08
4.23E-08
4E-08
4.23E-08
3.92E-08
4.31E-08
4.27E-08
4.25E-08
4E-08
4.23E-08
4.15E-08
4.25E-08
4.27E-08
4.21E-08
4.19E-08
4.21E-08
4.23E-08
4.19E-08
4.02E-08
4.29E-08
4.23E-08
4.02E-08
3.96E-08
4.02E-08
4.33E-08
4.23E-08
4.21E-08
4.21E-08
4.08E-08
4E-08
4.21E-08
4.02E-08
4.31E-08
3.96E-08
4.04E-08
4.21E-08
3.94E-08
4.1E-08
4.02E-08
3.96E-08
4.04E-08
3.94E-08
4E-08
4.04E-08
3.98E-08
3.94E-08
4.08E-08
4.19E-08
3.94E-08
4.08E-08
3.94E-08
3.94E-08
4.33E-08
4E-08
4.21E-08
4.1E-08
4.25E-08
4.08E-08
4.29E-08
4E-08
4.33E-08
4.02E-08
4.33E-08
4.02E-08
4.33E-08
4E-08
3.98E-08
4.27E-08
3.96E-08
3.98E-08
3.98E-08
4.27E-08
4.37E-08
4.21E-08
4.25E-08
4.04E-08
3.96E-08
4E-08
4.21E-08
4E-08
4.25E-08
4E-08
4.23E-08
4.23E-08
4E-08
4.33E-08
4.25E-08
3.98E-08
3.92E-08
4.06E-08
4E-08
4.23E-08
4.19E-08
4.21E-08
3.98E-08
3.94E-08
4.02E-08
4.06E-08
4.04E-08
3.98E-08
4.29E-08
3.94E-08
3.81E-08
3.79E-08
4.29E-08
3.94E-08
3.94E-08
3.94E-08
3.94E-08
4.04E-08
4.04E-08
4.31E-08
3.94E-08
3.77E-08
3.98E-08
3.9E-08
4.02E-08
3.94E-08
3.77E-08
4.04E-08
3.65E-08
4.02E-08
3.77E-08
4.02E-08
3.94E-08
4.02E-08
4.02E-08
4.04E-08
4.06E-08
4.06E-08
4.08E-08
3.71E-08
4.02E-08
3.96E-08
4.06E-08
4.04E-08
4E-08
4.02E-08
4E-08
3.67E-08
3.98E-08
3.88E-08
4E-08
3.98E-08
3.87E-08
3.85E-08
3.75E-08
4E-08
3.77E-08
3.73E-08
3.94E-08
3.92E-08
3.98E-08
3.94E-08
4.12E-08
3.94E-08
3.71E-08
3.71E-08
3.81E-08
3.77E-08
3.79E-08
3.69E-08
3.65E-08
3.94E-08
3.81E-08
3.79E-08
3.67E-08
3.79E-08
3.42E-08
3.73E-08
3.79E-08
3.63E-08
3.79E-08
3.79E-08
3.52E-08
3.79E-08
3.44E-08
3.75E-08
3.65E-08
3.75E-08
3.46E-08
3.5E-08
3.75E-08
3.83E-08
3.73E-08
3.75E-08
3.73E-08
3.5E-08
3.71E-08
3.52E-08
3.5E-08
3.58E-08
3.73E-08
3.77E-08
3.48E-08
3.52E-08
3.75E-08
3.46E-08
3.58E-08
3.73E-08
3.73E-08
3.71E-08
3.62E-08
3.77E-08
3.73E-08
3.44E-08
3.58E-08
3.6E-08
3.46E-08
3.56E-08
3.83E-08
3.58E-08
3.56E-08
3.48E-08
3.48E-08
3.44E-08
3.56E-08
3.48E-08
3.48E-08
3.44E-08
3.48E-08
3.44E-08
3.54E-08
3.4E-08
3.42E-08
3.58E-08
3.46E-08
3.56E-08
3.81E-08
3.46E-08
3.5E-08
3.56E-08
3.42E-08
3.29E-08
3.5E-08
3.62E-08
3.44E-08
3.52E-08
3.44E-08
3.54E-08
3.56E-08
3.54E-08
3.54E-08
3.48E-08
3.42E-08
3.42E-08
3.15E-08
3.54E-08
3.42E-08
3.42E-08
3.56E-08
3.52E-08
3.5E-08
3.5E-08
3.48E-08
3.25E-08
3.23E-08
3.48E-08
3.44E-08
3.38E-08
3.52E-08
3.15E-08
3.5E-08
3.42E-08
3.52E-08
3.5E-08
3.52E-08
3.25E-08
3.27E-08
3.54E-08
3.54E-08
3.27E-08
3.25E-08
3.29E-08
3.27E-08
3.27E-08
3.56E-08
3.4E-08
3.5E-08
3.25E-08
3.23E-08
3.27E-08
3.48E-08
3.19E-08
3.23E-08
3.21E-08
3.31E-08
3.58E-08
3.23E-08
3.54E-08
3.33E-08
3.21E-08
3.15E-08
3.17E-08
3.33E-08
3.19E-08
3.44E-08
3.31E-08
3.02E-08
3.02E-08
3.29E-08
3.33E-08
3.31E-08
3.15E-08
3.33E-08
3.33E-08
3.25E-08
3.13E-08
3.27E-08
3.25E-08
3.17E-08
3.27E-08
3.25E-08
3.17E-08
3.31E-08
3E-08
3.25E-08
3.23E-08
3.27E-08
3.29E-08
3.23E-08
3.13E-08
3.29E-08
3.27E-08
2.98E-08
3.23E-08
3.15E-08
3.27E-08
3.35E-08
2.94E-08
3.23E-08
3.23E-08
2.98E-08
3.25E-08
3.25E-08
3.12E-08
3.23E-08
3.33E-08
2.98E-08
3.19E-08
3.08E-08
2.96E-08
3E-08
3.19E-08
2.94E-08
3.04E-08
2.96E-08
2.96E-08
3.33E-08
2.96E-08
3.27E-08
2.94E-08
3.02E-08
2.98E-08
3.04E-08
2.92E-08
2.81E-08
3.02E-08
3.04E-08
3E-08
2.69E-08
2.81E-08
3.02E-08
2.79E-08
2.77E-08
2.98E-08
2.69E-08
3.02E-08
2.98E-08
2.71E-08
2.73E-08
2.96E-08
2.96E-08
2.69E-08
2.85E-08
2.69E-08
2.77E-08
2.79E-08
2.67E-08
2.77E-08
2.77E-08
2.81E-08
2.44E-08
2.75E-08
2.4E-08
2.71E-08
2.5E-08
2.73E-08
2.73E-08
2.75E-08
2.46E-08
2.54E-08
2.71E-08
2.58E-08
2.52E-08
2.58E-08
2.56E-08
2.48E-08
2.44E-08
2.5E-08
2.62E-08
2.52E-08
2.6E-08
2.5E-08
2.6E-08
2.52E-08
2.25E-08
2.25E-08
2.17E-08
2.52E-08
2.21E-08
2.19E-08
2.27E-08
2.23E-08
2.23E-08
2.29E-08
2.19E-08
2.23E-08
2.06E-08
2.25E-08
2.23E-08
1.94E-08
1.96E-08
1.96E-08
2.19E-08
1.94E-08
2.02E-08
1.9E-08
2.27E-08
1.98E-08
1.77E-08
2.27E-08
2.06E-08
1.92E-08
1.96E-08
1.96E-08
1.73E-08
1.75E-08
2.04E-08
1.71E-08
2.02E-08
1.67E-08
1.98E-08
1.67E-08
1.98E-08
2E-08
1.73E-08
1.73E-08
1.98E-08
2E-08
2.02E-08
1.71E-08
1.75E-08
1.98E-08
2E-08
1.63E-08
1.81E-08
1.96E-08
1.73E-08
1.73E-08
1.96E-08
1.94E-08
1.83E-08
1.98E-08
1.75E-08
1.94E-08
1.71E-08
1.75E-08
2E-08
1.73E-08
1.73E-08
1.77E-08
1.48E-08
1.79E-08
1.65E-08
1.79E-08
1.63E-08
1.79E-08
1.79E-08
1.79E-08
1.73E-08
1.52E-08
1.54E-08
1.73E-08
1.77E-08
1.77E-08
1.52E-08
1.79E-08
1.87E-08
1.77E-08
1.67E-08
1.58E-08
1.75E-08
1.75E-08
1.75E-08
1.48E-08
1.5E-08
1.73E-08
1.54E-08
1.77E-08
1.87E-08
1.48E-08
1.42E-08
1.71E-08
1.46E-08
1.56E-08
1.5E-08
1.6E-08
1.54E-08
1.58E-08
1.79E-08
1.5E-08
1.71E-08
1.6E-08
1.46E-08
1.67E-08
1.5E-08
1.67E-08
1.48E-08
1.54E-08
1.56E-08
1.5E-08
1.52E-08
1.5E-08
1.25E-08
1.5E-08
1.56E-08
1.23E-08
1.48E-08
1.37E-08
1.46E-08
1.6E-08
1.25E-08
1.5E-08
1.58E-08
1.48E-08
1.56E-08
1.29E-08
1.29E-08
1.25E-08
1.23E-08
1.19E-08
1.27E-08
1.21E-08
1.33E-08
1.33E-08
1.17E-08
1.19E-08
1.23E-08
1.27E-08
1.17E-08
1.31E-08
1.27E-08
1.25E-08
1.29E-08
9.8E-09
1.25E-08
1.08E-08
1.29E-08
1.27E-08
9E-09
1.06E-08
1.06E-08
1.23E-08
9.8E-09
1.21E-08
1.1E-08
9.2E-09
1.04E-08
1.04E-08
6.9E-09
9.8E-09
9.4E-09
1.29E-08
1.1E-08
7.5E-09
7.5E-09
1.02E-08
1E-08
9.6E-09
9.2E-09
9.8E-09
1.02E-08
7.9E-09
7.5E-09
1E-08
6.5E-09
7.1E-09
1E-08
7.1E-09
1E-08
7.9E-09
7.3E-09
1.06E-08
7.9E-09
7.3E-09
1.04E-08
7.1E-09
1E-08
7.3E-09
7.1E-09
1.08E-08
8.7E-09
7.3E-09
7.9E-09
9.8E-09
9.8E-09
7.3E-09
7.1E-09
1E-08
7.3E-09
6.7E-09
9.8E-09
9.8E-09
7.3E-09
7.3E-09
7.5E-09
6.9E-09
7.1E-09
8.1E-09
6.7E-09
7.9E-09
7.5E-09
8.3E-09
7.9E-09
6.7E-09
7.7E-09
6.5E-09
7.7E-09
6.9E-09
1.04E-08
8.3E-09
7.9E-09
6.7E-09
7.1E-09
6.3E-09
5.6E-09
7.9E-09
7.9E-09
6.5E-09
7.3E-09
7.7E-09
8.1E-09
7.5E-09
7.7E-09
8.1E-09
7.5E-09
4.8E-09
4.8E-09
5.2E-09
4E-09
7.3E-09
7.9E-09
4.8E-09
4.8E-09
7.7E-09
7.3E-09
4.8E-09
5.6E-09
7.5E-09
6.9E-09
5.2E-09
4.4E-09
4.8E-09
6E-09
5E-09
4.8E-09
5.2E-09
5E-09
4.8E-09
5E-09
6.2E-09
7.3E-09
7.1E-09
4.8E-09
8.5E-09
4.6E-09
8.5E-09
-7.9E-09
4.4E-09
-7.5E-09
-7.5E-09
-7.5E-09
-6.9E-09
-5E-09
-6.9E-09
-7.5E-09
-5.6E-09
-8.1E-09
-7.5E-09
-5.4E-09
-6.7E-09
-5E-09
-5.6E-09
-6.9E-09
-7.1E-09
-6E-09
-7.1E-09
-7.1E-09
-7.3E-09
-8.5E-09
-4.4E-09
-4.4E-09
-6.9E-09
-4.4E-09
-6.7E-09
-7.1E-09
-8.5E-09
-4.6E-09
-7.1E-09
-7.5E-09
-8.5E-09
-7.3E-09
-7.1E-09
-1.1E-08
-7.5E-09
-7.5E-09
-1E-08
-7.5E-09
-7.5E-09
-7.9E-09
-7.1E-09
-7.3E-09
-8.7E-09
-7.5E-09
-7.7E-09
-1.1E-08
-7.7E-09
-6.3E-09
-7.5E-09
-7.3E-09
-7.9E-09
-7.7E-09
-7.5E-09
-6.7E-09
-0.994305735
-0.987062265
-0.987059925
-0.986161885
-0.987061485
-1E-08
-7.9E-09
-7.9E-09
-7.7E-09
-8.1E-09
-1.06E-08
-7.5E-09
-7.5E-09
-9.6E-09
-1.04E-08
-1.04E-08
-1.06E-08
-6.9E-09
-7.5E-09
-8.8E-09
-7.9E-09
-1E-08
-7.5E-09
-7.7E-09
-7.3E-09
-6.7E-09
-7.7E-09
-6.3E-09
-8.7E-09
-6.5E-09
-7.7E-09
-7.3E-09
-1E-08
-1E-08
-7.9E-09
-7.5E-09
-7.5E-09
-7.9E-09
-9.4E-09
-9.2E-09
-1.04E-08
-7.9E-09
-1.04E-08
-1.06E-08
-7.3E-09
-1.02E-08
-8.1E-09
-1.06E-08
-7.1E-09
-7.9E-09
-7.9E-09
-6.9E-09
-1.13E-08
-1.02E-08
-1E-08
-1.04E-08
-1.06E-08
-1.02E-08
-1.04E-08
-9.6E-09
-9.8E-09
-9.6E-09
-9.6E-09
-1.21E-08
-1.02E-08
-1.29E-08
-1.02E-08
-7.3E-09
-8.1E-09
-9E-09
-1E-08
-8.1E-09
-7.9E-09
-9.4E-09
-9.6E-09
-1.33E-08
-1.27E-08
-7.7E-09
-1.17E-08
-7.5E-09
-9.2E-09
-9E-09
-9.8E-09
-1.02E-08
-7.7E-09
-9.4E-09
-1.06E-08
-1E-08
-1.08E-08
-1.25E-08
-1.31E-08
-7.9E-09
-9.2E-09
-1.06E-08
-1E-08
-9.8E-09
-1.08E-08
-1.1E-08
-9.4E-09
-1.17E-08
-1.19E-08
-1.21E-08
-1.04E-08
-9.6E-09
-9.6E-09
-1.21E-08
-1.31E-08
-9.4E-09
-9E-09
-9E-09
-9.8E-09
-9.6E-09
-1.02E-08
-9.6E-09
-1.06E-08
-9.6E-09
-9.2E-09
-1.27E-08
-1.02E-08
-1.02E-08
-9.8E-09
-1.33E-08
-7.7E-09
-1.06E-08
-7.3E-09
-9.4E-09
-9.8E-09
-1.06E-08
-1.06E-08
-7.9E-09
-9E-09
-1E-08
-1.04E-08
-1.02E-08
-9.8E-09
-1E-08
-7.1E-09
-1.27E-08
-7.7E-09
-6.7E-09
-1.31E-08
-1.06E-08
-9.8E-09
-9.4E-09
-8.1E-09
-9.8E-09
-9.4E-09
-1.15E-08
-1.08E-08
-9.6E-09
-1.08E-08
-1.23E-08
-8.1E-09
-9.4E-09
-1.29E-08
-1.02E-08
-1.08E-08
-9.2E-09
-1.31E-08
-1.06E-08
-9E-09
-1.02E-08
-8.1E-09
-1E-08
-1E-08
-8.7E-09
-7.9E-09
-7.9E-09
-8.1E-09
-9E-09
-1E-08
-1.04E-08
-9.8E-09
-1.04E-08
-7.9E-09
-6.7E-09
-1.02E-08
-9.8E-09
-7.9E-09
-9.6E-09
-1.1E-08
-7.9E-09
-9.2E-09
-1.29E-08
-7.3E-09
-1.02E-08
-1.23E-08
-1.02E-08
-1.06E-08
-9.4E-09
-1.06E-08
-1.21E-08
-1.27E-08
-1.08E-08
-7.3E-09
-9.4E-09
-9.2E-09
-9.6E-09
-9.4E-09
-9.2E-09
-1.23E-08
-1.19E-08
-1.02E-08
-1.04E-08
-9.2E-09
-1.5E-08
-9.2E-09
-1.21E-08
-9.8E-09
-9.2E-09
-1.44E-08
-1.25E-08
-1.06E-08
-1.27E-08
-1.27E-08
-9.6E-09
-1.02E-08
-1.48E-08
-1.27E-08
-1.23E-08
-1E-08
-1.25E-08
-1.27E-08
-1.23E-08
-1.23E-08
-1.27E-08
-1.35E-08
-1.44E-08
-1.31E-08
-1.29E-08
-1.25E-08
-1.31E-08
-1.42E-08
-1.27E-08
-1.29E-08
-1.23E-08
-1.37E-08
-1.52E-08
-1.29E-08
-1.44E-08
-1.29E-08
-1.48E-08
-1.56E-08
-1.48E-08
-1.27E-08
-1.56E-08
-1.31E-08
-1.15E-08
-1.54E-08
-1.48E-08
-1.48E-08
-1.5E-08
-1.46E-08
-1.21E-08
-1.19E-08
-1.54E-08
-1.52E-08
-1.5E-08
-1.21E-08
-1.54E-08
-1.56E-08
-1.5E-08
-1.46E-08
-1.54E-08
-1.48E-08
-1.27E-08
-1.27E-08
-1.5E-08
-1.56E-08
-1.52E-08
-1.29E-08
-1.29E-08
-1.5E-08
-1.29E-08
-1.25E-08
-1.27E-08
-1.08E-08
-1.31E-08
-1.25E-08
-1.25E-08
-1.29E-08
-1.29E-08
-1.06E-08
-1.29E-08
-1.52E-08
-1.27E-08
-1.17E-08
-1.37E-08
-1.54E-08
-1.29E-08
-1.15E-08
-1.04E-08
-1.13E-08
-1.15E-08
-1.29E-08
-9.8E-09
-9.8E-09
-1.19E-08
-1.27E-08
-1.15E-08
-1.23E-08
-1.08E-08
-9.8E-09
-1.25E-08
-1.21E-08
-1.19E-08
-9.6E-09
-1E-08
-9.6E-09
-9E-09
-1.08E-08
-1.21E-08
-1.04E-08
-1.23E-08
-1.02E-08
-1.29E-08
-9.4E-09
-1.06E-08
-1.02E-08
-9.6E-09
-1.02E-08
-9.8E-09
-9.8E-09
-1E-08
-1.04E-08
-9.8E-09
-9.6E-09
-6.3E-09
-1.02E-08
-1.04E-08
-1.06E-08
-6.3E-09
-1.17E-08
-1.02E-08
-1E-08
-7.3E-09
-6.9E-09
-1.04E-08
-8.3E-09
-7.7E-09
-6.7E-09
-7.3E-09
-6.3E-09
-7.7E-09
-1E-08
-7.7E-09
-4.6E-09
-7.3E-09
-7.3E-09
-7.1E-09
-7.1E-09
-7.5E-09
-7.9E-09
-7.1E-09
-1.02E-08
-7.3E-09
-7.3E-09
-8.5E-09
-7.3E-09
-7.3E-09
-7.1E-09
-4.8E-09
-7.1E-09
-7.1E-09
-6E-09
-7.1E-09
-8.3E-09
-4.6E-09
-6.7E-09
-7.3E-09
-8.1E-09
-7.1E-09
-8.3E-09
-4.6E-09
-6.7E-09
-5E-09
-7.5E-09
-5E-09
-6.9E-09
-8.1E-09
-4.6E-09
-5E-09
-4.2E-09
-7.5E-09
-5.4E-09
8.1E-09
-7.7E-09
6.9E-09
8.1E-09
4.6E-09
4.8E-09
7.1E-09
-7.5E-09
4.6E-09
8.5E-09
4.8E-09
4.8E-09
4.8E-09
6.2E-09
8.3E-09
4.8E-09
4.8E-09
8.7E-09
4.8E-09
6E-09
7.5E-09
4.8E-09
5.2E-09
4.8E-09
4.8E-09
5.4E-09
4.8E-09
5E-09
5.4E-09
7.3E-09
7.5E-09
7.7E-09
7.5E-09
4.6E-09
7.1E-09
6.3E-09
5E-09
7.5E-09
7.5E-09
6.5E-09
6.5E-09
7.9E-09
5.6E-09
7.9E-09
8.1E-09
7.7E-09
6.7E-09
6.9E-09
8.3E-09
9.2E-09
6.9E-09
7.1E-09
9.4E-09
1E-08
1.1E-08
7.3E-09
7.7E-09
8.1E-09
7.3E-09
7.5E-09
1E-08
9.8E-09
9E-09
1.02E-08
1.04E-08
9E-09
7.5E-09
1.04E-08
9.4E-09
9.6E-09
9.8E-09
9E-09
9.2E-09
9.4E-09
1.21E-08
9.4E-09
1.04E-08
1.21E-08
1.21E-08
1.23E-08
1.17E-08
1.23E-08
1.17E-08
1.23E-08
1.17E-08
1.25E-08
1.27E-08
1.02E-08
1.21E-08
1.27E-08
1.31E-08
1.27E-08
1.31E-08
1.35E-08
1.21E-08
1.19E-08
1.4E-08
1.33E-08
1.25E-08
1.44E-08
1.23E-08
1.19E-08
1.46E-08
1.23E-08
1.46E-08
1.5E-08
1.46E-08
1.6E-08
1.31E-08
1.27E-08
1.44E-08
1.23E-08
1.33E-08
1.48E-08
1.29E-08
1.5E-08
1.56E-08
1.5E-08
1.77E-08
1.58E-08
1.5E-08
1.4E-08
1.52E-08
1.5E-08
1.71E-08
1.71E-08
1.58E-08
1.56E-08
1.69E-08
1.71E-08
1.62E-08
1.48E-08
1.48E-08
1.71E-08
1.71E-08
1.71E-08
1.42E-08
1.5E-08
1.98E-08
1.56E-08
1.73E-08
1.44E-08
1.48E-08
1.77E-08
1.77E-08
1.73E-08
1.77E-08
1.71E-08
1.56E-08
1.75E-08
1.81E-08
1.98E-08
1.85E-08
2.08E-08
2.12E-08
1.88E-08
1.77E-08
1.98E-08
1.9E-08
1.79E-08
2.04E-08
1.75E-08
2.02E-08
1.94E-08
2.29E-08
2.1E-08
2.02E-08
2.25E-08
1.98E-08
2.33E-08
2.08E-08
2.08E-08
1.98E-08
2.19E-08
2.25E-08
1.83E-08
2.06E-08
2.02E-08
2E-08
2E-08
1.94E-08
2.19E-08
2.25E-08
2E-08
2.21E-08
2.27E-08
2.15E-08
2.25E-08
2.27E-08
2.29E-08
2.33E-08
2.17E-08
1.94E-08
2.29E-08
2.29E-08
2.33E-08
2.27E-08
2.31E-08
2.5E-08
2.23E-08
2.46E-08
2.48E-08
2.25E-08
2.31E-08
2.48E-08
2.6E-08
2.5E-08
2.56E-08
2.54E-08
2.44E-08
2.56E-08
2.58E-08
2.54E-08
2.44E-08
2.69E-08
2.5E-08
2.73E-08
2.54E-08
2.46E-08
2.5E-08
