63.5945965 29
123.5926659 29
183.5915056 29
243.5906342 29
303.5895837 29
363.5891224 29
423.5874976 29
483.5866186 29
543.5850277 29
603.5843113 29
663.5834835 29
723.5822139 29
783.581536 29
843.5797029 29
903.5795741 29
963.5796485 29
1023.8920747 29
1083.5762702 29
1143.5755836 29
1203.6286278 29
1263.8309678 29
1323.571241 29
1383.5718029 29
1443.8137473 29
1503.9797297 29
1563.5709315 29
1623.5679766 29
1683.5679561 29
1743.938251 29
1803.5645249 29
1863.5639604 29
1923.5632851 29
1983.5611364 29
2043.5644844 29
2103.5609388 29
2163.5582708 29
2223.5638727 29
2283.5556232 29
2343.5550875 29
2403.553902 29
2463.5526986 29
2523.5554303 29
2583.5516681 29
2643.5500634 29
2703.5493367 29
2763.5487902 29
2823.5467103 29
2883.5456023 29
2943.545124 29
3003.5460046 29
3063.5423646 29
3123.5417483 29
3183.6167425 29
3243.5386163 29
3303.5398947 29
3363.5373631 29
3423.5350435 29
3483.5356121 29
3543.5348675 29
3603.5337472 29
3663.5324463 29
3723.5305568 29
3783.529575 29
3843.5284835 29
3903.5275392 29
3963.5261695 29
4023.526013 29
4083.5246603 29
4143.5253274 29
4203.5230124 29
4263.5218475 29
4323.5205799 29
4383.5207359 29
4443.5189834 29
4503.5219229 29
4563.5188587 29
4623.5176317 29
4683.5138541 29
4743.5145911 29
4803.512449 29
4863.5112703 29
4923.5101751 29
4983.5083297 29
5043.5854726 29
5103.507347 29
5163.5068348 29
5223.5052234 29
5283.5032625 29
5343.5034796 29
5403.5007264 29
5463.5005416 29
5523.500304 29
5583.4995876 29
5643.4969847 29
5703.4969622 29
5763.4960061 29
5823.4959548 29
5883.4929983 29
5943.4931487 29
6003.4913207 29
6063.4911909 29
6123.4910282 29
6183.600452 29
6243.4867303 29
6303.4858404 29
6363.4852431 29
6423.4844872 29
6483.4829532 29
6543.4815266 29
6603.4818376 29
6663.4813957 29
6723.479189 29
6783.4798962 29
6843.4778424 29
6903.4755465 29
6963.4757712 29
7023.4743343 29
7083.4723683 29
7143.4722682 29
7203.470292 29
7263.4721297 30
7323.4687627 30
7383.4679914 30
7443.4687924 30
7503.4655245 30
7563.4642492 30
7623.462995 30
7683.4635754 30
7743.4647757 30
7803.4609017 30
7863.7039874 30
7923.6002164 30
7983.4568855 30
8043.4552598 30
8103.4550268 30
8163.4533789 30
8223.4529427 30
8283.4505072 30
8343.4507822 30
8403.857309 30
8463.6929863 30
8523.9688461 30
8583.7779019 30
8644.0428252 30
8703.978846 30
8764.0881538 30
8824.437871 30
8883.9858905 30
8943.5484166 30
9003.8747927 30
9063.5534581 30
9124.1955273 30
9183.7678266 30
9243.4499842 30
9304.2881371 30
9363.6940789 30
9423.818113 30
9483.9217804 30
9544.1085395 29
9603.5555755 29
9663.9831788 29
9724.1171579 29
9785.6766157 29
9845.7343459 29
9906.1826654 29
9965.7605506 29
10025.5460729 29
10085.4450202 29
10145.5886451 29
10206.1296837 29
10265.6668201 29
10325.7345743 29
10385.4216929 29
10445.6100588 29
10506.5338971 29
10565.9958385 30
10625.7937809 30
10685.484986 30
10745.605416 30
10805.5719728 30
10865.6124205 30
10926.4694611 30
10985.4046238 30
11045.7570194 30
11105.4012019 30
11165.3986021 30
11225.3978293 30
11285.3966561 30
11345.3949898 30
11405.6133262 29
11465.3933394 29
11525.3928478 29
11585.3914104 29
11645.3899396 29
11705.389429 29
11765.388634 29
11825.3894454 29
11885.3878299 29
11945.3849699 29
12005.3858146 29
12065.383146 29
12125.3819868 29
12185.7982261 29
12245.5111307 30
12305.765799 30
12365.6960767 30
12425.3767713 30
12485.3767548 29
12545.3747596 30
12605.3736362 30
12666.0769438 30
12725.3719904 30
12785.3708204 30
12845.3691956 30
12905.3688487 30
12965.3672394 30
13025.370065 30
13085.3648433 30
13145.3641295 30
13205.3636373 30
13265.3620834 30
13325.5959041 30
13385.3600409 30
13445.3590028 30
13505.3578697 30
13565.3566811 30
13625.3785592 30
13685.3547495 30
13745.3533475 30
13805.5539184 30
13865.3520122 30
13925.3515826 30
13985.3491445 30
14045.3484486 30
14105.3475598 30
14165.3464765 30
14225.3454029 30
14285.3444601 30
14345.3436165 30
14405.343014 30
14465.3419178 30
14525.340833 30
14585.33922 30
14645.3384087 30
14705.3368876 30
14765.3361784 30
14825.3354373 30
14885.3342765 30
14945.3340764 29
15005.3325969 29
15065.3308597 29
15125.3294172 29
15185.3288599 29
15245.3274717 29
15305.3261846 29
15365.3259383 29
15425.3247995 29
15485.3235499 29
15545.3234319 29
15605.3214756 29
15665.3202527 29
15725.3186675 29
15785.3178921 29
15845.3173394 29
15905.3166804 29
15965.3156187 29
16025.3147611 29
16085.3136645 29
16145.3119371 29
16205.3111745 29
16265.3106131 29
16325.3091366 29
16385.4395517 29
16445.3072938 29
16505.3065594 29
16565.3050527 29
16625.3044528 29
16685.3030492 29
16745.3028163 29
16805.3010463 29
16865.3001297 29
16925.620673 29
16987.2979769 29
17047.3000728 29
17107.29502 29
17167.2985271 29
17227.2933855 29
17287.2925485 29
17347.2916109 29
17407.3279105 29
17467.2894817 29
17527.2891322 29
17587.2865114 29
17647.290877 29
17707.2843601 29
17767.2835446 29
17827.2833101 29
17887.2824146 29
17947.2820862 29
18007.2800622 29
18067.2793427 29
18127.6993113 29
18187.2772427 29
18247.2759895 29
18307.2741785 29
18367.8391607 29
18427.7912796 29
18487.2718954 29
18547.2698031 29
18607.2692386 29
18667.2683251 29
18727.2675928 29
18787.2660938 29
18847.2655857 29
18907.2639081 29
18967.263145 29
19027.2621849 29
19087.2611513 29
19147.2593819 29
19207.2593839 29
19267.2582431 29
19327.2572316 29
19387.2556998 29
19447.2559045 29
19507.2541038 29
19567.2527931 29
19627.2518037 29
19687.3962251 29
19747.2491551 29
19807.2484166 29
19867.2476961 29
19927.2462166 29
19987.2457029 29
20047.2437323 29
