58.8548036 28
118.8532266 29
178.8525225 29
238.8524137 29
298.8509871 30
358.8494947 30
420.8493849 30
480.8472408 30
540.8474799 30
600.8456402 30
660.8449751 31
720.8455026 31
781.2132792 31
840.843104 31
900.841876 31
960.8425482 31
1020.9330312 31
1080.8390052 31
1140.8389559 31
1200.8371608 31
1260.8370494 31
1320.8363299 31
1381.8375051 31
1441.8345379 31
1501.8330486 31
1561.8328608 31
1621.8310174 31
1681.8315327 31
1741.8308276 31
1801.8298248 31
1861.8291356 31
1923.8294491 31
1983.8271429 31
2044.203973 31
2103.8302718 31
2163.8246986 31
2225.8231395 31
2285.8229625 31
2345.8220449 31
2405.8201579 31
2465.8207876 31
2525.8198952 31
2585.8828328 31
2645.8178239 31
2705.8167216 31
2765.8157815 31
2825.8147346 31
2885.8136512 31
2945.8136794 31
3007.8132699 31
3067.8125381 31
3127.8111576 31
3187.8106696 31
3247.8100363 31
3307.8084737 31
3367.8080873 31
3427.8066924 31
3487.8063681 31
3547.8098275 31
3607.8050456 31
3667.8042091 31
3727.802728 31
3789.802239 31
3849.8017689 31
3909.8008919 31
3969.7995242 31
4029.7984342 31
4089.7980693 31
4149.7967279 31
4209.7960068 31
4269.7954264 31
4329.795001 30
4389.7941404 30
4449.7925721 30
4509.7921826 30
4569.7915011 30
4629.7898661 30
4689.7899856 30
4749.7889659 30
4809.7881171 31
4869.7919686 31
4929.7863477 31
4989.7862229 31
5049.7852679 31
5109.7841897 31
5169.7836026 31
5229.7829401 31
5289.7819584 31
5349.7814688 31
5409.780717 31
5469.7798682 31
5529.7796347 31
5589.7782588 31
5649.7778488 31
5709.7771175 31
5769.7767254 31
5829.7752192 31
5889.7752674 31
5949.773888 31
6009.7737633 31
6069.7730536 31
6129.772096 31
6189.7713313 31
6249.7702069 31
6309.7696629 30
6369.7689527 30
6429.7682347 30
6489.767719 30
6549.766492 30
6610.7681162 30
6670.7673793 30
6730.7676574 30
6790.7663493 30
6850.7657879 30
6910.7647512 30
6970.7643879 30
7030.7639943 30
7090.762913 30
7150.7616393 30
7210.7612179 30
7270.7599535 30
7330.7599309 30
7390.7587208 30
7450.7582707 30
7510.7574943 30
7570.7571273 30
7630.755634 30
7690.755286 30
7750.7546928 30
7810.7536531 30
7870.7528084 30
7930.7522844 30
7990.7509368 30
8050.7506006 30
8110.7496769 30
8170.7488856 30
8230.7481435 30
8290.7463894 30
8350.7461061 30
8410.7448837 30
8470.7449212 30
8530.743221 30
8590.7423486 30
8650.742422 30
8710.7414916 30
8770.7396805 30
8830.7392936 30
8890.7380101 30
8950.7381574 30
9010.7369499 30
9070.7363495 30
9130.7349561 30
9190.7350419 30
9250.7337219 30
9310.7333766 30
9370.7322655 30
9430.7312222 30
9490.7311483 30
9550.7294076 30
9610.7292259 30
9670.7282863 30
9730.7274113 30
9790.7263033 30
9850.725823 30
9910.7248012 30
9970.7232719 30
10030.7229317 30
10090.7226956 30
10150.7214404 30
10210.7211863 30
10270.7202164 30
10330.7194723 30
10390.7185686 30
10450.7177819 30
10510.7170983 30
10570.7156927 30
10630.7154109 30
10690.7147017 30
10750.7137651 30
10810.7126859 30
10870.7119243 30
10930.7111535 30
10990.7102355 30
11050.7095437 30
11110.7089761 30
11170.7077039 30
11230.7071522 30
11290.7056091 30
11350.7051513 30
11410.7047269 30
11470.7034409 30
11530.7028897 30
11590.7024212 30
11650.7014015 30
11710.7003125 30
11770.6999368 30
11830.6993205 30
11890.6977845 30
11950.6972087 30
12010.6961074 30
12070.6958632 30
12130.6945027 30
12190.693367 30
12250.6926085 30
12310.6917248 30
12370.6919224 30
12430.6909981 30
12490.6896197 30
12550.6891527 30
12610.6882906 30
12670.6867767 30
12730.6869691 30
12790.685075 30
12850.684706 30
12910.6836288 30
12970.6837232 30
13030.6828369 30
13090.6818393 30
13150.6812481 30
13210.680485 30
13270.6788782 30
13330.6788567 30
13390.677916 30
13450.6763113 30
13510.6761291 30
13570.6754014 29
13630.6738249 29
13690.6736217 29
13750.6726882 29
13810.6715812 29
13870.6705641 29
13930.6701458 29
13990.6698713 29
14050.6681809 29
14110.667856 29
14170.6671771 29
14230.6662944 29
14290.6649894 29
14350.6646163 29
14410.6639106 29
14470.6630449 29
14530.6624255 29
14590.6611897 29
14650.6610122 29
14710.6593402 29
14770.6591698 29
14830.6582148 29
14890.6568358 29
14950.6564576 29
15010.6563817 29
15070.6552665 29
15130.653923 29
15190.6535068 29
15250.6523655 29
15310.6511267 29
15370.6518425 29
15430.6501732 29
15490.6496831 29
15550.64867 29
15610.6480906 29
15670.6469688 29
15730.6461503 29
15790.6453779 29
15850.6448683 29
15910.6435156 29
15970.6428187 29
16030.6423193 29
16090.6414526 29
16150.6407362 29
16210.639386 29
16271.6352723 29
16331.6352097 29
16391.6349561 29
16451.6338872 29
16511.6338123 29
16571.6330589 29
16631.6313069 29
16691.6314218 29
16751.6305848 29
16811.6296862 29
16871.6291787 29
16931.6281328 29
16993.628002 29
17053.6266523 29
17113.6266625 29
17173.6256536 29
17233.6243486 29
17293.6245631 29
17353.6228994 29
17413.6221845 29
17473.6225704 29
17533.6217047 29
17593.6203606 29
17655.6199295 29
17715.6196047 29
17775.617884 29
17835.6181406 29
17895.6176818 29
17955.6161145 29
18015.6160252 29
18075.6154356 29
18135.6144277 29
18195.6132997 29
18255.6133346 29
18315.6123226 29
18375.6111664 29
18435.6110678 29
18495.6112151 29
18555.610216 29
18615.609499 29
18675.6088411 29
18735.6073647 29
18795.6064969 29
18857.6056619 29
18917.6056296 29
18977.6046679 29
19037.6045576 29
19097.6039684 29
19161.6021815 29
19223.6012942 29
19283.6012927 29
19343.5997865 29
19403.6000728 29
19463.5985779 29
19523.5980699 29
19585.5973375 29
19645.5963958 29
19705.5964959 29
19765.5950985 29
19827.5944047 29
19887.5941353 29
19947.59329 29
20007.5917643 29
20067.5919927 29
20127.5913163 29
20187.5906723 29
20247.5900631 29
20307.5887222 29
20367.5885692 29
20427.5927163 29
20487.587002 29
20547.5860823 29
20607.5855466 29
20667.584337 29
20727.5842559 29
20789.5878267 29
20849.5821359 29
20909.5818917 29
20969.5811393 29
21029.5804075 29
21089.580058 29
21149.5792395 29
21209.5784933 29
21269.5775044 29
21329.5768347 29
21389.5756605 29
21449.5751007 29
21509.574276 29
21569.5737366 29
21629.5738767 29
21689.5728426 29
21749.5716115 29
21809.5709587 29
21869.5699395 29
21929.5696917 29
21989.5692755 29
22049.5685935 29
22109.5671843 29
22169.5664032 29
22229.5659434 29
22289.5655195 29
22349.5650735 29
22409.5641816 29
22469.5635201 29
22529.5628483 29
22589.5621868 29
22649.5614961 29
22709.5607792 29
22769.5597744 29
22829.5592873 29
22891.5585874 29
22951.5573424 29
23011.5573644 29
23071.559975 29
23131.5555277 29
23191.5550628 29
23251.5535889 29
23311.5534488 29
23371.5520658 29
23431.5519868 29
23491.5509804 29
23551.5507813 29
23611.5500177 29
23671.549059 29
23731.548027 29
23791.5477658 29
23851.5472911 29
23911.5463278 29
23971.5458747 29
24033.5444357 29
24093.5433432 29
24153.5427694 29
24213.5424723 29
24273.5412247 29
24333.5408552 29
24393.5405545 29
24453.5400608 29
24513.5389785 29
24575.5382015 29
24635.5377463 29
24695.5372316 29
24755.5357849 29
24815.5354149 29
24875.5348792 29
24935.5342218 29
24995.5328736 29
25055.5330296 29
25115.5326104 29
25175.5308614 29
25235.5307234 29
25295.52962 29
25355.5292854 29
25415.527906 29
25475.527906 29
25535.5271449 29
25595.5265733 29
25655.5296821 29
25715.5240622 29
25775.5241803 29
25835.5231252 29
25895.5228054 29
25955.522167 29
26015.5214789 29
26075.5202061 29
26135.523549 29
26195.519421 29
26255.5180585 29
26315.5176731 29
26375.5168771 29
26435.516271 29
26495.5157927 29
26555.5147546 29
26615.5144071 29
26675.5128476 29
26735.5126356 29
26795.5115518 29
26855.5112023 29
26915.5108733 29
26975.5103874 29
27035.5093199 29
27095.5085137 29
27155.5068648 29
27215.5076428 28
27275.5068382 29
27335.5062018 28
27395.5047495 28
27455.5044323 28
27515.5038299 28
27575.502005 28
27635.5028794 28
27695.5004685 28
27755.5004433 28
27815.4994396 28
27875.4993467 28
27935.4978358 28
27995.4980155 28
28055.4967284 28
28117.4966201 28
28177.4951154 28
28237.4944596 28
28297.4944452 28
28357.4930658 28
28417.4926337 28
28477.4914159 28
28537.4907441 28
28597.4908847 28
28657.4902381 28
28717.4888048 28
28779.4889372 28
28839.4880078 28
28899.4864534 28
28959.4854947 28
29019.4858647 28
29079.4848415 28
29139.4835097 28
29199.4831105 28
29259.482977 28
29319.4814093 28
29379.4806036 28
29439.4805399 28
29499.4795603 28
29559.4801453 28
29619.4778436 28
29679.4778606 28
29739.4766325 28
29799.4759993 28
29859.4757483 28
29919.4749631 28
29979.4755471 28
30039.4737715 28
30099.4721344 28
30159.4722561 28
30221.4715268 28
30281.4701772 28
30341.469918 28
30403.4693407 28
30463.467642 28
30523.4679766 28
30583.4668209 28
30643.4657258 28
30703.4650201 28
30763.4644197 28
30823.4644115 28
30883.462837 28
30943.4622633 28
31003.4610158 28
31063.4615797 28
31125.4604035 28
31185.4597667 28
31245.4587716 28
31305.4585396 28
31365.4575081 28
31425.4565762 28
31485.4556981 28
31545.4556879 28
31605.4543105 28
31665.453456 28
31725.4526246 28
31785.4528782 28
31845.451453 28
31905.4513879 28
31965.4497816 28
32025.4499109 28
32085.4492977 28
32145.4481035 28
32205.4471715 28
32265.447073 28
32325.4464392 28
32385.4459578 28
32445.443786 28
32505.4440067 28
32565.4426339 28
32625.4421736 28
32685.4421993 28
32745.4409096 28
32805.440517 28
32865.4393244 28
32925.4387132 28
32985.437909 28
33045.4378567 28
33105.4362689 28
33165.4361242 28
33225.4357439 28
33285.4344743 28
33345.433704 28
33405.4329619 28
33465.432694 28
33525.4323184 28
33585.4311211 28
33645.4298725 28
33707.4296395 28
33767.4293491 28
33827.4284977 28
33887.4285341 28
33947.4263526 28
34007.4262094 28
34067.4251871 28
34127.4250445 28
34187.4233833 28
34247.4231175 28
34307.4224534 28
34367.4215738 28
34427.4215918 28
34487.419812 28
34547.4197689 28
34607.4185008 28
34667.4186846 28
34727.4176777 28
34787.4169546 28
34847.4161119 28
34907.4156162 28
34967.4149783 28
35027.4139935 28
35087.4136538 28
35147.4122282 28
35207.4118048 28
35267.4118761 28
35327.4105439 28
35387.4097936 28
35447.4087857 28
35507.4076757 28
35567.4072082 28
35627.4070732 28
35687.4062675 28
35747.4049984 28
35807.4047028 28
35867.4039458 28
35927.4026085 28
35987.4019778 28
36047.4013902 28
36107.4016037 28
36167.3998167 28
36227.3992666 28
36287.3991773 28
36347.3973806 28
36407.3969229 28
36467.3968823 28
36527.3964815 28
36587.3954767 28
36647.3944663 28
36707.3940845 28
36767.393209 28
36827.3928318 28
36887.3920297 28
36947.3903639 28
37007.39068 28
37067.3891491 28
37127.3883681 28
37189.3885231 28
37249.3871749 28
37309.3911721 28
37369.3861342 28
37429.3857724 28
37489.3844027 28
37549.384047 28
37609.383191 28
37669.3820318 28
37729.3820862 28
37789.3813118 28
37849.3801571 28
37909.3792462 28
37969.3781156 28
38029.3785149 28
38089.3773736 28
38149.3765222 28
38209.3763852 28
38269.3757037 28
38329.3740692 28
38389.3734184 28
38449.3735257 28
38509.3725748 28
38569.3712194 28
38629.3706052 28
38689.3697435 28
38749.369139 28
38809.3693632 28
38869.3677236 28
38929.3679263 28
38989.3666706 28
39049.3660157 28
39109.3650186 28
39169.3644295 28
39229.3642611 28
39289.363518 28
39349.3666634 28
39409.3622223 28
39469.3614473 28
39529.3604867 28
39589.3601931 28
39649.3593474 28
39709.3578058 28
39769.3574619 28
39829.3574655 28
39889.3558141 28
39949.3555206 28
40009.3548996 28
40069.3542725 28
40129.3534339 28
40189.3527216 28
40249.3518138 28
40309.3515074 28
40369.3507905 28
40431.3497354 28
40491.3491473 28
40551.3480665 28
40611.3473937 28
40671.3472577 28
40731.345982 28
40791.3448216 28
40851.3443906 28
40911.3438112 28
40971.3436398 28
41031.3466835 28
41091.3413499 28
41151.3413725 28
41211.3403477 28
41271.3394404 28
41331.3393521 28
41391.3385777 28
41451.3379532 28
41511.3368724 28
41571.3364762 28
41631.3357218 28
41691.3350152 28
41751.3337892 28
41811.3329152 28
41871.3322563 28
41931.3319201 28
41993.3312889 28
42053.3310595 28
42113.3296991 28
42173.3297355 28
42233.3279424 28
42293.3279219 28
42353.3271798 28
42413.3267626 28
42473.3261509 28
42533.3246262 28
42593.3238097 28
42653.3232324 28
42713.322167 28
42773.3225304 28
42833.3206039 28
42893.320143 28
42953.3200507 28
43013.3193081 28
43073.3179856 28
43133.3171281 28
43193.3171193 28
43253.3160678 28
43313.3153062 28
43373.3148865 28
43433.3135758 28
43493.3124406 28
43553.3126361 28
43613.311988 28
43673.3108728 28
43733.309636 28
43793.3097808 28
43853.3094369 28
43913.3083664 28
43973.3076962 28
44033.3059652 28
44093.3062151 28
44153.3056553 27
44213.3050615 28
44273.3037442 27
44333.3028389 28
44393.3026069 27
44453.3015754 27
44513.3004151 27
44573.3000128 27
44633.3003812 28
44693.2988263 28
44753.2980432 27
44813.2970743 27
44873.2960561 27
44933.29615 27
44993.2953818 27
45053.294319 27
45113.293462 27
45173.2930037 27
45233.292685 27
45293.2910859 27
45353.2911223 27
45413.289961 27
45473.2889069 27
45533.2897644 27
45593.2876229 27
45653.2875259 27
45713.2866032 27
45773.2856641 27
45833.2853562 27
45893.2840224 27
45953.283558 27
46013.2823617 27
46073.2825639 27
46133.2816027 27
46193.2808838 27
46253.2799657 27
46313.2788849 27
46373.2785139 27
46433.2780238 27
46493.2774916 27
46553.2761563 27
46613.2762163 27
46673.2752854 27
46733.2737782 27
46793.2732984 27
46853.2728308 27
46913.272057 27
46973.2717439 27
47033.270696 27
47093.2696799 27
47153.2692093 27
47215.2683415 27
47275.2674562 27
47335.2665315 27
47395.2660983 27
47455.2655077 27
47515.2645147 27
47575.263925 27
47635.2630741 27
47695.262135 27
47755.2619138 27
47815.261318 27
47875.2610347 27
47935.2596922 27
47995.2589522 27
48055.2576831 27
48115.257969 27
48175.2561415 27
48235.25766 27
48295.2561877 27
48355.2549232 27
48415.2534149 27
48475.2536613 27
48535.2519652 27
48595.2511354 27
48655.2511385 27
48715.250323 27
48775.2493018 27
48837.2489795 27
48897.2484858 27
48957.2474923 27
49017.2469945 27
49077.2458752 27
49137.2453117 27
49197.2448442 27
49259.2432395 27
49319.2433714 27
49379.2420597 27
49439.2412976 27
49499.2408378 27
49559.2403795 27
49619.2389508 27
49679.2389888 27
49739.237887 27
49799.2370859 27
49859.2369761 27
49919.2356099 27
49979.2353564 27
50039.2346077 27
50099.2345081 27
50159.2321536 27
50219.2320228 27
50279.2308835 27
50339.2310554 27
50399.2294538 27
50459.229659 27
50519.2289421 27
50579.2281128 27
50639.2265835 27
50699.2259985 27
50759.2257978 27
50819.2245831 27
50879.2239673 27
50939.2233463 27
50999.2230831 27
51059.2221573 27
51119.2211191 27
51179.2209369 27
51239.2200897 27
51301.2194271 27
51361.2187348 27
51421.2178655 27
51481.2165169 27
51541.2165712 27
51601.2156301 27
51661.2151107 27
51721.2143856 27
51783.213527 27
51843.2123606 27
51903.2119125 27
51963.2106655 27
52023.2102 27
52083.2091572 27
52143.2091721 27
52203.2079035 27
52263.2075838 27
52323.2075736 27
52383.2061741 27
52443.2055655 27
52503.2043687 27
52565.2035876 27
52625.2028266 27
52685.2026721 27
52745.2019773 27
52805.2003931 27
52865.2005018 27
52925.199787 27
52985.1989987 27
53045.1972498 27
53105.1973067 27
53165.1965621 27
53225.1958021 27
53285.1955445 27
53345.1948532 27
53405.1934219 27
53465.1930843 27
53525.1921928 27
53585.1917962 27
53645.1907457 27
53705.1900082 27
53765.1891861 27
53825.1882634 27
53885.1882906 27
53945.1870405 27
54005.1863148 27
54065.1859007 27
54125.1853418 27
54185.1844694 27
54247.1834035 27
54307.1825583 27
54367.1819245 27
54427.1815499 27
54487.1809453 27
54549.1801407 27
54609.1793986 27
54669.178498 27
54729.1770097 27
54789.1764632 27
54849.1759341 27
54909.1751479 27
54969.1749154 27
55029.1741518 27
55089.1726959 27
55149.1727185 27
55209.172079 27
55269.1711358 27
55329.1705821 27
55389.1697461 27
55449.1687633 27
55509.1682178 27
55569.1667778 27
55629.1665263 27
55689.1658607 27
55749.1652957 27
55809.1645824 27
55869.1636489 27
55929.1627755 28
55989.1621376 28
56049.161182 28
56109.1609706 28
56169.1601977 28
56229.1595044 28
56289.158731 28
56349.1577139 28
56409.1568492 28
56471.1561302 28
56531.1558726 28
56591.1543741 28
56651.1543479 28
56711.1533919 28
56771.1526944 28
56831.1511143 28
56891.1510589 28
56951.1502245 28
57011.1495912 28
57071.1487968 28
57131.1473706 28
57191.1473029 28
57251.1461344 28
57311.1459712 28
57371.1452871 28
57431.1478782 28
57491.1437758 28
57551.1424163 28
57611.1414926 28
57671.1411467 28
57731.1407023 28
57791.1400418 28
57851.1390042 28
57911.138375 28
57971.1370823 28
58031.1363792 28
58091.1360246 28
58151.1351414 28
58213.1346549 28
58273.1339134 28
58333.1323948 28
58393.1317303 28
58453.1316281 28
58512.1302692 28
58572.1296765 28
58632.1289786 28
58692.1336988 28
58752.1277264 29
58812.1264875 29
58872.1255715 29
58932.1249095 29
58992.1234054 29
59052.1231657 29
59112.1222784 29
59172.1220069 29
59232.1203837 29
59292.1199614 29
59352.1187718 29
59412.1184223 29
59472.1178686 29
59532.1169946 29
59592.1160955 29
59652.1148326 29
59712.1134875 29
59784.3769096 64
