66.2273161 26
130.2263616 27
191.2254727 28
252.2239717 28
314.2233476 28
374.2229335 29
434.22161 29
494.2196968 29
554.2189173 29
614.2183025 29
674.2173998 29
735.2229032 29
795.2154307 29
857.2146964 29
917.2193114 29
977.212816 29
1037.2121653 29
1098.2110512 29
1159.209991 29
1219.2085535 29
1279.2082815 29
1340.2119482 30
1400.2064987 30
1462.2049099 30
1522.2044049 30
1583.2034294 30
1644.5432702 30
1704.2021295 30
1764.2517874 30
1824.2001321 30
1884.3155163 30
1944.1983473 30
2004.1968893 30
2064.1964003 30
2124.1953287 30
2184.3477023 30
2244.1941479 30
2304.1923194 30
2364.1921383 30
2424.1911611 30
2484.1905905 30
2544.1887871 30
2604.1886871 30
2664.1875806 30
2724.1869694 30
2785.1861504 30
2845.1855151 30
2905.1840669 30
2965.1840864 30
3026.1822179 30
3086.1815071 30
3146.1808595 30
3206.1802975 30
3266.1798788 30
3326.1789068 30
3386.1814199 30
3446.1797043 30
3506.1768166 30
3566.1756655 30
3627.1744221 30
3688.1730893 30
3749.1728758 30
3809.17302 30
3870.1705891 30
3930.1704731 30
3990.1693774 30
4050.1682474 30
4110.1681017 30
4171.1659478 30
4231.1662824 30
4291.1667166 30
4351.164767 30
4411.1634522 30
4472.1672462 30
4532.1631448 30
4593.1607847 30
4653.1607918 30
4714.1596859 30
4774.1591866 30
4834.1594848 30
4894.1583983 30
4955.155681 30
5015.1557908 30
5075.1578128 30
5135.1540024 30
5196.15356 30
5257.1516756 30
5317.151904 30
5377.1506775 30
5437.1510818 30
5497.1492385 30
5557.1477338 30
5617.151107 30
5677.1467998 30
5738.1465181 30
5798.1459998 30
5858.1443853 30
5918.1429976 30
5978.1428391 30
6039.1418532 30
6099.1401135 30
6159.1403368 30
6219.1385411 30
6279.1385001 30
6339.1374013 30
6399.1378663 30
6459.1352552 30
6519.1347205 30
6579.1345455 30
6639.133186 30
6699.136706 30
6760.1318974 30
6821.1307366 30
6881.1354748 30
6941.128688 30
7001.1274543 30
7061.1281019 30
7123.1266316 30
7185.1254687 30
7245.1250967 30
7305.124254 30
7365.1231871 30
7425.1213212 30
7485.1204785 30
7545.1199597 30
7605.1196615 30
7665.1192187 30
7726.1181286 30
7786.1215968 30
7846.116353 30
7906.1196241 30
7966.1138831 30
8027.1181435 30
8087.1125975 30
8147.11217 30
8207.1114926 30
8269.1106762 30
8329.1101933 30
8389.109074 30
8449.1080933 30
8509.1077407 30
8569.1066754 30
8630.1057096 30
8690.1050768 30
8750.1035998 30
8812.103547 30
8872.1026674 30
8932.1008748 30
8992.101445 30
9052.0995041 30
9113.0989689 30
9173.0981786 30
9233.0975525 30
9294.2697771 30
9354.0958056 30
9414.0955259 30
9474.0940664 30
9534.0926905 30
