-1.3806E-06
-1.3804E-06
-1.3808E-06
-1.3808E-06
-1.3771E-06
4.554E-07
2.2854E-06
3.9279E-06
8.3354E-06
9.3404E-06
1.02244E-05
1.10127E-05
1.17079E-05
1.23221E-05
1.28629E-05
1.33408E-05
1.37573E-05
1.41223E-05
1.44396E-05
1.47169E-05
1.49592E-05
1.51646E-05
1.53475E-05
1.55029E-05
1.56362E-05
1.57473E-05
1.58396E-05
1.5921E-05
1.59879E-05
1.60425E-05
1.60831E-05
1.61169E-05
1.61402E-05
1.61602E-05
1.61723E-05
1.61794E-05
1.61827E-05
1.61787E-05
1.61704E-05
1.616E-05
1.61475E-05
1.61348E-05
1.61119E-05
1.60952E-05
1.60725E-05
1.60475E-05
1.60235E-05
1.59975E-05
1.59698E-05
1.59454E-05
1.5915E-05
1.58856E-05
1.58573E-05
1.58262E-05
1.57954E-05
1.57631E-05
1.57321E-05
1.56998E-05
1.56652E-05
1.56327E-05
-0.98617057
-0.98616859
-0.986168555
-0.986168395
-0.98616602
-8.425E-07
-8.754E-07
-9.092E-07
-9.429E-07
8.946E-07
2.6773E-06
4.2829E-06
5.7142E-06
6.9983E-06
8.1371E-06
9.1544E-06
1.00567E-05
1.08606E-05
1.15704E-05
1.21977E-05
1.27487E-05
1.32348E-05
1.36606E-05
1.40354E-05
1.43606E-05
1.46477E-05
1.48921E-05
1.53198E-05
1.54773E-05
1.56144E-05
1.57273E-05
1.58271E-05
1.59077E-05
1.59773E-05
1.60327E-05
1.60765E-05
1.61102E-05
1.614E-05
1.61571E-05
1.61721E-05
1.61783E-05
1.61794E-05
1.61804E-05
1.61733E-05
1.61588E-05
1.61502E-05
1.61323E-05
1.61175E-05
1.60946E-05
1.60748E-05
1.60521E-05
1.60277E-05
1.60019E-05
1.59756E-05
1.59469E-05
1.59181E-05
1.58904E-05
1.58623E-05
1.58296E-05
1.57994E-05
1.57675E-05
1.57352E-05
1.57019E-05
1.56725E-05
1.56373E-05
1.5606E-05
1.55746E-05
1.55398E-05
1.55069E-05
1.54725E-05
1.54394E-05
1.54077E-05
1.53719E-05
1.53377E-05
1.53042E-05
1.52698E-05
1.52352E-05
1.51992E-05
1.51673E-05
1.51327E-05
1.50969E-05
1.50648E-05
1.503E-05
1.49954E-05
1.49621E-05
1.49275E-05
1.48952E-05
1.48583E-05
1.48246E-05
1.47898E-05
1.47538E-05
1.47177E-05
1.46852E-05
1.46496E-05
1.46177E-05
1.45815E-05
1.45479E-05
1.45129E-05
1.4481E-05
1.4445E-05
1.44096E-05
1.43748E-05
1.43425E-05
1.43075E-05
1.42727E-05
1.42381E-05
1.42031E-05
1.41702E-05
1.41356E-05
1.41008E-05
1.40673E-05
1.40325E-05
1.39938E-05
1.39629E-05
1.3924E-05
1.38929E-05
1.38577E-05
1.38246E-05
1.37896E-05
1.37552E-05
1.372E-05
1.3685E-05
1.36506E-05
1.36169E-05
1.35798E-05
1.3545E-05
1.35127E-05
1.34767E-05
1.34458E-05
1.34094E-05
1.33748E-05
1.33398E-05
1.3305E-05
1.32704E-05
1.32358E-05
1.31996E-05
1.31677E-05
1.31315E-05
1.30979E-05
1.30619E-05
1.30283E-05
1.2995E-05
1.29592E-05
1.29281E-05
1.28894E-05
1.28546E-05
1.28221E-05
1.27865E-05
1.27517E-05
1.27169E-05
1.26821E-05
1.26496E-05
1.26129E-05
1.25802E-05
1.25469E-05
1.25121E-05
1.24758E-05
1.24421E-05
1.24054E-05
1.23729E-05
1.23408E-05
1.23037E-05
1.22725E-05
1.22344E-05
1.22019E-05
1.21658E-05
1.21304E-05
1.20973E-05
1.20625E-05
1.20265E-05
1.19927E-05
1.19592E-05
1.19219E-05
1.18894E-05
1.18523E-05
1.18198E-05
1.1785E-05
1.17504E-05
1.17171E-05
1.16802E-05
1.16479E-05
1.16131E-05
1.158E-05
1.15452E-05
1.15094E-05
1.14779E-05
1.1441E-05
1.14075E-05
1.13729E-05
1.13367E-05
1.13021E-05
1.12671E-05
1.12321E-05
1.11973E-05
1.11654E-05
1.11292E-05
1.10971E-05
1.10608E-05
1.10273E-05
1.09925E-05
1.09575E-05
1.09227E-05
1.08906E-05
1.08546E-05
1.08173E-05
1.07848E-05
1.0749E-05
1.07154E-05
1.06831E-05
1.06448E-05
1.06127E-05
1.05769E-05
1.05421E-05
1.05108E-05
1.04721E-05
1.04402E-05
1.0404E-05
1.03719E-05
1.03356E-05
1.03008E-05
1.02677E-05
1.02331E-05
1.01996E-05
1.0165E-05
1.01304E-05
1.00952E-05
1.00594E-05
1.00271E-05
9.9908E-06
9.9571E-06
9.9227E-06
9.8838E-06
9.8529E-06
9.8167E-06
9.7819E-06
9.7479E-06
9.7119E-06
9.6806E-06
9.6421E-06
9.61E-06
9.5402E-06
9.5094E-06
9.4767E-06
9.4475E-06
9.4144E-06
9.3846E-06
9.3498E-06
9.3175E-06
9.2875E-06
9.255E-06
9.22E-06
9.1869E-06
9.1542E-06
9.1204E-06
9.0879E-06
9.0552E-06
9.0171E-06
8.9852E-06
8.9517E-06
8.915E-06
8.8831E-06
8.8496E-06
8.8152E-06
8.7827E-06
8.7473E-06
8.7123E-06
8.6767E-06
8.6419E-06
8.6073E-06
8.5725E-06
8.5406E-06
8.5069E-06
8.47E-06
8.4375E-06
8.4025E-06
8.3679E-06
8.3356E-06
8.2998E-06
8.2652E-06
8.2304E-06
8.1981E-06
8.1596E-06
8.126E-06
8.0923E-06
8.0579E-06
8.0219E-06
7.9883E-06
7.9531E-06
7.92E-06
7.8854E-06
7.8519E-06
7.8146E-06
7.7821E-06
7.7444E-06
7.7106E-06
7.6773E-06
7.6427E-06
7.6075E-06
7.5744E-06
7.5369E-06
7.5021E-06
7.4671E-06
7.435E-06
7.4002E-06
7.3654E-06
7.3306E-06
7.2948E-06
7.2631E-06
7.2308E-06
7.1962E-06
7.1602E-06
7.1258E-06
7.0904E-06
7.0546E-06
7.02E-06
6.9877E-06
6.9529E-06
6.9169E-06
6.8831E-06
6.8471E-06
6.8123E-06
6.7804E-06
6.7442E-06
6.7106E-06
6.6783E-06
6.6396E-06
6.605E-06
6.5725E-06
6.5365E-06
6.5017E-06
6.4683E-06
6.4329E-06
6.3973E-06
6.365E-06
6.3304E-06
6.2969E-06
6.2623E-06
6.2248E-06
6.1925E-06
6.1604E-06
6.1233E-06
6.0898E-06
6.0202E-06
5.9865E-06
5.9577E-06
5.9271E-06
5.8954E-06
5.8633E-06
5.8325E-06
5.8004E-06
5.765E-06
5.7327E-06
5.7E-06
5.6681E-06
5.6352E-06
5.5998E-06
5.5679E-06
5.5321E-06
5.4981E-06
5.4619E-06
5.4302E-06
5.3969E-06
5.3623E-06
5.3277E-06
5.2944E-06
5.2585E-06
5.2248E-06
5.1902E-06
5.1571E-06
5.1196E-06
5.0875E-06
5.0498E-06
5.0179E-06
4.9854E-06
4.9469E-06
4.9125E-06
4.8802E-06
4.8444E-06
4.8098E-06
4.7773E-06
4.7425E-06
4.7077E-06
4.6717E-06
4.6379E-06
4.6021E-06
4.5673E-06
4.535E-06
4.5002E-06
4.4654E-06
4.4335E-06
4.3973E-06
4.3629E-06
4.3281E-06
4.296E-06
4.2629E-06
4.2269E-06
4.191E-06
4.1581E-06
4.1221E-06
4.0846E-06
4.05E-06
4.0175E-06
3.9825E-06
3.9477E-06
3.9117E-06
3.8781E-06
3.8421E-06
3.8098E-06
3.775E-06
3.739E-06
3.7054E-06
3.6719E-06
3.6344E-06
3.6008E-06
3.5671E-06
3.5325E-06
3.4977E-06
3.4617E-06
3.4271E-06
3.3946E-06
3.36E-06
3.325E-06
3.2904E-06
3.2552E-06
3.2221E-06
3.1879E-06
3.1527E-06
3.1167E-06
3.0821E-06
3.0473E-06
3.0152E-06
2.9808E-06
2.9444E-06
2.9123E-06
2.8773E-06
2.8427E-06
2.8077E-06
2.7729E-06
2.7406E-06
2.7027E-06
2.6675E-06
2.6377E-06
2.6006E-06
2.5681E-06
2.5321E-06
2.4971E-06
2.4621E-06
2.4248E-06
2.3923E-06
2.3573E-06
2.3225E-06
2.2879E-06
2.2519E-06
2.2198E-06
2.1862E-06
2.15E-06
2.1154E-06
2.0821E-06
2.0452E-06
2.0154E-06
1.9769E-06
1.9419E-06
1.9073E-06
1.8723E-06
1.8402E-06
1.8058E-06
1.7719E-06
1.7373E-06
1.7023E-06
1.6673E-06
1.6327E-06
1.5965E-06
1.5646E-06
1.5271E-06
1.4923E-06
1.46E-06
1.4252E-06
1.3904E-06
1.3581E-06
1.3213E-06
1.2867E-06
1.2531E-06
1.2169E-06
1.1848E-06
1.15E-06
1.114E-06
1.0794E-06
1.0456E-06
1.0121E-06
9.744E-07
9.425E-07
9.075E-07
8.717E-07
8.381E-07
8.048E-07
7.704E-07
7.369E-07
7.012E-07
6.673E-07
6.329E-07
5.971E-07
5.65E-07
5.3E-07
4.954E-07
4.602E-07
4.244E-07
3.931E-07
3.546E-07
3.221E-07
2.877E-07
2.552E-07
2.196E-07
1.894E-07
1.612E-07
1.294E-07
1.019E-07
7.69E-08
5.52E-08
2.94E-08
9.6E-09
-1.98E-08
-3.56E-08
-5.27E-08
-6.54E-08
-8.02E-08
-9.06E-08
-1.029E-07
-1.125E-07
-1.225E-07
-1.308E-07
-1.375E-07
-1.45E-07
-1.508E-07
-1.55E-07
-1.615E-07
-1.671E-07
-1.704E-07
-1.725E-07
-1.771E-07
-1.8E-07
-1.827E-07
-1.862E-07
-1.844E-07
-1.881E-07
-1.865E-07
-1.919E-07
-1.946E-07
-1.927E-07
-1.944E-07
-1.96E-07
-1.95E-07
-1.977E-07
-1.95E-07
-1.95E-07
-1.95E-07
-1.938E-07
-1.948E-07
-1.94E-07
-1.95E-07
-1.963E-07
-1.95E-07
-1.95E-07
-1.937E-07
-1.944E-07
-1.917E-07
-1.952E-07
-1.929E-07
-1.927E-07
-1.933E-07
-1.896E-07
-1.929E-07
-1.904E-07
-1.896E-07
-1.896E-07
-1.871E-07
-1.869E-07
-1.867E-07
-1.904E-07
-1.877E-07
-1.848E-07
-1.869E-07
-1.856E-07
-1.842E-07
-1.852E-07
-1.848E-07
-1.821E-07
-1.854E-07
-1.827E-07
-1.833E-07
-1.796E-07
-1.812E-07
-1.8E-07
-1.781E-07
-1.79E-07
-1.777E-07
-1.785E-07
-1.746E-07
-1.752E-07
-1.75E-07
-1.746E-07
-1.758E-07
-1.721E-07
-1.725E-07
-1.723E-07
-1.723E-07
-1.721E-07
-1.723E-07
-1.694E-07
-1.702E-07
-1.7E-07
-1.71E-07
-1.669E-07
-1.675E-07
-1.671E-07
-1.656E-07
-1.679E-07
-1.65E-07
-1.621E-07
-1.617E-07
-1.617E-07
-1.615E-07
-1.64E-07
-1.652E-07
-1.65E-07
-1.629E-07
-1.625E-07
-1.65E-07
-1.652E-07
-1.623E-07
-1.635E-07
-1.623E-07
-1.598E-07
-1.596E-07
-1.631E-07
-1.606E-07
-1.592E-07
-1.627E-07
-1.6E-07
-1.61E-07
-1.598E-07
-1.573E-07
-1.571E-07
-1.569E-07
-1.581E-07
-1.604E-07
-1.602E-07
-1.577E-07
-1.575E-07
-1.573E-07
-1.571E-07
-1.575E-07
-1.571E-07
-1.546E-07
-1.569E-07
-1.581E-07
-1.579E-07
-1.554E-07
-1.538E-07
-1.554E-07
-1.55E-07
-1.55E-07
-1.523E-07
-1.521E-07
-1.542E-07
-1.556E-07
-1.529E-07
-1.529E-07
-1.529E-07
-1.529E-07
-1.54E-07
-1.525E-07
-1.525E-07
-1.523E-07
-1.521E-07
-1.521E-07
-1.521E-07
-1.506E-07
-1.506E-07
-1.515E-07
-1.504E-07
-1.5E-07
-1.502E-07
-1.498E-07
-1.5E-07
-1.498E-07
-1.481E-07
-1.483E-07
-1.481E-07
-1.488E-07
-1.477E-07
-1.475E-07
-1.475E-07
-1.483E-07
-1.458E-07
-1.469E-07
-1.467E-07
-1.479E-07
-1.452E-07
-1.452E-07
-1.45E-07
-1.45E-07
-1.45E-07
-1.448E-07
-1.446E-07
-1.444E-07
-1.446E-07
-1.444E-07
-1.456E-07
-1.454E-07
-1.429E-07
-1.425E-07
-1.425E-07
-1.425E-07
-1.423E-07
-1.421E-07
-1.433E-07
-1.396E-07
-1.421E-07
-1.406E-07
-1.419E-07
-1.402E-07
-1.39E-07
-1.402E-07
-1.4E-07
-1.4E-07
-1.398E-07
-1.41E-07
-1.371E-07
-1.392E-07
-1.381E-07
-1.367E-07
-1.402E-07
-1.377E-07
-1.373E-07
-1.348E-07
-1.371E-07
-1.383E-07
-1.381E-07
-1.371E-07
-1.346E-07
-1.367E-07
-1.381E-07
-1.346E-07
-1.342E-07
-1.379E-07
-1.356E-07
-1.342E-07
-1.338E-07
-1.354E-07
-1.352E-07
-1.375E-07
-1.35E-07
-1.36E-07
-1.35E-07
-1.348E-07
-1.344E-07
-1.356E-07
-1.356E-07
-1.354E-07
-1.354E-07
-1.352E-07
-1.354E-07
-1.327E-07
-1.327E-07
-1.325E-07
-1.325E-07
-1.298E-07
-1.319E-07
-1.335E-07
-1.321E-07
-1.323E-07
-1.321E-07
-1.319E-07
-1.304E-07
-1.302E-07
-1.288E-07
-1.3E-07
-1.302E-07
-1.271E-07
-1.269E-07
-1.294E-07
-1.296E-07
-1.306E-07
-1.281E-07
-1.304E-07
-1.267E-07
-1.277E-07
-1.275E-07
-1.277E-07
-1.271E-07
-1.285E-07
-1.273E-07
-1.281E-07
-1.271E-07
-1.269E-07
-1.25E-07
-1.248E-07
-1.213E-07
-1.246E-07
-1.25E-07
-1.233E-07
-1.242E-07
-1.231E-07
-1.256E-07
-1.227E-07
-1.254E-07
-1.225E-07
-1.227E-07
-1.198E-07
-1.194E-07
-1.233E-07
-1.204E-07
-1.19E-07
-1.227E-07
-1.202E-07
-1.202E-07
-1.2E-07
-1.212E-07
-1.198E-07
-1.183E-07
-1.194E-07
-1.196E-07
-1.183E-07
-1.194E-07
-1.177E-07
-1.202E-07
-1.175E-07
-1.177E-07
-1.173E-07
-1.148E-07
-1.171E-07
-1.181E-07
-1.156E-07
-1.142E-07
-1.181E-07
-1.152E-07
-1.152E-07
-1.148E-07
-1.15E-07
-1.15E-07
-1.146E-07
-1.148E-07
-1.156E-07
-1.144E-07
-1.154E-07
-1.117E-07
-1.154E-07
-1.121E-07
-1.154E-07
-1.127E-07
-1.127E-07
-1.125E-07
-1.123E-07
-1.135E-07
-1.096E-07
-1.119E-07
-1.129E-07
-1.094E-07
-1.104E-07
-1.125E-07
-1.127E-07
-1.125E-07
-1.098E-07
-1.096E-07
-1.096E-07
-1.096E-07
-1.094E-07
-1.069E-07
-1.065E-07
-1.077E-07
-1.075E-07
-1.087E-07
-1.085E-07
-1.083E-07
-1.079E-07
-1.044E-07
-1.04E-07
-1.05E-07
-1.05E-07
-1.048E-07
-1.046E-07
-1.035E-07
-1.042E-07
-1.046E-07
-1.029E-07
-1.029E-07
-1.029E-07
-1.027E-07
-1.025E-07
-1.035E-07
-1.023E-07
-1.01E-07
-1.019E-07
-9.96E-08
-1.002E-07
-1.015E-07
-1.027E-07
-1E-07
-1E-07
-1E-07
-9.98E-08
-9.71E-08
-9.69E-08
-9.94E-08
-9.92E-08
-1.006E-07
-9.79E-08
-1.004E-07
-9.77E-08
-1.002E-07
-9.75E-08
-9.75E-08
-9.75E-08
-9.5E-08
-9.69E-08
-9.81E-08
-9.54E-08
-9.79E-08
-9.52E-08
-9.52E-08
-9.48E-08
-9.5E-08
-9.6E-08
-9.46E-08
-9.33E-08
-9.44E-08
-9.54E-08
-9.17E-08
-9.54E-08
-9.27E-08
-9.5E-08
-9.23E-08
-9.23E-08
-9.35E-08
-9.21E-08
-9.33E-08
-8.94E-08
-9.06E-08
-9.27E-08
-9.02E-08
-8.98E-08
-9E-08
-8.98E-08
-8.75E-08
-8.94E-08
-9.1E-08
-8.71E-08
-8.92E-08
-8.81E-08
-8.77E-08
-8.88E-08
-8.77E-08
-8.77E-08
-8.77E-08
-8.73E-08
-8.73E-08
-8.69E-08
-8.71E-08
-8.56E-08
-8.67E-08
-8.69E-08
-8.52E-08
-8.54E-08
-8.48E-08
-8.58E-08
-8.23E-08
-8.19E-08
-8.17E-08
-8.29E-08
-8.29E-08
-8.29E-08
-8.25E-08
-8.25E-08
-8.25E-08
-7.98E-08
-8.19E-08
-8.35E-08
-8.31E-08
-8.29E-08
-8.31E-08
-8.04E-08
-8.02E-08
-7.88E-08
-8.02E-08
-8.25E-08
-8.27E-08
-7.98E-08
-7.98E-08
-8E-08
-8.04E-08
-7.98E-08
-7.98E-08
-7.69E-08
-7.67E-08
-7.81E-08
-7.79E-08
-7.75E-08
-7.75E-08
-7.75E-08
-7.75E-08
-7.73E-08
-7.46E-08
-7.44E-08
-7.42E-08
-7.79E-08
-7.54E-08
-7.54E-08
-7.52E-08
-7.52E-08
-7.5E-08
-7.5E-08
-7.5E-08
-7.6E-08
-7.33E-08
-7.17E-08
-7.31E-08
-7.42E-08
-7.31E-08
-7.27E-08
-7.27E-08
-7.23E-08
-7.25E-08
-7.35E-08
-7.21E-08
-7.23E-08
-7.08E-08
-7.19E-08
-7.04E-08
-7.31E-08
-7.04E-08
-7.31E-08
-7.02E-08
-7.02E-08
-6.98E-08
-6.96E-08
-7.06E-08
-6.83E-08
-6.81E-08
-6.67E-08
-6.92E-08
-6.77E-08
-6.75E-08
-6.77E-08
-6.75E-08
-6.75E-08
-6.63E-08
-6.73E-08
-6.75E-08
-6.77E-08
-6.85E-08
-6.71E-08
-6.73E-08
-6.73E-08
-6.62E-08
-6.71E-08
-6.73E-08
-6.69E-08
-6.48E-08
-6.81E-08
-6.71E-08
-6.83E-08
-6.44E-08
-6.79E-08
-6.54E-08
-6.4E-08
-6.52E-08
-6.5E-08
-6.46E-08
-6.19E-08
-6.19E-08
-6.19E-08
-6.42E-08
-6.54E-08
-6.31E-08
-6.13E-08
-6.27E-08
-6.25E-08
-6.23E-08
-6.37E-08
-6.23E-08
-6.21E-08
-6.23E-08
-6.08E-08
-6.19E-08
-6.19E-08
-6.06E-08
-6.29E-08
-6.04E-08
-6E-08
-6.25E-08
-6E-08
-6.1E-08
-6E-08
-6.1E-08
-5.73E-08
-5.94E-08
-5.81E-08
-5.92E-08
-5.79E-08
-5.67E-08
-5.77E-08
-5.65E-08
-5.77E-08
-5.77E-08
-5.75E-08
-5.73E-08
-5.75E-08
-5.73E-08
-5.73E-08
-5.83E-08
-5.58E-08
-5.67E-08
-5.81E-08
-5.54E-08
-5.4E-08
-5.77E-08
-5.5E-08
-5.25E-08
-5.46E-08
-5.21E-08
-5.56E-08
-5.46E-08
-5.29E-08
-5.42E-08
-5.54E-08
-5.29E-08
-5.29E-08
-5.27E-08
-5.25E-08
-5.27E-08
-5.23E-08
-5.23E-08
-5.19E-08
-4.96E-08
-5.19E-08
-4.96E-08
-5.17E-08
-5.06E-08
-4.9E-08
-4.9E-08
-5E-08
-4.98E-08
-5E-08
-5.08E-08
-5.08E-08
-5.06E-08
-4.79E-08
-4.77E-08
-4.77E-08
-4.77E-08
-4.75E-08
-4.73E-08
-4.85E-08
-4.81E-08
-4.58E-08
-4.54E-08
-4.56E-08
-4.79E-08
-4.52E-08
-4.5E-08
-4.46E-08
-4.48E-08
-4.21E-08
-4.44E-08
-4.58E-08
-4.56E-08
-4.31E-08
-4.27E-08
-4.31E-08
-4.27E-08
-4.15E-08
-4.25E-08
-4.25E-08
-4.21E-08
-4.21E-08
-4.08E-08
-4.17E-08
-4.19E-08
-4.21E-08
-4.31E-08
-4.02E-08
-4.02E-08
-4.02E-08
-4.02E-08
-4.02E-08
-4.1E-08
-3.63E-08
-3.94E-08
-4.06E-08
-4.06E-08
-4.06E-08
-3.77E-08
-3.65E-08
-3.79E-08
-4E-08
-3.73E-08
-3.73E-08
-3.71E-08
-3.73E-08
-3.83E-08
-3.73E-08
-3.56E-08
-3.56E-08
-3.69E-08
-3.52E-08
-3.52E-08
-3.5E-08
-3.5E-08
-3.48E-08
-3.33E-08
-3.42E-08
-3.54E-08
-3.44E-08
-3.19E-08
-3.25E-08
-3.5E-08
-3.27E-08
-3.25E-08
-3E-08
-3.19E-08
-3.33E-08
-3.21E-08
-3.21E-08
-3.29E-08
-3.29E-08
-3.04E-08
-3.29E-08
-3.31E-08
-2.92E-08
-3.06E-08
-3.04E-08
-3.02E-08
-3.04E-08
-3.04E-08
-3.04E-08
-3.04E-08
-3.23E-08
-3.23E-08
-3E-08
-2.73E-08
-2.71E-08
-2.69E-08
-2.69E-08
-2.67E-08
-2.81E-08
-2.79E-08
-2.77E-08
-2.75E-08
-2.77E-08
-2.75E-08
-2.75E-08
-2.75E-08
-2.75E-08
-2.75E-08
-2.73E-08
-2.71E-08
-2.48E-08
-2.81E-08
-2.81E-08
-2.71E-08
-2.71E-08
-2.83E-08
-2.69E-08
-2.81E-08
-2.71E-08
-2.46E-08
-2.81E-08
-2.67E-08
-2.52E-08
-2.52E-08
-2.54E-08
-2.52E-08
-2.52E-08
-2.77E-08
-2.5E-08
-2.48E-08
-2.23E-08
-2.46E-08
-2.19E-08
-2.56E-08
-2.54E-08
-2.31E-08
-2.17E-08
-2.52E-08
-2.27E-08
-2.52E-08
-2.25E-08
-2.25E-08
-2.23E-08
-2.23E-08
-2.35E-08
-2.35E-08
-2.21E-08
-3.96E-08
-2.33E-08
-2.21E-08
-2.33E-08
-2.33E-08
-2.33E-08
-2.31E-08
-2.06E-08
-1.94E-08
-1.92E-08
-2.15E-08
-2.04E-08
-2.31E-08
-1.92E-08
-2.31E-08
-2.02E-08
-2.04E-08
-2.02E-08
-2.04E-08
-2.27E-08
-2E-08
-1.98E-08
-2E-08
-2E-08
-1.98E-08
-1.83E-08
-1.94E-08
-1.81E-08
-1.69E-08
-1.77E-08
-1.79E-08
-1.77E-08
-1.75E-08
-1.77E-08
-1.73E-08
-1.75E-08
-1.75E-08
-1.73E-08
-1.69E-08
-1.46E-08
-1.42E-08
-1.67E-08
-1.79E-08
-1.5E-08
-1.4E-08
-1.5E-08
-1.5E-08
-1.48E-08
-1.48E-08
-1.19E-08
-1.29E-08
-1.52E-08
-1.52E-08
-1.25E-08
-1.23E-08
-1.1E-08
-1.19E-08
-1.33E-08
-1.29E-08
-1E-08
-1.1E-08
-9.8E-09
-9.6E-09
-9.8E-09
-8.1E-09
-6.3E-09
-7.9E-09
-7.5E-09
-7.5E-09
-7.5E-09
-7.5E-09
-7.5E-09
-8.7E-09
-7.5E-09
-7.7E-09
-7.3E-09
-7.5E-09
-7.3E-09
-7.1E-09
-8.7E-09
-7.3E-09
-8.5E-09
-6.9E-09
-6.9E-09
-8.3E-09
-7.3E-09
-7.3E-09
-7.1E-09
-5.6E-09
-6.7E-09
-7.1E-09
-5.6E-09
-6.9E-09
-7.5E-09
-7.5E-09
-7.5E-09
-5E-09
8.3E-09
5.6E-09
6E-09
6.2E-09
7.1E-09
7.3E-09
7.3E-09
4.8E-09
8.7E-09
7.3E-09
5E-09
7.5E-09
4.8E-09
7.5E-09
7.5E-09
7.5E-09
6.5E-09
7.7E-09
8.3E-09
8.1E-09
1.08E-08
6.9E-09
1.08E-08
7.3E-09
1E-08
1E-08
1E-08
1.02E-08
1.02E-08
1.04E-08
1.04E-08
9.2E-09
9.2E-09
1.19E-08
1.06E-08
1.06E-08
9.6E-09
9.8E-09
1.25E-08
1.27E-08
1.27E-08
1.54E-08
1.31E-08
1.54E-08
1.31E-08
1.21E-08
1.58E-08
1.46E-08
1.37E-08
1.52E-08
1.4E-08
1.42E-08
1.54E-08
1.44E-08
1.56E-08
1.73E-08
1.73E-08
1.46E-08
1.77E-08
1.75E-08
1.77E-08
2.08E-08
1.96E-08
1.73E-08
1.75E-08
2.04E-08
2.02E-08
1.94E-08
2.19E-08
2.12E-08
2.25E-08
2.15E-08
2.29E-08
2.21E-08
2.19E-08
2.23E-08
2.23E-08
2.52E-08
2.4E-08
2.54E-08
2.44E-08
2.44E-08
2.48E-08
2.5E-08
2.5E-08
2.77E-08
2.77E-08
2.94E-08
2.85E-08
2.71E-08
3.1E-08
2.71E-08
3.04E-08
3.02E-08
3.29E-08
3.08E-08
2.98E-08
3.23E-08
3.27E-08
3.27E-08
3.19E-08
3.54E-08
3.46E-08
3.21E-08
3.25E-08
3.25E-08
3.54E-08
3.15E-08
3.56E-08
3.54E-08
3.56E-08
3.83E-08
3.77E-08
3.73E-08
3.75E-08
3.65E-08
3.83E-08
3.79E-08
3.83E-08
3.71E-08
3.83E-08
4E-08
3.75E-08
3.75E-08
4.04E-08
4.04E-08
3.94E-08
3.98E-08
3.98E-08
4.25E-08
4.25E-08
4.27E-08
4.19E-08
4.29E-08
4.46E-08
4.62E-08
4.25E-08
4.54E-08
4.44E-08
4.54E-08
4.71E-08
4.73E-08
4.77E-08
4.81E-08
4.69E-08
4.94E-08
4.96E-08
4.98E-08
5.02E-08
5.02E-08
5.02E-08
4.94E-08
4.96E-08
4.94E-08
4.98E-08
5.25E-08
5.25E-08
5.29E-08
5.29E-08
5.44E-08
5.35E-08
5.23E-08
5.5E-08
5.38E-08
5.52E-08
5.4E-08
5.58E-08
5.46E-08
5.71E-08
5.73E-08
5.73E-08
5.79E-08
5.77E-08
5.71E-08
5.96E-08
6.12E-08
6E-08
5.75E-08
6.04E-08
5.94E-08
5.94E-08
6.29E-08
6.19E-08
5.98E-08
6E-08
6E-08
6.04E-08
6.29E-08
6.15E-08
6.19E-08
6.19E-08
6.21E-08
6.48E-08
6.25E-08
6.52E-08
6.52E-08
6.52E-08
6.42E-08
6.81E-08
6.44E-08
6.75E-08
6.73E-08
6.75E-08
6.81E-08
6.77E-08
6.96E-08
6.69E-08
6.85E-08
6.73E-08
7.02E-08
6.63E-08
7.04E-08
7.04E-08
7.04E-08
6.96E-08
6.96E-08
6.98E-08
7.25E-08
7.25E-08
7.13E-08
7E-08
7.27E-08
7.29E-08
7.19E-08
7.54E-08
7.33E-08
7.27E-08
7.44E-08
7.21E-08
7.23E-08
7.23E-08
7.23E-08
7.5E-08
7.5E-08
7.25E-08
7.52E-08
7.52E-08
7.56E-08
7.44E-08
7.83E-08
7.44E-08
7.71E-08
7.6E-08
7.48E-08
7.48E-08
7.5E-08
7.77E-08
7.63E-08
7.75E-08
7.38E-08
7.54E-08
7.77E-08
7.75E-08
7.77E-08
7.75E-08
7.65E-08
7.75E-08
7.77E-08
7.67E-08
7.65E-08
7.79E-08
7.67E-08
7.79E-08
7.77E-08
7.79E-08
7.67E-08
7.79E-08
8.04E-08
7.83E-08
7.81E-08
7.71E-08
7.71E-08
7.71E-08
8.1E-08
7.96E-08
7.75E-08
8.02E-08
8E-08
8E-08
8.02E-08
7.98E-08
8E-08
8E-08
8.06E-08
8.02E-08
7.9E-08
7.92E-08
8.04E-08
8.04E-08
8.02E-08
8.02E-08
7.92E-08
8.04E-08
8.02E-08
8.08E-08
7.92E-08
8.04E-08
7.92E-08
8.08E-08
8.06E-08
7.94E-08
7.94E-08
8.21E-08
8.08E-08
8.06E-08
7.94E-08
8.08E-08
7.98E-08
7.98E-08
7.96E-08
8.1E-08
8.23E-08
8.23E-08
8.35E-08
7.98E-08
8.27E-08
8.25E-08
8.25E-08
8.15E-08
8.04E-08
8.27E-08
8.29E-08
8.17E-08
8.29E-08
8.17E-08
8.19E-08
8.17E-08
8.27E-08
8.19E-08
8.17E-08
8.29E-08
8.29E-08
8.17E-08
8.29E-08
8.33E-08
8.31E-08
8.29E-08
8.19E-08
8.17E-08
8.31E-08
8.27E-08
8.02E-08
8.04E-08
8.02E-08
8.23E-08
7.98E-08
8.23E-08
8.12E-08
7.98E-08
7.96E-08
8.23E-08
7.96E-08
8.31E-08
8.21E-08
7.94E-08
7.96E-08
7.94E-08
8.08E-08
8.08E-08
7.94E-08
7.96E-08
7.96E-08
8.08E-08
7.94E-08
8.06E-08
7.96E-08
7.94E-08
7.92E-08
8.04E-08
8.06E-08
8.1E-08
7.96E-08
7.96E-08
8.33E-08
8.33E-08
8.19E-08
7.94E-08
7.98E-08
8.06E-08
7.96E-08
8.06E-08
7.92E-08
8.06E-08
7.94E-08
8.04E-08
7.94E-08
8.02E-08
8.04E-08
8.02E-08
8.02E-08
8.08E-08
8.02E-08
8.02E-08
8.02E-08
7.77E-08
8.02E-08
8.06E-08
7.9E-08
8.02E-08
7.75E-08
8.04E-08
7.75E-08
7.77E-08
8.02E-08
7.9E-08
8E-08
8E-08
7.75E-08
8E-08
7.73E-08
8E-08
8.02E-08
7.73E-08
8E-08
7.98E-08
7.73E-08
7.75E-08
8E-08
8E-08
7.75E-08
8.02E-08
7.75E-08
8.02E-08
7.73E-08
7.82E-08
7.73E-08
8E-08
7.75E-08
7.77E-08
8.02E-08
8E-08
8E-08
7.73E-08
8.02E-08
7.73E-08
8.02E-08
7.98E-08
7.73E-08
8E-08
8E-08
8.04E-08
8E-08
8.02E-08
8.02E-08
8.02E-08
8.02E-08
8.02E-08
8.04E-08
8.04E-08
8.04E-08
8.02E-08
8.06E-08
7.92E-08
8.02E-08
8.04E-08
7.92E-08
8.02E-08
8.15E-08
8.08E-08
8.04E-08
8.02E-08
8.06E-08
8.02E-08
8.04E-08
7.67E-08
8.04E-08
8.04E-08
7.81E-08
8.04E-08
7.92E-08
8.02E-08
8.02E-08
7.9E-08
7.79E-08
7.77E-08
7.75E-08
8E-08
7.71E-08
7.85E-08
7.83E-08
7.77E-08
7.75E-08
7.65E-08
7.79E-08
7.75E-08
7.5E-08
7.5E-08
7.52E-08
7.75E-08
7.48E-08
7.71E-08
7.73E-08
7.46E-08
7.48E-08
7.48E-08
7.71E-08
7.48E-08
7.73E-08
7.73E-08
7.71E-08
7.48E-08
7.77E-08
7.63E-08
7.75E-08
7.5E-08
7.75E-08
7.77E-08
7.67E-08
7.79E-08
7.79E-08
7.79E-08
7.79E-08
7.79E-08
7.83E-08
7.69E-08
7.69E-08
8.06E-08
7.85E-08
7.73E-08
7.83E-08
8.08E-08
7.71E-08
7.96E-08
7.71E-08
7.96E-08
7.96E-08
7.94E-08
7.69E-08
7.71E-08
7.83E-08
7.67E-08
7.81E-08
7.63E-08
7.79E-08
7.77E-08
7.77E-08
7.77E-08
7.5E-08
7.5E-08
7.85E-08
7.46E-08
7.71E-08
7.6E-08
7.46E-08
7.46E-08
7.56E-08
7.44E-08
7.44E-08
7.52E-08
7.42E-08
7.4E-08
7.4E-08
7.13E-08
7.54E-08
7.25E-08
7.52E-08
7.21E-08
7.25E-08
7.48E-08
7.21E-08
7.25E-08
7.23E-08
7.23E-08
7.35E-08
7.21E-08
7.33E-08
7.19E-08
7.33E-08
7.21E-08
7.46E-08
7.6E-08
7.44E-08
7.35E-08
7.21E-08
7.21E-08
7.19E-08
7.31E-08
7.19E-08
7.19E-08
7.21E-08
7.19E-08
7.21E-08
7.21E-08
7.31E-08
7.33E-08
7.33E-08
7.21E-08
7.23E-08
7.33E-08
7.21E-08
7.33E-08
7.21E-08
7.19E-08
7.56E-08
7.58E-08
7.33E-08
7.19E-08
7.31E-08
6.92E-08
7.06E-08
7.31E-08
7.27E-08
6.88E-08
7.02E-08
7.25E-08
7.27E-08
7.15E-08
7.25E-08
7E-08
7.27E-08
7.04E-08
7.02E-08
7.02E-08
7.25E-08
7.15E-08
7E-08
7.27E-08
7E-08
7.25E-08
7.27E-08
7.23E-08
7E-08
7.25E-08
7.27E-08
7.27E-08
7.27E-08
7E-08
7.04E-08
7.29E-08
7.27E-08
7.31E-08
7.27E-08
7.29E-08
6.92E-08
7.27E-08
6.9E-08
7.27E-08
7.25E-08
7.23E-08
7.13E-08
7.13E-08
7.23E-08
7.37E-08
7E-08
7E-08
7.25E-08
6.98E-08
6.98E-08
7.23E-08
6.96E-08
7.25E-08
6.96E-08
6.96E-08
7.21E-08
7.1E-08
7.23E-08
7.21E-08
6.96E-08
7.1E-08
6.98E-08
6.98E-08
6.96E-08
6.98E-08
6.96E-08
7.21E-08
7.35E-08
7.25E-08
7.23E-08
7.21E-08
7.21E-08
6.98E-08
6.98E-08
6.96E-08
7.25E-08
6.98E-08
7.23E-08
7.35E-08
6.96E-08
6.96E-08
6.96E-08
6.94E-08
6.94E-08
6.94E-08
6.94E-08
7.06E-08
7.04E-08
7.04E-08
7.04E-08
6.9E-08
7.06E-08
7.02E-08
6.92E-08
6.9E-08
7.04E-08
7E-08
7E-08
6.77E-08
7E-08
7E-08
6.63E-08
7.02E-08
6.75E-08
7E-08
6.96E-08
6.75E-08
7.02E-08
6.79E-08
7.1E-08
6.87E-08
6.96E-08
6.96E-08
6.94E-08
6.94E-08
6.71E-08
6.81E-08
6.96E-08
6.69E-08
6.71E-08
6.83E-08
6.81E-08
6.69E-08
6.69E-08
6.79E-08
6.67E-08
6.42E-08
6.56E-08
6.77E-08
6.81E-08
6.75E-08
6.5E-08
6.5E-08
6.83E-08
6.44E-08
6.46E-08
6.69E-08
6.58E-08
6.54E-08
6.54E-08
6.42E-08
6.52E-08
6.4E-08
6.25E-08
6.52E-08
6.48E-08
6.48E-08
6.23E-08
6.23E-08
6.23E-08
6.23E-08
6.23E-08
6.58E-08
6.33E-08
6.19E-08
6.42E-08
6.33E-08
6.31E-08
6.29E-08
6.17E-08
6.02E-08
6.29E-08
6.31E-08
6.02E-08
6.29E-08
6.23E-08
5.98E-08
5.98E-08
6.31E-08
5.94E-08
5.79E-08
6.06E-08
5.92E-08
5.88E-08
5.87E-08
5.98E-08
5.98E-08
5.85E-08
5.71E-08
5.73E-08
5.69E-08
5.67E-08
5.81E-08
5.77E-08
5.5E-08
5.48E-08
5.48E-08
5.46E-08
5.58E-08
5.42E-08
5.42E-08
5.54E-08
5.25E-08
5.27E-08
5.35E-08
5.21E-08
5.19E-08
5.19E-08
5.27E-08
5.25E-08
5.04E-08
5E-08
4.98E-08
4.96E-08
4.94E-08
5.04E-08
4.92E-08
5.04E-08
5E-08
5E-08
4.73E-08
4.85E-08
4.71E-08
4.79E-08
4.65E-08
4.77E-08
4.5E-08
4.52E-08
4.58E-08
4.46E-08
4.44E-08
4.54E-08
4.52E-08
4.5E-08
4.48E-08
4.21E-08
4.19E-08
4.17E-08
4.27E-08
3.98E-08
4.08E-08
4.04E-08
4.02E-08
4.04E-08
4E-08
3.77E-08
4E-08
3.71E-08
3.75E-08
3.69E-08
3.79E-08
3.67E-08
3.77E-08
3.81E-08
3.48E-08
3.5E-08
3.48E-08
3.71E-08
3.42E-08
3.54E-08
3.52E-08
3.5E-08
3.46E-08
3.37E-08
3.31E-08
3.19E-08
3.21E-08
3.56E-08
3.58E-08
3.31E-08
3.29E-08
3.25E-08
3E-08
3E-08
2.96E-08
2.96E-08
2.94E-08
3.04E-08
3.04E-08
3.06E-08
2.9E-08
3.02E-08
2.63E-08
2.75E-08
2.71E-08
2.98E-08
2.83E-08
2.69E-08
2.83E-08
2.67E-08
2.77E-08
2.52E-08
2.5E-08
2.73E-08
2.48E-08
2.48E-08
2.44E-08
2.54E-08
2.44E-08
2.54E-08
2.27E-08
2.25E-08
2.48E-08
2.23E-08
2.6E-08
2.21E-08
2.19E-08
2.19E-08
2.17E-08
1.9E-08
2.27E-08
2.15E-08
2.25E-08
2.25E-08
2.23E-08
1.96E-08
1.96E-08
1.94E-08
2.04E-08
1.77E-08
1.75E-08
1.75E-08
1.83E-08
1.98E-08
1.71E-08
1.73E-08
1.77E-08
1.67E-08
1.77E-08
1.79E-08
1.48E-08
1.5E-08
1.48E-08
1.6E-08
1.6E-08
1.56E-08
1.56E-08
1.58E-08
1.52E-08
1.38E-08
1.23E-08
1.25E-08
1.48E-08
1.33E-08
1.19E-08
1.19E-08
1.27E-08
1.15E-08
1.25E-08
9.8E-09
1.23E-08
9.6E-09
1.08E-08
9.4E-09
9.4E-09
1.06E-08
1E-08
9.8E-09
7.7E-09
1.1E-08
8.5E-09
8.1E-09
7.9E-09
7.9E-09
7.9E-09
6.5E-09
4.8E-09
7.3E-09
5E-09
7.3E-09
5E-09
6E-09
8.5E-09
4.8E-09
4.8E-09
6E-09
8.5E-09
4.8E-09
4.6E-09
8.3E-09
7.1E-09
4.6E-09
-7.5E-09
-7.5E-09
-5E-09
-6.7E-09
-6.9E-09
-8.1E-09
-7.1E-09
-5.6E-09
-6.7E-09
-7.1E-09
-7.1E-09
-7.3E-09
-7.1E-09
-7.3E-09
-7.3E-09
-7.1E-09
-7.1E-09
-7.1E-09
-7.5E-09
-7.5E-09
-7.9E-09
-1.06E-08
-9.8E-09
-9.8E-09
-9.8E-09
-1.06E-08
-1.17E-08
-1.23E-08
-1.52E-08
-1.29E-08
-1.44E-08
-1.48E-08
-1.52E-08
-1.75E-08
-1.77E-08
-1.81E-08
-1.81E-08
-1.83E-08
-1.75E-08
-1.71E-08
-1.75E-08
-1.77E-08
-2.06E-08
-1.71E-08
-1.94E-08
-1.96E-08
-1.96E-08
-2E-08
-1.98E-08
-2.02E-08
-2.04E-08
-2.02E-08
-2.02E-08
-2.31E-08
-2.17E-08
-2.31E-08
-2.31E-08
-2.06E-08
-2.31E-08
-2.31E-08
-2.21E-08
-2.23E-08
-2.23E-08
-2.21E-08
-2.21E-08
-2.21E-08
-2.48E-08
-2.25E-08
-2.25E-08
-2.25E-08
-2.25E-08
-2.5E-08
-2.25E-08
-2.23E-08
-2.23E-08
-2.5E-08
-2.5E-08
-2.27E-08
-2.27E-08
-2.15E-08
-2.27E-08
-2.13E-08
-2.25E-08
-2.27E-08
-2.27E-08
-2.52E-08
-2.25E-08
-2.54E-08
-2.52E-08
-2.54E-08
-2.54E-08
-2.56E-08
-2.58E-08
-2.48E-08
-2.48E-08
-2.46E-08
-2.5E-08
-2.5E-08
-2.5E-08
-2.48E-08
-2.48E-08
-2.5E-08
-2.5E-08
-2.52E-08
-2.5E-08
-2.5E-08
-2.46E-08
-2.46E-08
-2.46E-08
-2.5E-08
-2.46E-08
-2.5E-08
-2.48E-08
-2.5E-08
-2.5E-08
-2.52E-08
-2.48E-08
-2.5E-08
-2.48E-08
-2.52E-08
-2.5E-08
-2.48E-08
-2.5E-08
-2.77E-08
-2.52E-08
-2.38E-08
-2.56E-08
-2.54E-08
-2.65E-08
-2.56E-08
-2.42E-08
-2.56E-08
-2.67E-08
-2.71E-08
-2.71E-08
-2.71E-08
-2.85E-08
-2.75E-08
-2.71E-08
-3E-08
-2.73E-08
-2.65E-08
-2.9E-08
-2.92E-08
-2.96E-08
-3.08E-08
-2.98E-08
-3E-08
-2.98E-08
-3E-08
-2.98E-08
-3.25E-08
-3.27E-08
-3.29E-08
-3.27E-08
-3.04E-08
-3.29E-08
-2.94E-08
-3.17E-08
-3.33E-08
-3.33E-08
-3.23E-08
-3.25E-08
-3.27E-08
-3.27E-08
-3.25E-08
-3.27E-08
-3.54E-08
-3.52E-08
-3.54E-08
-3.42E-08
-3.29E-08
-3.27E-08
-3.17E-08
-3.52E-08
-3.29E-08
-3.27E-08
-3.56E-08
-3.29E-08
-3.15E-08
-3.54E-08
-3.52E-08
-3.52E-08
-3.27E-08
-3.27E-08
-3.15E-08
-3.52E-08
-3.27E-08
-3.25E-08
-3.25E-08
-3.48E-08
-3.25E-08
-3.25E-08
-3.23E-08
-3.27E-08
-3.25E-08
-3.25E-08
-3.35E-08
-3.23E-08
-3.33E-08
-3.21E-08
-2.96E-08
-2.94E-08
-3.17E-08
-3.17E-08
-3.04E-08
-2.92E-08
-3.06E-08
-3.04E-08
-3.29E-08
-3.02E-08
-3.27E-08
-3.27E-08
-3E-08
-3E-08
-3.17E-08
-3.02E-08
-3.02E-08
-3.25E-08
-3.31E-08
-3.19E-08
-3.17E-08
-3.02E-08
-3E-08
-3.02E-08
-3E-08
-3.02E-08
-3E-08
-2.98E-08
-2.96E-08
-3.21E-08
-3E-08
-3E-08
-2.88E-08
-2.96E-08
-3.08E-08
-2.83E-08
-2.96E-08
-2.79E-08
-2.92E-08
-3.06E-08
-3.02E-08
-3.04E-08
-2.79E-08
-2.75E-08
-2.87E-08
-2.73E-08
-2.73E-08
-2.73E-08
-2.71E-08
-2.54E-08
-2.79E-08
-2.54E-08
-2.54E-08
-2.5E-08
-2.5E-08
-2.48E-08
-2.5E-08
-2.58E-08
-2.23E-08
-2.31E-08
-2.54E-08
-2.29E-08
-2.29E-08
-2.31E-08
-2.42E-08
-2.54E-08
-2.17E-08
-2.13E-08
-2.4E-08
-2.29E-08
-2.54E-08
-2.27E-08
-2.29E-08
-2.27E-08
-2.27E-08
-2.27E-08
-2.29E-08
-2.23E-08
-2.5E-08
-2.25E-08
-2.25E-08
-2.23E-08
-2.25E-08
-2.37E-08
-2.19E-08
-1.96E-08
-2.21E-08
-2.23E-08
-2.06E-08
-1.94E-08
-2.29E-08
-2.29E-08
-2.29E-08
-2.29E-08
-2.02E-08
-2E-08
-2.27E-08
-2E-08
-2.02E-08
-2E-08
-2E-08
-1.98E-08
-2.23E-08
-2E-08
-2E-08
-2.12E-08
-2E-08
-2.08E-08
-1.75E-08
-1.71E-08
-1.69E-08
-1.96E-08
-1.96E-08
-1.79E-08
-2.04E-08
-1.79E-08
-1.75E-08
-1.63E-08
-1.79E-08
-1.9E-08
-1.75E-08
-1.75E-08
-1.63E-08
-1.77E-08
-1.75E-08
-1.71E-08
-1.71E-08
-1.44E-08
-1.69E-08
-1.46E-08
-1.83E-08
-1.81E-08
-1.73E-08
-1.69E-08
-1.79E-08
-1.54E-08
-1.5E-08
-1.5E-08
-1.52E-08
-1.46E-08
-1.48E-08
-1.46E-08
-1.44E-08
-1.33E-08
-1.42E-08
-1.19E-08
-1.27E-08
-1.27E-08
-1.27E-08
-1.25E-08
-1.23E-08
-1.25E-08
-1.21E-08
-1.21E-08
-1.08E-08
-1.19E-08
-1.17E-08
-1.04E-08
-1.27E-08
-1.02E-08
-1.02E-08
-9.8E-09
-9.8E-09
-1.08E-08
-8.3E-09
-8.1E-09
-9.2E-09
-9.2E-09
-7.9E-09
-7.9E-09
-9E-09
-7.7E-09
-7.7E-09
-7.5E-09
-7.5E-09
-7.7E-09
-7.7E-09
-7.3E-09
-7.5E-09
-7.5E-09
-7.1E-09
-7.7E-09
-7.5E-09
-6.9E-09
-7.5E-09
-7.3E-09
-8.5E-09
-7.3E-09
-7.3E-09
-6.9E-09
-7.1E-09
-7.3E-09
-6.9E-09
-8.5E-09
-8.3E-09
-8.5E-09
-7.3E-09
-8.5E-09
-6.9E-09
-7.3E-09
-8.3E-09
-4.8E-09
-6.9E-09
-8.3E-09
-5.8E-09
-6.7E-09
-7.1E-09
-8.3E-09
-4.6E-09
-4.6E-09
-8.1E-09
-8.3E-09
-8.3E-09
-7.3E-09
-7.1E-09
-7.1E-09
-8.3E-09
-8.3E-09
-5.8E-09
-6.9E-09
-4.6E-09
-6.9E-09
-8.1E-09
-4.6E-09
-4.4E-09
-6.9E-09
-7.1E-09
-5.6E-09
-6.9E-09
-5.6E-09
-7.1E-09
-8.3E-09
-8.1E-09
-8.1E-09
-8.1E-09
-8.1E-09
-8.1E-09
-5.6E-09
-6.7E-09
-7.5E-09
-5E-09
-7.5E-09
-7.5E-09
-5E-09
-5E-09
-5E-09
-5E-09
-6.9E-09
-7.5E-09
-5.6E-09
-6.7E-09
-8.1E-09
-7.1E-09
-4.6E-09
-6.7E-09
-8.1E-09
-4.6E-09
-4.4E-09
-4.4E-09
-4.4E-09
-6.9E-09
-6.9E-09
-8.1E-09
-7.5E-09
-7.5E-09
-5E-09
-5E-09
-7.5E-09
-5E-09
-7.5E-09
-7.5E-09
7.1E-09
8.1E-09
8.1E-09
-7.5E-09
5.6E-09
6E-09
6E-09
4.6E-09
4.4E-09
4.6E-09
6E-09
8.3E-09
4.6E-09
7.1E-09
4.6E-09
6E-09
7.1E-09
4.8E-09
5E-09
4.8E-09
4.6E-09
8.5E-09
4.6E-09
4.6E-09
8.3E-09
4.8E-09
6.9E-09
4.8E-09
7.1E-09
4.6E-09
6.2E-09
6E-09
7.3E-09
7.1E-09
7.3E-09
7.1E-09
7.3E-09
4.8E-09
5E-09
4.8E-09
6E-09
5E-09
5E-09
4.6E-09
4.8E-09
7.5E-09
7.3E-09
7.1E-09
4.8E-09
7.3E-09
4.8E-09
5.8E-09
4.6E-09
4.8E-09
4.8E-09
7.1E-09
4.8E-09
4.8E-09
4.8E-09
4.8E-09
5E-09
4.8E-09
4.8E-09
4.6E-09
5E-09
5E-09
4.8E-09
5E-09
6.2E-09
4.8E-09
5E-09
5.2E-09
6.2E-09
8.7E-09
5E-09
7.9E-09
7.5E-09
5E-09
7.9E-09
6.5E-09
1.02E-08
8.1E-09
6.7E-09
6.7E-09
6.9E-09
6.9E-09
7.9E-09
1.04E-08
1.06E-08
1.08E-08
6.9E-09
8.3E-09
9.4E-09
1.1E-08
7.1E-09
7.3E-09
7.1E-09
1.1E-08
9.8E-09
7.3E-09
7.5E-09
1.02E-08
1.02E-08
8.8E-09
6.3E-09
7.5E-09
1E-08
1E-08
7.3E-09
8.3E-09
7.3E-09
7.1E-09
1.06E-08
6.9E-09
7.1E-09
7.9E-09
7.9E-09
7.9E-09
7.9E-09
7.9E-09
7.9E-09
4.2E-09
8.1E-09
7.5E-09
8.1E-09
4.2E-09
7.7E-09
7.3E-09
5E-09
5E-09
4.6E-09
5.2E-09
6.2E-09
6.2E-09
5E-09
7.5E-09
4.8E-09
5E-09
6.2E-09
5E-09
6E-09
4.8E-09
7.3E-09
4.8E-09
4.8E-09
4.6E-09
4.8E-09
4.8E-09
4.8E-09
4.6E-09
6.2E-09
5E-09
5E-09
4.8E-09
7.5E-09
5E-09
6E-09
6.2E-09
7.5E-09
7.5E-09
4.8E-09
5E-09
7.1E-09
5E-09
7.1E-09
5E-09
4.8E-09
5E-09
7.3E-09
4.8E-09
7.3E-09
4.8E-09
4.6E-09
5E-09
5E-09
4.8E-09
4.8E-09
7.5E-09
7.3E-09
4.8E-09
4.8E-09
7.1E-09
4.8E-09
7.1E-09
4.6E-09
6E-09
7.1E-09
4.4E-09
4.6E-09
7.3E-09
7.3E-09
7.1E-09
7.1E-09
7.1E-09
7.1E-09
4.6E-09
4.6E-09
8.3E-09
4.8E-09
8.3E-09
7.1E-09
5.6E-09
5.8E-09
-7.5E-09
-7.5E-09
-7.5E-09
-7.5E-09
-7.5E-09
-5E-09
-5E-09
-4.2E-09
-6.9E-09
-7.5E-09
-8.1E-09
-5E-09
-5.4E-09
-6.9E-09
-5E-09
-8.1E-09
-7.5E-09
-5E-09
-7.5E-09
-5E-09
-5E-09
-7.5E-09
-7.5E-09
-5E-09
8.3E-09
7.1E-09
5.6E-09
4.6E-09
4.4E-09
6E-09
6E-09
4.4E-09
4.6E-09
6E-09
8.3E-09
8.3E-09
4.8E-09
4.6E-09
8.3E-09
4.8E-09
7.1E-09
7.3E-09
4.8E-09
4.6E-09
4.8E-09
7.1E-09
4.8E-09
4.8E-09
6.2E-09
4.6E-09
4.6E-09
4.8E-09
4.8E-09
4.6E-09
4.6E-09
8.5E-09
4.8E-09
7.1E-09
4.8E-09
7.3E-09
4.8E-09
7.3E-09
4.8E-09
4.8E-09
5E-09
5E-09
4.8E-09
7.3E-09
7.5E-09
5E-09
5E-09
5.2E-09
5.4E-09
5.2E-09
7.7E-09
7.7E-09
7.7E-09
6.5E-09
7.9E-09
7.9E-09
8.3E-09
7.1E-09
1.06E-08
6.9E-09
9.6E-09
8.5E-09
7.3E-09
7.5E-09
7.3E-09
-7.5E-09
1.02E-08
1.04E-08
1.06E-08
8.8E-09
9E-09
9.2E-09
9E-09
9E-09
9E-09
9.2E-09
1.06E-08
1.04E-08
1.04E-08
9.4E-09
1.06E-08
9.4E-09
9.4E-09
1.33E-08
1.37E-08
9.6E-09
9.8E-09
1.21E-08
1.35E-08
1.27E-08
1.23E-08
1.25E-08
1.27E-08
1.29E-08
1.27E-08
1.17E-08
1.17E-08
1.29E-08
1.19E-08
1.31E-08
1.44E-08
1.21E-08
1.46E-08
1.21E-08
1.46E-08
1.21E-08
1.48E-08
1.23E-08
1.5E-08
1.21E-08
1.5E-08
1.54E-08
1.5E-08
1.4E-08
1.52E-08
1.54E-08
1.54E-08
1.54E-08
1.81E-08
1.44E-08
1.69E-08
1.44E-08
1.46E-08
1.48E-08
1.48E-08
1.48E-08
1.48E-08
1.75E-08
1.77E-08
1.73E-08
1.73E-08
1.75E-08
1.75E-08
1.5E-08
1.52E-08
1.75E-08
1.5E-08
1.79E-08
1.77E-08
1.81E-08
1.67E-08
2.04E-08
1.69E-08
1.71E-08
2.08E-08
1.94E-08
1.73E-08
2E-08
2.02E-08
2E-08
2E-08
2.02E-08
1.92E-08
1.92E-08
1.94E-08
1.98E-08
2.23E-08
2.23E-08
1.98E-08
2.25E-08
2.25E-08
2.13E-08
2E-08
2.27E-08
2.25E-08
2.25E-08
2.25E-08
2.23E-08
2.23E-08
2.02E-08
2E-08
2.25E-08
2.23E-08
2.23E-08
2.23E-08
2.12E-08
2.02E-08
2E-08
2.25E-08
2.02E-08
2.25E-08
1.98E-08
2.25E-08
2.23E-08
2.04E-08
2.25E-08
2.23E-08
2.25E-08
2E-08
1.98E-08
2.02E-08
2.02E-08
2.25E-08
2.27E-08
2.23E-08
2.23E-08
2.23E-08
2.12E-08
2.02E-08
1.98E-08
1.98E-08
2.23E-08
2.23E-08
2.23E-08
2.25E-08
2.23E-08
2.37E-08
2.27E-08
2.08E-08
2.25E-08
2.25E-08
2.25E-08
2.12E-08
2.21E-08
1.98E-08
1.98E-08
2.25E-08
2.23E-08
2.27E-08
1.98E-08
2.27E-08
2.25E-08
2.25E-08
2E-08
1.98E-08
2.27E-08
2.23E-08
2.21E-08
1.96E-08
2E-08
2.02E-08
2.27E-08
2.02E-08
2.23E-08
2E-08
2.27E-08
1.88E-08
2.25E-08
2.25E-08
1.98E-08
2.29E-08
2E-08
2.27E-08
2.25E-08
1.9E-08
2.02E-08
2.25E-08
2.27E-08
2.27E-08
1.98E-08
2.27E-08
2E-08
2.02E-08
2.25E-08
1.98E-08
2E-08
2E-08
2.23E-08
1.96E-08
2.1E-08
1.98E-08
2.23E-08
1.98E-08
2.08E-08
2.21E-08
2.1E-08
1.96E-08
2.19E-08
2.08E-08
1.94E-08
2.02E-08
2.04E-08
1.77E-08
1.77E-08
1.75E-08
2.02E-08
1.75E-08
1.75E-08
1.73E-08
2E-08
1.71E-08
1.85E-08
1.96E-08
1.69E-08
1.83E-08
1.69E-08
1.71E-08
1.69E-08
1.81E-08
1.94E-08
1.81E-08
1.69E-08
1.83E-08
1.79E-08
1.69E-08
1.83E-08
1.79E-08
1.67E-08
1.79E-08
1.79E-08
1.83E-08
1.67E-08
1.79E-08
1.79E-08
1.79E-08
1.79E-08
1.79E-08
1.77E-08
1.77E-08
1.79E-08
1.77E-08
1.75E-08
1.77E-08
1.75E-08
1.5E-08
1.52E-08
2E-08
1.77E-08
1.5E-08
1.75E-08
1.77E-08
1.73E-08
1.5E-08
1.5E-08
1.75E-08
1.71E-08
1.48E-08
1.5E-08
1.48E-08
1.75E-08
1.48E-08
1.73E-08
1.85E-08
1.48E-08
1.71E-08
1.85E-08
1.48E-08
1.71E-08
1.46E-08
1.71E-08
1.62E-08
1.48E-08
1.48E-08
1.85E-08
1.46E-08
1.48E-08
1.48E-08
1.48E-08
1.75E-08
1.73E-08
1.5E-08
1.5E-08
1.73E-08
1.48E-08
1.73E-08
1.73E-08
1.73E-08
1.71E-08
1.71E-08
1.71E-08
1.71E-08
1.48E-08
1.48E-08
1.73E-08
1.46E-08
1.73E-08
1.46E-08
1.5E-08
1.75E-08
1.73E-08
1.62E-08
1.73E-08
1.46E-08
1.73E-08
1.62E-08
1.5E-08
1.73E-08
1.73E-08
1.5E-08
1.75E-08
1.87E-08
1.48E-08
1.5E-08
1.48E-08
1.48E-08
1.48E-08
1.48E-08
1.46E-08
1.83E-08
1.87E-08
1.62E-08
1.58E-08
1.5E-08
1.46E-08
1.73E-08
1.44E-08
1.58E-08
1.71E-08
1.44E-08
1.58E-08
1.73E-08
1.58E-08
1.54E-08
1.44E-08
1.56E-08
1.46E-08
1.56E-08
1.46E-08
1.54E-08
1.58E-08
1.44E-08
1.46E-08
1.44E-08
1.44E-08
1.46E-08
1.44E-08
1.44E-08
1.56E-08
1.46E-08
1.46E-08
1.58E-08
1.48E-08
1.56E-08
1.44E-08
1.81E-08
1.46E-08
1.56E-08
1.44E-08
1.44E-08
1.44E-08
1.44E-08
1.44E-08
1.44E-08
1.44E-08
1.46E-08
1.54E-08
1.42E-08
1.54E-08
1.44E-08
1.44E-08
1.54E-08
1.44E-08
1.42E-08
1.56E-08
1.52E-08
1.42E-08
1.15E-08
1.56E-08
1.27E-08
1.52E-08
1.4E-08
1.42E-08
1.52E-08
1.52E-08
1.52E-08
1.4E-08
1.54E-08
1.5E-08
1.13E-08
1.54E-08
1.5E-08
1.25E-08
1.5E-08
1.38E-08
1.48E-08
1.48E-08
1.48E-08
1.46E-08
1.48E-08
1.48E-08
1.21E-08
1.23E-08
1.48E-08
1.21E-08
1.25E-08
1.6E-08
1.37E-08
1.35E-08
1.48E-08
1.21E-08
1.5E-08
1.23E-08
1.6E-08
1.23E-08
1.35E-08
1.48E-08
1.35E-08
1.48E-08
1.35E-08
1.21E-08
1.23E-08
1.21E-08
1.19E-08
1.31E-08
1.33E-08
1.31E-08
1.31E-08
1.31E-08
1.46E-08
1.31E-08
1.21E-08
1.29E-08
1.19E-08
1.29E-08
1.31E-08
1.19E-08
1.21E-08
1.31E-08
1.19E-08
1.31E-08
1.19E-08
1.31E-08
1.44E-08
1.31E-08
1.19E-08
1.19E-08
1.29E-08
1.19E-08
1.54E-08
1.33E-08
1.21E-08
1.31E-08
1.29E-08
1.17E-08
1.29E-08
1.29E-08
1.17E-08
1.31E-08
1.27E-08
1.29E-08
1.29E-08
1.19E-08
1.29E-08
1.27E-08
1.27E-08
1.27E-08
1.27E-08
1.27E-08
9.2E-09
1.29E-08
1.27E-08
1.27E-08
1.13E-08
1.15E-08
1.15E-08
1.15E-08
1.25E-08
1.25E-08
1.29E-08
1.15E-08
1.27E-08
1.27E-08
1.33E-08
1.19E-08
1.19E-08
1.21E-08
1.58E-08
1.62E-08
1.23E-08
1.5E-08
1.5E-08
1.38E-08
1.54E-08
1.52E-08
1.54E-08
1.42E-08
1.5E-08
1.52E-08
1.42E-08
1.58E-08
1.52E-08
1.42E-08
1.56E-08
1.44E-08
1.44E-08
1.54E-08
1.69E-08
1.44E-08
1.58E-08
1.58E-08
1.58E-08
1.48E-08
1.75E-08
1.73E-08
1.77E-08
1.63E-08
1.56E-08
1.79E-08
1.77E-08
1.79E-08
1.79E-08
1.69E-08
1.65E-08
1.81E-08
1.71E-08
1.83E-08
1.71E-08
1.96E-08
1.71E-08
1.73E-08
2E-08
1.98E-08
1.98E-08
2.02E-08
2E-08
2.02E-08
2.02E-08
1.88E-08
2E-08
2.02E-08
2E-08
1.75E-08
1.75E-08
1.77E-08
1.77E-08
1.77E-08
2.04E-08
2.06E-08
2.06E-08
2.08E-08
1.94E-08
2.19E-08
2.19E-08
2.06E-08
2.08E-08
1.98E-08
1.96E-08
2.25E-08
2.25E-08
1.98E-08
2.02E-08
2.27E-08
2.29E-08
2.15E-08
2.17E-08
2.17E-08
1.92E-08
2.31E-08
2.29E-08
2.27E-08
2.19E-08
2.29E-08
2.46E-08
2.35E-08
2.46E-08
2.46E-08
2.35E-08
2.5E-08
2.23E-08
2.5E-08
2.5E-08
2.54E-08
2.52E-08
2.52E-08
2.52E-08
2.58E-08
2.42E-08
2.58E-08
2.46E-08
2.73E-08
2.73E-08
2.75E-08
2.79E-08
2.77E-08
2.79E-08
2.67E-08
2.69E-08
2.69E-08
2.71E-08
2.98E-08
3.12E-08
3E-08
3E-08
3E-08
3.02E-08
3.02E-08
3.04E-08
2.94E-08
2.96E-08
3.23E-08
3.21E-08
3.23E-08
3.23E-08
3.23E-08
3.25E-08
3.25E-08
3.25E-08
3.02E-08
3.31E-08
3.19E-08
3.19E-08
3.23E-08
3.23E-08
3.6E-08
3.6E-08
3.27E-08
3.29E-08
3.54E-08
3.52E-08
3.54E-08
3.46E-08
3.46E-08
3.73E-08
3.71E-08
3.73E-08
3.73E-08
3.79E-08
3.54E-08
3.79E-08
3.79E-08
3.79E-08
3.81E-08
3.71E-08
3.98E-08
3.98E-08
3.79E-08
4.02E-08
4E-08
4.02E-08
3.94E-08
4.06E-08
4.21E-08
3.94E-08
4.23E-08
4.12E-08
4.23E-08
4.12E-08
4.23E-08
3.98E-08
4.25E-08
4.29E-08
4.02E-08
4.27E-08
4.31E-08
4.27E-08
4.29E-08
4.19E-08
4.19E-08
4.48E-08
4.33E-08
4.25E-08
4.25E-08
4.52E-08
4.5E-08
4.52E-08
4.17E-08
4.54E-08
4.54E-08
4.44E-08
4.52E-08
4.44E-08
4.58E-08
4.73E-08
4.44E-08
4.48E-08
4.77E-08
4.62E-08
4.77E-08
4.48E-08
4.75E-08
4.5E-08
4.77E-08
4.79E-08
4.77E-08
4.65E-08
4.79E-08
4.69E-08
4.81E-08
4.79E-08
4.96E-08
4.71E-08
4.83E-08
4.98E-08
4.96E-08
4.87E-08
5E-08
4.75E-08
5E-08
5E-08
5.04E-08
5.02E-08
5.04E-08
4.92E-08
4.94E-08
4.96E-08
4.96E-08
4.94E-08
5.31E-08
5.35E-08
4.94E-08
4.96E-08
4.96E-08
4.98E-08
4.96E-08
5.21E-08
5.35E-08
5.21E-08
5.23E-08
5.23E-08
5.25E-08
5.02E-08
5.25E-08
5.27E-08
5E-08
5.27E-08
5.15E-08
5.27E-08
5.04E-08
5.29E-08
5.06E-08
5.31E-08
5.29E-08
5.27E-08
5.27E-08
4.92E-08
5.31E-08
5.31E-08
5.19E-08
5.31E-08
5.19E-08
5.21E-08
5.31E-08
5.44E-08
5.33E-08
5.46E-08
5.21E-08
5.46E-08
5.62E-08
5.48E-08
5.48E-08
5.25E-08
5.52E-08
5.52E-08
5.23E-08
5.52E-08
5.52E-08
5.42E-08
5.52E-08
5.4E-08
5.5E-08
5.27E-08
5.29E-08
5.27E-08
5.27E-08
5.25E-08
5.25E-08
5.23E-08
5.23E-08
5.5E-08
5.48E-08
5.48E-08
5.35E-08
5.48E-08
5.23E-08
5.5E-08
5.23E-08
5.5E-08
5.48E-08
5.54E-08
5.25E-08
5.54E-08
5.48E-08
5.23E-08
5.23E-08
5.25E-08
5.6E-08
5.19E-08
5.21E-08
5.21E-08
5.21E-08
5.31E-08
5.19E-08
5.21E-08
5.33E-08
5.19E-08
5.56E-08
5.6E-08
5.21E-08
5.23E-08
5.48E-08
5.23E-08
5.48E-08
5.5E-08
5.48E-08
5.5E-08
5.48E-08
5.48E-08
5.21E-08
5.48E-08
5.48E-08
5.46E-08
5.19E-08
5.33E-08
5.29E-08
5.19E-08
5.31E-08
5.29E-08
5.17E-08
5.29E-08
5.17E-08
5.02E-08
5.29E-08
5E-08
5.27E-08
5.15E-08
5.25E-08
5E-08
4.98E-08
4.96E-08
4.96E-08
4.96E-08
5.21E-08
4.94E-08
5.08E-08
4.94E-08
4.94E-08
5.02E-08
4.94E-08
5.08E-08
5.02E-08
4.73E-08
5.02E-08
4.75E-08
5E-08
4.71E-08
5.06E-08
4.71E-08
4.96E-08
4.83E-08
4.71E-08
4.79E-08
4.83E-08
4.77E-08
4.52E-08
4.79E-08
4.5E-08
4.75E-08
4.62E-08
4.48E-08
4.48E-08
4.46E-08
4.46E-08
4.83E-08
4.44E-08
4.48E-08
4.56E-08
4.58E-08
4.56E-08
4.58E-08
4.58E-08
4.56E-08
4.69E-08
4.44E-08
4.44E-08
4.44E-08
4.52E-08
4.44E-08
4.54E-08
4.56E-08
4.4E-08
4.52E-08
4.44E-08
4.54E-08
4.52E-08
4.15E-08
4.52E-08
4.5E-08
4.25E-08
4.27E-08
4.48E-08
4.48E-08
4.21E-08
4.21E-08
4.44E-08
4.31E-08
4.19E-08
4.33E-08
4.19E-08
4.21E-08
4.29E-08
4.56E-08
4.31E-08
4.19E-08
4.17E-08
4.19E-08
4.33E-08
4.29E-08
4.17E-08
4.17E-08
4.15E-08
4.29E-08
4.27E-08
4.27E-08
4.29E-08
4.02E-08
4.27E-08
4.25E-08
3.98E-08
4E-08
3.98E-08
4.1E-08
3.96E-08
3.94E-08
3.92E-08
3.92E-08
3.65E-08
4.04E-08
3.98E-08
4E-08
3.73E-08
3.98E-08
3.96E-08
3.94E-08
4.08E-08
3.81E-08
3.81E-08
3.79E-08
3.67E-08
3.38E-08
3.81E-08
3.75E-08
3.77E-08
3.48E-08
3.48E-08
3.75E-08
3.6E-08
3.46E-08
3.69E-08
3.6E-08
3.56E-08
3.54E-08
3.44E-08
3.42E-08
3.42E-08
3.42E-08
3.52E-08
3.27E-08
3.54E-08
3.5E-08
3.25E-08
3.5E-08
3.21E-08
3.23E-08
3.48E-08
3.35E-08
3.21E-08
3.31E-08
3.19E-08
3.27E-08
3.15E-08
3.02E-08
3.25E-08
2.96E-08
3.25E-08
3.1E-08
3.21E-08
3.1E-08
3.02E-08
2.94E-08
3.06E-08
2.79E-08
3.06E-08
2.77E-08
3E-08
2.65E-08
3.02E-08
2.98E-08
2.85E-08
2.73E-08
2.73E-08
2.71E-08
2.69E-08
2.69E-08
2.67E-08
2.52E-08
2.79E-08
2.63E-08
2.75E-08
2.73E-08
2.46E-08
2.48E-08
2.48E-08
2.48E-08
2.71E-08
2.71E-08
2.69E-08
2.44E-08
2.58E-08
2.54E-08
2.54E-08
2.52E-08
2.27E-08
2.25E-08
2.5E-08
2.48E-08
2.44E-08
2.19E-08
2.33E-08
2.19E-08
2.19E-08
2.17E-08
2.19E-08
2.17E-08
2.29E-08
2.25E-08
2.15E-08
2.25E-08
1.98E-08
2.25E-08
1.96E-08
1.98E-08
2.08E-08
1.94E-08
1.94E-08
2.06E-08
1.94E-08
1.79E-08
2.04E-08
2.06E-08
1.9E-08
2E-08
2E-08
1.75E-08
1.75E-08
1.75E-08
1.73E-08
1.96E-08
1.85E-08
1.71E-08
2.08E-08
1.69E-08
1.69E-08
1.79E-08
1.79E-08
1.81E-08
1.52E-08
1.79E-08
1.73E-08
1.5E-08
1.48E-08
1.83E-08
1.85E-08
1.83E-08
1.85E-08
1.58E-08
1.56E-08
1.54E-08
1.52E-08
1.5E-08
1.5E-08
1.5E-08
1.23E-08
1.25E-08
1.5E-08
1.62E-08
1.35E-08
1.33E-08
1.33E-08
1.31E-08
1.31E-08
1.33E-08
1.19E-08
1.02E-08
1.27E-08
1.29E-08
1.29E-08
1.23E-08
1.25E-08
9.8E-09
9.8E-09
9.8E-09
1.06E-08
9.6E-09
9.2E-09
9.4E-09
1.02E-08
7.7E-09
1.04E-08
1E-08
6.5E-09
1.02E-08
7.7E-09
1.02E-08
9.6E-09
9.8E-09
9.8E-09
9.8E-09
9.6E-09
1.1E-08
9.6E-09
9.6E-09
1.08E-08
6.9E-09
7.1E-09
7.1E-09
5.4E-09
8.1E-09
8.3E-09
8.1E-09
6.5E-09
7.5E-09
7.5E-09
7.5E-09
7.3E-09
4.8E-09
7.3E-09
5E-09
4.8E-09
8.7E-09
4.8E-09
7.1E-09
4.8E-09
7.1E-09
4.6E-09
7.1E-09
4.8E-09
8.5E-09
4.6E-09
6.9E-09
-5E-09
-7.5E-09
-7.5E-09
-5E-09
-7.5E-09
-5E-09
-7.9E-09
-4.6E-09
-4.4E-09
-8.1E-09
-8.1E-09
-4.6E-09
-6.9E-09
-8.3E-09
-8.3E-09
-8.3E-09
-8.1E-09
-8.3E-09
-8.5E-09
-8.5E-09
-8.3E-09
-7.3E-09
-7.3E-09
-7.3E-09
-7.1E-09
-7.3E-09
-7.5E-09
-7.1E-09
-7.3E-09
-7.3E-09
-8.7E-09
-7.5E-09
-7.5E-09
-8.7E-09
-1.02E-08
-7.5E-09
-1.02E-08
-7.7E-09
-1.04E-08
-7.9E-09
-1.04E-08
-1.02E-08
-6.9E-09
-6.9E-09
-9.4E-09
-8.1E-09
-9.4E-09
-1.1E-08
-1.21E-08
-1.02E-08
-1.02E-08
-9.8E-09
-9.8E-09
-1E-08
-1E-08
-1E-08
-1E-08
-1.02E-08
-8.8E-09
-1.23E-08
-1.27E-08
-1.17E-08
-9.6E-09
-1.04E-08
-1.17E-08
-1.27E-08
-1.02E-08
-9.8E-09
-1.06E-08
-1.19E-08
-1.21E-08
-1.06E-08
-1.31E-08
-1.19E-08
-1.06E-08
-1.19E-08
-1.23E-08
-1.21E-08
-1.25E-08
-1.37E-08
-1.21E-08
-1.29E-08
-1.25E-08
-1.21E-08
-1.5E-08
-1.25E-08
-1.23E-08
-1.15E-08
-1.54E-08
-1.56E-08
-1.19E-08
-1.44E-08
-1.58E-08
-1.58E-08
-1.73E-08
-1.5E-08
-1.5E-08
-1.48E-08
-1.52E-08
-1.52E-08
-1.52E-08
-1.75E-08
-1.5E-08
-1.52E-08
-1.23E-08
-1.46E-08
-1.52E-08
-1.6E-08
-1.58E-08
-1.48E-08
-1.5E-08
-1.62E-08
-1.73E-08
-1.5E-08
-1.48E-08
-1.48E-08
-1.46E-08
-1.52E-08
-1.52E-08
-1.5E-08
-1.52E-08
-1.5E-08
-1.5E-08
-1.52E-08
-1.48E-08
-1.52E-08
-1.5E-08
-1.5E-08
-1.52E-08
-1.38E-08
-1.75E-08
-1.52E-08
-1.5E-08
-1.5E-08
-1.52E-08
-1.48E-08
-1.48E-08
-1.4E-08
-1.5E-08
-1.48E-08
-1.46E-08
-1.48E-08
-1.48E-08
-1.5E-08
-1.52E-08
-1.75E-08
-1.52E-08
-1.48E-08
-1.54E-08
-1.73E-08
-1.5E-08
-1.5E-08
-1.5E-08
-1.52E-08
-1.5E-08
-1.52E-08
-1.5E-08
-1.5E-08
-1.5E-08
-1.77E-08
-1.79E-08
-1.79E-08
-1.67E-08
-1.52E-08
-1.4E-08
-1.42E-08
-1.42E-08
-1.44E-08
-1.56E-08
-1.54E-08
-1.54E-08
-1.77E-08
-1.81E-08
-1.46E-08
-1.42E-08
-1.79E-08
-1.77E-08
-1.69E-08
-1.77E-08
-1.5E-08
-1.48E-08
-1.48E-08
-1.46E-08
-1.48E-08
-1.33E-08
-1.31E-08
-1.19E-08
-1.19E-08
-1.17E-08
-1.31E-08
-1.27E-08
-1.29E-08
-1.13E-08
-1.25E-08
-1.25E-08
-1.27E-08
-1.25E-08
-1.25E-08
-1.23E-08
-1.27E-08
-1.25E-08
-1E-08
-1.23E-08
-9.8E-09
-1.21E-08
-1.23E-08
-1.35E-08
-1.23E-08
-1.33E-08
-1.21E-08
-1.29E-08
-9.4E-09
-9.2E-09
-1.27E-08
-1.04E-08
-9.8E-09
-9.6E-09
-6.9E-09
-6.7E-09
-6.5E-09
-6.5E-09
-6.5E-09
-6.5E-09
-6.5E-09
-6.7E-09
-6.5E-09
-6.5E-09
-1E-08
-1E-08
-7.5E-09
-7.3E-09
-7.1E-09
-7.3E-09
-7.1E-09
-7.3E-09
-7.5E-09
-7.5E-09
-8.7E-09
-7.3E-09
-7.3E-09
-7.5E-09
-9.6E-09
-7.5E-09
-1E-08
-7.3E-09
-8.7E-09
-7.5E-09
-7.5E-09
-7.5E-09
-1E-08
-7.3E-09
-7.5E-09
-7.3E-09
-7.7E-09
-1E-08
-7.5E-09
-7.7E-09
-1.02E-08
-7.5E-09
-7.5E-09
-6.3E-09
-7.9E-09
-1E-08
-7.7E-09
-6.5E-09
-6.5E-09
-7.9E-09
-1.02E-08
-1.04E-08
-1.04E-08
-1.04E-08
-6.9E-09
-6.5E-09
-6.7E-09
-6.7E-09
-9.2E-09
-1.08E-08
-1.06E-08
-8.1E-09
-6.9E-09
-1.06E-08
-1.06E-08
-6.9E-09
-1.04E-08
-8.1E-09
-9.4E-09
-1.06E-08
-9.4E-09
-1.06E-08
-9.6E-09
-6.7E-09
-6.9E-09
-6.7E-09
-6.5E-09
-6.5E-09
-8.1E-09
-8.1E-09
-7.9E-09
-6.3E-09
-6.5E-09
-1.02E-08
-7.5E-09
-7.5E-09
-7.7E-09
-7.7E-09
-7.7E-09
-7.5E-09
-1E-08
-7.5E-09
-7.5E-09
-1E-08
-9.8E-09
-7.5E-09
-7.5E-09
-7.5E-09
-7.5E-09
-7.7E-09
-7.5E-09
-7.5E-09
-7.7E-09
-7.9E-09
-7.9E-09
-7.7E-09
-1.02E-08
-7.7E-09
-1.04E-08
-7.7E-09
-7.9E-09
-1.02E-08
-7.9E-09
-6.5E-09
-7.9E-09
-1.02E-08
-1.02E-08
-7.7E-09
-7.9E-09
-7.9E-09
-7.7E-09
-7.7E-09
-7.7E-09
-7.5E-09
-7.7E-09
-7.7E-09
-7.1E-09
-7.3E-09
-7.5E-09
-7.5E-09
-7.5E-09
-7.3E-09
-1E-08
-1.02E-08
-1E-08
-1E-08
-1E-08
-1.02E-08
-1.02E-08
-7.7E-09
-7.5E-09
-7.9E-09
-8.8E-09
-7.7E-09
-7.5E-09
-7.7E-09
-7.3E-09
-7.3E-09
-9.8E-09
-1E-08
-7.7E-09
-7.7E-09
-1.02E-08
-7.5E-09
-1.02E-08
-7.5E-09
-1.04E-08
-7.7E-09
-6.3E-09
-7.5E-09
-8.8E-09
-7.7E-09
-8.8E-09
-7.9E-09
-7.9E-09
-1.02E-08
-7.5E-09
-6.5E-09
-7.9E-09
-7.7E-09
-1E-08
-7.7E-09
-7.5E-09
-7.9E-09
-7.7E-09
-7.5E-09
-1.02E-08
-7.5E-09
-7.7E-09
-7.5E-09
-7.3E-09
-7.7E-09
-7.3E-09
-7.5E-09
-7.3E-09
-7.7E-09
-7.5E-09
-7.1E-09
-7.5E-09
-7.3E-09
-7.3E-09
-6.9E-09
-8.5E-09
-7.3E-09
-7.3E-09
-8.3E-09
-8.3E-09
-7.1E-09
-4.6E-09
-4.6E-09
-4.4E-09
-6.9E-09
-5E-09
-5E-09
-7.5E-09
-7.5E-09
-5E-09
8.3E-09
4.8E-09
6.9E-09
8.3E-09
7.1E-09
4.8E-09
4.8E-09
4.8E-09
4.6E-09
6.2E-09
6.2E-09
5E-09
7.5E-09
4.8E-09
7.5E-09
7.3E-09
7.7E-09
5E-09
7.9E-09
6.7E-09
7.5E-09
6.7E-09
7.9E-09
6.7E-09
7.9E-09
8.1E-09
8.1E-09
6.7E-09
6.9E-09
6.9E-09
1.04E-08
6.9E-09
7.1E-09
1.06E-08
7.1E-09
9.8E-09
9.8E-09
1E-08
7.5E-09
1.02E-08
9E-09
1.02E-08
1.04E-08
9.4E-09
9.4E-09
9.6E-09
1.21E-08
1.21E-08
1.21E-08
9.6E-09
1.23E-08
1.23E-08
1.27E-08
1.25E-08
1.31E-08
1.29E-08
1.29E-08
1.46E-08
1.19E-08
1.33E-08
1.48E-08
1.23E-08
1.52E-08
1.5E-08
1.13E-08
1.52E-08
1.5E-08
1.4E-08
1.52E-08
1.54E-08
1.42E-08
1.56E-08
1.54E-08
1.42E-08
1.44E-08
1.44E-08
1.48E-08
1.73E-08
1.71E-08
1.5E-08
1.77E-08
1.92E-08
1.81E-08
1.94E-08
1.73E-08
2.02E-08
2.02E-08
1.92E-08
2.06E-08
1.96E-08
2.25E-08
2.25E-08
2.29E-08
2.29E-08
2.33E-08
2.54E-08
2.19E-08
2.23E-08
2.5E-08
2.23E-08
2.5E-08
2.37E-08
2.5E-08
2.62E-08
2.23E-08
2.5E-08
2.48E-08
2.5E-08
2.52E-08
2.54E-08
2.52E-08
2.54E-08
2.54E-08
2.81E-08
2.87E-08
2.48E-08
2.75E-08
2.63E-08
2.77E-08
2.69E-08
3.04E-08
2.71E-08
3E-08
3E-08
3E-08
3.06E-08
2.92E-08
2.94E-08
3.06E-08
2.98E-08
3.33E-08
3.23E-08
3.37E-08
3.25E-08
3.27E-08
3.02E-08
3.29E-08
3.31E-08
3.17E-08
3.54E-08
3.19E-08
3.33E-08
3.5E-08
3.5E-08
3.52E-08
3.56E-08
3.54E-08
3.54E-08
3.46E-08
3.73E-08
3.73E-08
3.38E-08
3.79E-08
3.77E-08
3.79E-08
3.94E-08
3.69E-08
3.71E-08
3.83E-08
3.73E-08
3.77E-08
3.77E-08
3.77E-08
4.02E-08
4.04E-08
3.9E-08
3.92E-08
3.92E-08
3.94E-08
3.94E-08
3.96E-08
3.94E-08
3.96E-08
3.98E-08
4.25E-08
4.13E-08
4.02E-08
4.29E-08
4.15E-08
4.52E-08
4.58E-08
4.19E-08
4.23E-08
4.21E-08
4.23E-08
4.54E-08
4.25E-08
4.54E-08
4.52E-08
4.44E-08
4.79E-08
4.44E-08
4.73E-08
4.48E-08
4.75E-08
4.79E-08
4.67E-08
4.79E-08
4.83E-08
4.71E-08
5.06E-08
4.71E-08
4.71E-08
4.73E-08
4.98E-08
4.94E-08
4.87E-08
4.75E-08
4.73E-08
5E-08
5E-08
4.75E-08
5.04E-08
5E-08
4.94E-08
4.92E-08
4.9E-08
4.94E-08
5.06E-08
4.94E-08
5.23E-08
4.98E-08
5.25E-08
5.25E-08
5.25E-08
5.27E-08
5.27E-08
5.27E-08
4.9E-08
5.06E-08
5.29E-08
5.29E-08
5.19E-08
5.21E-08
5.21E-08
5.23E-08
5.46E-08
5.46E-08
5.19E-08
5.33E-08
5.48E-08
5.37E-08
5.48E-08
5.23E-08
5.52E-08
5.27E-08
5.56E-08
5.44E-08
5.54E-08
5.44E-08
5.58E-08
5.73E-08
5.62E-08
5.75E-08
5.87E-08
5.75E-08
5.79E-08
5.77E-08
5.81E-08
5.69E-08
5.69E-08
5.71E-08
5.71E-08
5.71E-08
5.71E-08
5.73E-08
5.73E-08
5.75E-08
5.77E-08
5.77E-08
5.77E-08
5.73E-08
5.75E-08
5.75E-08
5.77E-08
5.77E-08
6E-08
5.75E-08
6.04E-08
6E-08
5.98E-08
5.75E-08
6E-08
6E-08
6E-08
6E-08
5.63E-08
6.02E-08
6.02E-08
5.65E-08
6.02E-08
6E-08
6E-08
6E-08
5.98E-08
5.75E-08
5.75E-08
5.75E-08
5.73E-08
5.98E-08
6E-08
5.98E-08
6E-08
6E-08
5.77E-08
6.02E-08
6.06E-08
6.02E-08
6E-08
6.04E-08
5.92E-08
6.04E-08
6.17E-08
5.94E-08
6.06E-08
6.23E-08
5.96E-08
5.98E-08
6.25E-08
5.98E-08
6.23E-08
5.96E-08
6.25E-08
6.23E-08
6E-08
6.29E-08
6.29E-08
6.17E-08
6.27E-08
6.17E-08
6.31E-08
6.19E-08
6.31E-08
6.21E-08
6.33E-08
6.46E-08
6.19E-08
6.33E-08
6.23E-08
6.48E-08
6.46E-08
6.46E-08
6.62E-08
6.62E-08
6.19E-08
6.21E-08
6.31E-08
6.58E-08
6.19E-08
6.21E-08
6.23E-08
6.21E-08
6.21E-08
6.21E-08
6.21E-08
6.21E-08
6.31E-08
6.33E-08
6.21E-08
6.21E-08
6.21E-08
6.29E-08
6.29E-08
6.29E-08
6.19E-08
6.21E-08
6.19E-08
6.21E-08
6.21E-08
6.21E-08
6.46E-08
6.48E-08
6.23E-08
6.23E-08
6.5E-08
6.27E-08
6.27E-08
6.52E-08
6.54E-08
6.4E-08
6.42E-08
6.58E-08
6.58E-08
6.69E-08
6.56E-08
6.58E-08
6.69E-08
6.44E-08
6.48E-08
6.73E-08
6.87E-08
6.5E-08
6.5E-08
6.58E-08
6.85E-08
6.71E-08
6.46E-08
6.48E-08
6.48E-08
6.46E-08
6.46E-08
6.58E-08
6.58E-08
6.83E-08
6.81E-08
6.56E-08
6.56E-08
6.56E-08
6.56E-08
6.56E-08
6.5E-08
6.5E-08
6.5E-08
6.48E-08
6.25E-08
6.23E-08
6.21E-08
6.48E-08
6.21E-08
6.33E-08
6.21E-08
6.17E-08
6.31E-08
6.21E-08
6.31E-08
6.29E-08
6.17E-08
6.04E-08
6.29E-08
6.15E-08
6.27E-08
6.15E-08
6.02E-08
6.29E-08
6.21E-08
6.27E-08
6.15E-08
6.27E-08
6.15E-08
6.27E-08
5.9E-08
6.31E-08
6.54E-08
6.33E-08
6.17E-08
6.19E-08
6.29E-08
6.44E-08
6.35E-08
6.19E-08
6.56E-08
6.33E-08
6.19E-08
6.19E-08
6.33E-08
6.58E-08
6.31E-08
6.31E-08
6.31E-08
6.21E-08
6.29E-08
6.21E-08
6.21E-08
6.21E-08
6.19E-08
6.19E-08
6.21E-08
6.33E-08
6.21E-08
6.5E-08
6.19E-08
6.35E-08
6.21E-08
6.19E-08
6.17E-08
6.31E-08
6.29E-08
6.25E-08
6.04E-08
6.29E-08
6.25E-08
6.27E-08
6.23E-08
6E-08
6.23E-08
5.96E-08
6.21E-08
5.96E-08
5.98E-08
5.98E-08
6.21E-08
6.1E-08
5.98E-08
6.08E-08
6.33E-08
5.94E-08
5.96E-08
6.21E-08
5.94E-08
6.08E-08
6.04E-08
5.96E-08
5.96E-08
5.94E-08
5.69E-08
6.04E-08
6.02E-08
6.04E-08
6.02E-08
5.88E-08
6.02E-08
5.92E-08
6.02E-08
5.9E-08
6.04E-08
6.06E-08
6.04E-08
6.08E-08
6.04E-08
5.9E-08
6.02E-08
5.92E-08
6.04E-08
5.77E-08
6.04E-08
6E-08
6.02E-08
5.75E-08
6.02E-08
6E-08
5.9E-08
6E-08
5.92E-08
6.02E-08
5.92E-08
6.04E-08
5.94E-08
6.21E-08
5.94E-08
6.23E-08
5.96E-08
6.23E-08
6.37E-08
6.25E-08
5.98E-08
6.25E-08
6.25E-08
6.29E-08
6.27E-08
6.19E-08
6.19E-08
6.19E-08
6.19E-08
6.29E-08
6.19E-08
6.31E-08
6.19E-08
6.46E-08
6.35E-08
6.48E-08
6.48E-08
6.23E-08
6.5E-08
6.5E-08
6.29E-08
6.5E-08
6.25E-08
6.52E-08
6.5E-08
6.5E-08
6.54E-08
6.5E-08
6.5E-08
6.48E-08
6.5E-08
6.54E-08
6.27E-08
6.54E-08
6.27E-08
6.54E-08
6.5E-08
6.25E-08
6.52E-08
6.4E-08
6.5E-08
6.52E-08
6.56E-08
6.5E-08
6.56E-08
6.5E-08
6.27E-08
6.54E-08
6.54E-08
6.25E-08
6.5E-08
6.54E-08
6.27E-08
6.5E-08
6.27E-08
6.54E-08
6.4E-08
6.5E-08
6.52E-08
6.29E-08
6.56E-08
6.56E-08
6.42E-08
6.54E-08
6.27E-08
6.56E-08
6.44E-08
6.27E-08
6.56E-08
6.4E-08
6.42E-08
6.52E-08
6.52E-08
6.54E-08
6.52E-08
6.54E-08
6.52E-08
6.42E-08
6.42E-08
6.58E-08
6.54E-08
6.54E-08
6.54E-08
6.17E-08
6.54E-08
6.5E-08
6.54E-08
6.42E-08
6.15E-08
6.56E-08
6.52E-08
6.17E-08
6.54E-08
6.54E-08
6.15E-08
6.52E-08
6.25E-08
6.52E-08
6.4E-08
6.52E-08
6.29E-08
6.5E-08
6.52E-08
6.5E-08
6.27E-08
6.5E-08
6.23E-08
6.5E-08
6.48E-08
6.37E-08
6.48E-08
6.5E-08
6.23E-08
6.35E-08
6.25E-08
6.25E-08
6.5E-08
6.5E-08
6.5E-08
6.5E-08
6.5E-08
6.5E-08
6.5E-08
6.48E-08
6.25E-08
6.23E-08
6.23E-08
6.52E-08
6.54E-08
6.5E-08
6.25E-08
6.48E-08
6.62E-08
6.21E-08
6.48E-08
6.19E-08
6.23E-08
6.31E-08
6.31E-08
6.29E-08
6.52E-08
6.31E-08
6.33E-08
6.15E-08
6.15E-08
6.02E-08
6E-08
6E-08
6.25E-08
6.25E-08
6.21E-08
6.35E-08
6.08E-08
6.08E-08
6.06E-08
6.06E-08
6.04E-08
6.04E-08
6.04E-08
5.92E-08
6.04E-08
6.02E-08
6.02E-08
6.06E-08
6.02E-08
5.77E-08
6.04E-08
6.02E-08
5.88E-08
6E-08
5.98E-08
5.77E-08
6.02E-08
5.98E-08
5.77E-08
6.02E-08
5.98E-08
5.73E-08
5.98E-08
5.87E-08
6E-08
5.73E-08
5.73E-08
6E-08
6.02E-08
5.75E-08
5.98E-08
5.73E-08
5.75E-08
6E-08
5.96E-08
5.96E-08
5.73E-08
5.73E-08
5.73E-08
5.73E-08
5.71E-08
5.71E-08
5.67E-08
5.71E-08
5.69E-08
5.69E-08
5.67E-08
5.77E-08
5.77E-08
5.52E-08
5.79E-08
5.56E-08
5.54E-08
5.52E-08
5.75E-08
5.5E-08
5.5E-08
5.73E-08
5.75E-08
5.48E-08
5.73E-08
5.73E-08
5.46E-08
5.58E-08
5.48E-08
5.71E-08
5.44E-08
5.58E-08
5.58E-08
5.54E-08
5.54E-08
5.44E-08
5.44E-08
5.52E-08
5.52E-08
5.13E-08
5.54E-08
5.5E-08
5.48E-08
5.23E-08
5.25E-08
5.5E-08
5.21E-08
5.31E-08
5.29E-08
5.19E-08
5.19E-08
5.19E-08
5.31E-08
5.17E-08
5.19E-08
5.29E-08
5.27E-08
5.02E-08
5.02E-08
5.27E-08
5.23E-08
5.23E-08
5.23E-08
5.23E-08
5.23E-08
4.96E-08
5.1E-08
5.06E-08
4.94E-08
4.94E-08
4.92E-08
4.94E-08
4.94E-08
4.94E-08
4.94E-08
4.92E-08
4.9E-08
4.81E-08
5.02E-08
5E-08
4.63E-08
5E-08
4.71E-08
5E-08
4.98E-08
4.87E-08
4.73E-08
4.71E-08
4.71E-08
5.08E-08
4.69E-08
4.71E-08
5.08E-08
4.83E-08
4.71E-08
4.69E-08
4.83E-08
4.69E-08
4.79E-08
4.67E-08
4.79E-08
4.81E-08
4.65E-08
4.54E-08
4.79E-08
4.75E-08
4.75E-08
4.77E-08
4.48E-08
4.75E-08
4.46E-08
4.73E-08
4.85E-08
4.71E-08
4.73E-08
4.71E-08
4.69E-08
4.83E-08
4.83E-08
4.56E-08
4.54E-08
4.54E-08
4.54E-08
4.56E-08
4.42E-08
4.42E-08
4.42E-08
4.4E-08
4.4E-08
4.42E-08
4.52E-08
4.25E-08
4.25E-08
4.5E-08
4.62E-08
4.48E-08
4.21E-08
4.23E-08
4.23E-08
4.21E-08
4.19E-08
4.29E-08
4.31E-08
4.31E-08
4.31E-08
4.31E-08
4.31E-08
4.29E-08
4.06E-08
4.31E-08
4.17E-08
4.17E-08
4.19E-08
4.19E-08
4.29E-08
4.19E-08
4.17E-08
4.19E-08
4.19E-08
4.29E-08
4.29E-08
4.19E-08
4.19E-08
4.04E-08
4.29E-08
4.31E-08
4.17E-08
4.19E-08
4.29E-08
4.29E-08
4.29E-08
4.54E-08
4.33E-08
4.19E-08
4.19E-08
4.29E-08
4.31E-08
4.33E-08
4.17E-08
4.19E-08
4.29E-08
4.29E-08
4.31E-08
4.31E-08
4.31E-08
4.31E-08
4.29E-08
4.31E-08
4.31E-08
4.29E-08
4.29E-08
4.27E-08
4.25E-08
4.02E-08
4.04E-08
4.02E-08
4.02E-08
4.25E-08
4.1E-08
4.08E-08
4.08E-08
4.06E-08
4.04E-08
3.79E-08
4.04E-08
4.02E-08
3.75E-08
3.73E-08
3.73E-08
3.73E-08
3.71E-08
3.79E-08
3.79E-08
3.65E-08
3.63E-08
3.52E-08
3.73E-08
3.73E-08
3.69E-08
3.44E-08
3.56E-08
3.31E-08
3.29E-08
3.29E-08
3.29E-08
3.25E-08
3.23E-08
3.5E-08
3.35E-08
3.19E-08
3.19E-08
3.29E-08
3.15E-08
3.27E-08
3.29E-08
3.02E-08
2.98E-08
3.23E-08
2.96E-08
2.98E-08
2.94E-08
3.06E-08
2.92E-08
2.77E-08
3.06E-08
3E-08
2.75E-08
2.73E-08
2.73E-08
3.08E-08
3.12E-08
2.69E-08
2.69E-08
2.81E-08
2.69E-08
2.79E-08
2.67E-08
2.77E-08
2.52E-08
2.5E-08
2.5E-08
2.5E-08
2.5E-08
2.48E-08
2.56E-08
2.56E-08
2.54E-08
2.54E-08
2.29E-08
2.56E-08
2.56E-08
2.4E-08
2.48E-08
2.21E-08
2.23E-08
2.21E-08
2.21E-08
2.31E-08
2.29E-08
2.29E-08
2E-08
2.25E-08
2.37E-08
1.98E-08
1.98E-08
2.21E-08
1.94E-08
2.06E-08
1.96E-08
2.06E-08
1.94E-08
2.44E-08
2.06E-08
2.06E-08
2.02E-08
2.02E-08
1.65E-08
2.04E-08
1.77E-08
2.02E-08
2E-08
1.77E-08
2.02E-08
2.04E-08
1.88E-08
2E-08
2E-08
1.75E-08
2E-08
2.02E-08
2.1E-08
2.02E-08
1.98E-08
2.12E-08
2.12E-08
1.73E-08
2E-08
1.96E-08
1.75E-08
2E-08
2.12E-08
1.98E-08
2.12E-08
2.02E-08
1.71E-08
2E-08
2.12E-08
2E-08
1.73E-08
2E-08
2.12E-08
1.98E-08
2E-08
1.98E-08
1.98E-08
1.77E-08
1.77E-08
1.77E-08
2E-08
1.75E-08
1.75E-08
2.02E-08
1.9E-08
2E-08
2.04E-08
2E-08
1.63E-08
1.75E-08
1.73E-08
1.98E-08
1.73E-08
1.98E-08
2.1E-08
1.71E-08
1.96E-08
1.69E-08
1.96E-08
1.69E-08
1.71E-08
1.71E-08
1.81E-08
1.67E-08
1.81E-08
1.67E-08
1.81E-08
1.77E-08
1.81E-08
1.77E-08
1.75E-08
1.4E-08
1.5E-08
1.48E-08
1.48E-08
1.48E-08
1.73E-08
1.44E-08
1.46E-08
1.6E-08
1.46E-08
1.44E-08
1.44E-08
1.54E-08
1.56E-08
1.42E-08
1.5E-08
1.4E-08
1.5E-08
1.38E-08
1.5E-08
1.48E-08
1.25E-08
1.5E-08
1.25E-08
1.25E-08
1.52E-08
1.38E-08
1.5E-08
1.25E-08
1.25E-08
1.25E-08
1.5E-08
1.62E-08
1.23E-08
1.23E-08
1.25E-08
1.25E-08
1.25E-08
1.21E-08
1.23E-08
1.23E-08
1.21E-08
1.31E-08
1.31E-08
1.19E-08
1.17E-08
1.27E-08
1.25E-08
1.27E-08
9.8E-09
9.8E-09
1.1E-08
9.8E-09
1.35E-08
1.35E-08
1.08E-08
9.4E-09
9.2E-09
7.7E-09
7.9E-09
1.02E-08
9.8E-09
7.3E-09
7.3E-09
9.8E-09
6.9E-09
6.9E-09
6.9E-09
7.9E-09
8.1E-09
6.7E-09
7.7E-09
8.1E-09
7.5E-09
5.2E-09
5E-09
7.5E-09
7.3E-09
7.5E-09
4.8E-09
4.8E-09
7.5E-09
4.8E-09
4.8E-09
7.3E-09
4.6E-09
6E-09
7.1E-09
4.8E-09
6.2E-09
7.3E-09
4.8E-09
7.1E-09
4.8E-09
7.1E-09
4.6E-09
4.8E-09
4.4E-09
8.3E-09
4.6E-09
4.6E-09
8.5E-09
4.8E-09
4.4E-09
8.3E-09
4.6E-09
8.5E-09
4.6E-09
7.1E-09
-5E-09
-7.5E-09
-7.5E-09
-5E-09
-7.5E-09
7.1E-09
-5E-09
-7.5E-09
-7.5E-09
-7.5E-09
-5E-09
-5E-09
-7.5E-09
-7.9E-09
-4.6E-09
-6.9E-09
-8.3E-09
-8.1E-09
-4.6E-09
-6.9E-09
-8.3E-09
-4.8E-09
-6.7E-09
-7.1E-09
-6E-09
-6.9E-09
-7.1E-09
-7.5E-09
-7.3E-09
-7.3E-09
-7.3E-09
-7.3E-09
-7.5E-09
-8.7E-09
-7.1E-09
-7.3E-09
-7.5E-09
-7.5E-09
-1E-08
-7.3E-09
-7.5E-09
-7.5E-09
-7.3E-09
-7.7E-09
-7.5E-09
-7.7E-09
-7.5E-09
-7.3E-09
-1E-08
-7.7E-09
-6.3E-09
-7.5E-09
-7.5E-09
-1.02E-08
-7.7E-09
-1.04E-08
-7.9E-09
-1.04E-08
-6.9E-09
-8.1E-09
-9.4E-09
-8.1E-09
-9.6E-09
-1.06E-08
-9.8E-09
-1E-08
-1E-08
-9.8E-09
-1.23E-08
-1.02E-08
-1.15E-08
-1.02E-08
-9.2E-09
-1.27E-08
-9.4E-09
-1.17E-08
-1.29E-08
-9.6E-09
-9.4E-09
-1.29E-08
-1.29E-08
-9.8E-09
-9.6E-09
-9.6E-09
-9.6E-09
-1.19E-08
-1.31E-08
-1.29E-08
-1.21E-08
-1.21E-08
-1.23E-08
-1.19E-08
-1.21E-08
-1.27E-08
-1.25E-08
-1.29E-08
-1.25E-08
-1.25E-08
-1.25E-08
-1.29E-08
-1.38E-08
-1.5E-08
-1.27E-08
-1.25E-08
-1.5E-08
-1.29E-08
-1.27E-08
-1.23E-08
-1.27E-08
-1.25E-08
-1.5E-08
-1.54E-08
-1.54E-08
-1.54E-08
-1.31E-08
-1.27E-08
-1.29E-08
-1.48E-08
-1.29E-08
-1.29E-08
-1.5E-08
-1.29E-08
-1.42E-08
-1.29E-08
-1.42E-08
-1.54E-08
-1.25E-08
-1.29E-08
-1.29E-08
-1.29E-08
-1.56E-08
-1.46E-08
-1.54E-08
-1.54E-08
-1.52E-08
-1.27E-08
-1.31E-08
-1.29E-08
-1.31E-08
-1.42E-08
-1.46E-08
-1.31E-08
-1.44E-08
-1.5E-08
-1.5E-08
-1.62E-08
-1.5E-08
-1.6E-08
-1.48E-08
-1.58E-08
-1.58E-08
-1.5E-08
-1.48E-08
-1.6E-08
-1.52E-08
-1.52E-08
-1.5E-08
-1.5E-08
-1.54E-08
-1.38E-08
-1.65E-08
-1.81E-08
-1.77E-08
-1.56E-08
-1.54E-08
-1.69E-08
-1.54E-08
-1.56E-08
-1.69E-08
-1.73E-08
-1.83E-08
-1.73E-08
-1.85E-08
-1.98E-08
-1.73E-08
-1.73E-08
-1.71E-08
-1.75E-08
-1.73E-08
-1.71E-08
-1.77E-08
-1.71E-08
-1.73E-08
-1.75E-08
-1.73E-08
-1.85E-08
-1.73E-08
-1.87E-08
-1.75E-08
-1.98E-08
-1.77E-08
-1.75E-08
-1.88E-08
-1.75E-08
-1.75E-08
-1.73E-08
-2E-08
-1.75E-08
-1.77E-08
-1.73E-08
-1.73E-08
-1.63E-08
-2.02E-08
-2.04E-08
-2.02E-08
-2.04E-08
-2.04E-08
-2.04E-08
-1.79E-08
-1.79E-08
-1.9E-08
-2.04E-08
-2.02E-08
-2.02E-08
-1.77E-08
-1.75E-08
-1.73E-08
-1.75E-08
-1.71E-08
-1.75E-08
-1.75E-08
-1.87E-08
-1.85E-08
-1.85E-08
-1.77E-08
-1.85E-08
-1.46E-08
-1.71E-08
-1.75E-08
-1.75E-08
-1.71E-08
-1.46E-08
-1.69E-08
-1.5E-08
-1.69E-08
-1.46E-08
-1.67E-08
-1.46E-08
-1.81E-08
-1.71E-08
-1.81E-08
-1.71E-08
-1.83E-08
-1.46E-08
-1.67E-08
-1.81E-08
-1.83E-08
-1.81E-08
-1.83E-08
-1.79E-08
-1.81E-08
-1.44E-08
-1.42E-08
-1.77E-08
-1.52E-08
-1.52E-08
-1.77E-08
-1.5E-08
-1.46E-08
-1.5E-08
-1.6E-08
-1.5E-08
-1.48E-08
-1.6E-08
-1.5E-08
-1.48E-08
-1.62E-08
-1.73E-08
-1.48E-08
-1.38E-08
-1.77E-08
-1.54E-08
-1.48E-08
-1.58E-08
-1.46E-08
-1.62E-08
-1.35E-08
-1.44E-08
-1.48E-08
-1.58E-08
-1.62E-08
-1.35E-08
-1.42E-08
-1.46E-08
-1.48E-08
-1.48E-08
-1.6E-08
-1.48E-08
-1.33E-08
-1.46E-08
-1.46E-08
-1.58E-08
-1.44E-08
-1.54E-08
-1.54E-08
-1.54E-08
-1.29E-08
-1.27E-08
-1.29E-08
-1.27E-08
-1.29E-08
-1.38E-08
-1.23E-08
-1.25E-08
-1.02E-08
-1.46E-08
-1.25E-08
-1.23E-08
-1.25E-08
-1.21E-08
-1.23E-08
-1.35E-08
-1.23E-08
-1.25E-08
-1.29E-08
-1.06E-08
-1.17E-08
-1.04E-08
-1.31E-08
-1.19E-08
-1.04E-08
-1.17E-08
-1.19E-08
-1.29E-08
-1.02E-08
-1.04E-08
-1.19E-08
-1.04E-08
-1.02E-08
-9.6E-09
-9.8E-09
-8.3E-09
-9.4E-09
-7.1E-09
-1.06E-08
-7.1E-09
-9.4E-09
-8.1E-09
-8.1E-09
-9.4E-09
-9.6E-09
-8.3E-09
-1.06E-08
-9.6E-09
-8.1E-09
-9.2E-09
-9.4E-09
-7.9E-09
-9.2E-09
-9.2E-09
-1.06E-08
-7.9E-09
-7.7E-09
-7.9E-09
-8.1E-09
-8.1E-09
-9E-09
-7.9E-09
-7.7E-09
-7.7E-09
-7.7E-09
-7.7E-09
-1E-08
-7.5E-09
-7.3E-09
-7.7E-09
-7.7E-09
-7.5E-09
-7.5E-09
-7.5E-09
-7.3E-09
-7.7E-09
-7.3E-09
-7.3E-09
-7.3E-09
-7.3E-09
-7.3E-09
-8.5E-09
-6.9E-09
-8.5E-09
-7.1E-09
-7.3E-09
-7.3E-09
-4.6E-09
-6.9E-09
-8.3E-09
-7.1E-09
-7.1E-09
-7.1E-09
-7.1E-09
-8.1E-09
-5.8E-09
-6.9E-09
-7.1E-09
-7.3E-09
-7.1E-09
-7.1E-09
-7.1E-09
-8.1E-09
-5.8E-09
-8.1E-09
-8.3E-09
-8.3E-09
-8.3E-09
-8.3E-09
-7.1E-09
-7.1E-09
-8.1E-09
-8.1E-09
-8.1E-09
-8.3E-09
-8.1E-09
-4.6E-09
-6.9E-09
-8.1E-09
-4.4E-09
-8.1E-09
-5.6E-09
-5E-09
-7.5E-09
-5E-09
-7.5E-09
-5E-09
-7.5E-09
-5E-09
-7.5E-09
-5E-09
5.8E-09
4.6E-09
8.3E-09
7.1E-09
4.6E-09
8.3E-09
4.6E-09
8.5E-09
7.3E-09
7.3E-09
4.8E-09
4.8E-09
4.6E-09
8.5E-09
9.6E-09
7.3E-09
7.3E-09
1E-08
9.6E-09
8.7E-09
8.5E-09
7.5E-09
1E-08
7.7E-09
1.04E-08
9.2E-09
9E-09
9E-09
1.02E-08
1.04E-08
9.2E-09
1E-08
1.02E-08
7.7E-09
1.06E-08
1.06E-08
9.2E-09
1.04E-08
1.04E-08
1.02E-08
1.08E-08
1.04E-08
1.06E-08
1.29E-08
1.06E-08
9.2E-09
1.04E-08
9.2E-09
1.04E-08
9.2E-09
1.02E-08
1.04E-08
9E-09
9.2E-09
7.5E-09
1.06E-08
9E-09
1.04E-08
9.4E-09
1.04E-08
1.08E-08
1.33E-08
1.33E-08
9.4E-09
9.6E-09
9.6E-09
9.6E-09
1.06E-08
9.6E-09
1.33E-08
1.08E-08
1.08E-08
1.21E-08
9.4E-09
1.06E-08
9.6E-09
9.6E-09
1.08E-08
1.21E-08
9.4E-09
1.21E-08
1.1E-08
9.8E-09
1.25E-08
1.37E-08
1.19E-08
9.8E-09
9.8E-09
1.08E-08
9.6E-09
1.21E-08
1.08E-08
9.4E-09
1.04E-08
1.06E-08
1.06E-08
1.04E-08
1.04E-08
1.04E-08
1.04E-08
1.04E-08
1.04E-08
1.04E-08
1.02E-08
9.2E-09
9.2E-09
9.4E-09
1.04E-08
1.08E-08
1.33E-08
1.33E-08
1.19E-08
1.19E-08
1.1E-08
1E-08
1.23E-08
1E-08
9.8E-09
1.25E-08
1.25E-08
1E-08
1.23E-08
9.8E-09
1E-08
1.27E-08
1.25E-08
1.23E-08
9.6E-09
1E-08
1.27E-08
1E-08
1.27E-08
1.15E-08
1.29E-08
1.31E-08
1.17E-08
1.17E-08
1.17E-08
1.17E-08
1.29E-08
1.56E-08
1.35E-08
1.23E-08
1.46E-08
1.21E-08
1.21E-08
1.6E-08
1.19E-08
1.25E-08
1.23E-08
1.6E-08
1.6E-08
1.21E-08
1.25E-08
1.21E-08
1.58E-08
1.21E-08
1.23E-08
1.58E-08
1.44E-08
1.44E-08
1.21E-08
1.25E-08
1.6E-08
1.23E-08
1.48E-08
1.23E-08
1.23E-08
1.52E-08
1.13E-08
1.5E-08
1.27E-08
1.54E-08
1.52E-08
1.52E-08
1.54E-08
1.38E-08
1.54E-08
1.42E-08
1.54E-08
1.52E-08
1.52E-08
1.04E-08
9.8E-09
9.2E-09
6.3E-09
7.5E-09
7.1E-09
6.7E-09
5.2E-09
7.3E-09
5E-09
7.5E-09
7.9E-09
7.9E-09
6.9E-09
7.1E-09
7.1E-09
7.1E-09
1E-08
7.5E-09
7.9E-09
1.06E-08
1.04E-08
9.4E-09
9.6E-09
9.6E-09
9.8E-09
9.8E-09
9.8E-09
1.29E-08
1.15E-08
1.25E-08
1.17E-08
1.29E-08
1.21E-08
1.33E-08
1.21E-08
1.33E-08
1.31E-08
1.29E-08
1.19E-08
1.17E-08
1.17E-08
1.27E-08
1.25E-08
9.8E-09
1.04E-08
-2.25E-08
-2.27E-08
-2.94E-08
-2.94E-08
-6.5E-09
-7.7E-09
-7.5E-09
-7.5E-09
-7.5E-09
7.9E-09
7.5E-09
7.9E-09
7.7E-09
1.08E-08
9E-09
1.23E-08
