2.290196 126180
9.3618854 175020
6.5311082 2620
7.5301717 16845
8.530535 29619
9.5301352 41178
10.5309537 51421
11.5303682 60863
22.1027597 69385
27.734714 77984
28.5969319 86580
29.4529537 95153
30.293565 103843
31.0153329 112451
31.9647056 121196
32.9181613 129938
33.7716135 138658
34.5656353 147435
35.5496973 155830
36.333166 163762
37.1816809 171730
38.0216913 179673
38.9188495 187692
0.1594938 26360
7.8596489 37033
8.9332479 49167
9.7165344 61285
10.3511701 73448
10.8118524 85615
11.1833775 97846
11.424029 110102
11.6289726 121982
11.8485256 132746
12.0408397 142111
12.3114618 149595
12.4412931 152415
13.1022439 150699
14.1013227 149061
15.10326 147439
16.102462 146294
17.1023686 130086
18.1026262 130587
19.1009404 131428
20.1028977 131811
21.10114 132154
22.1015013 132539
23.3315187 132904
1.0288261 148160
4.0355226 146556
5.0861063 144889
5.9590596 143239
6.6080742 142106
7.0565483 140990
7.4646081 140332
8.0247909 139693
9.0248022 139092
10.0244034 138950
11.0251147 138808
12.0241561 138666
13.0246452 138523
14.0250562 138400
15.0241787 138297
16.0246154 138173
17.0248289 138050
18.0246421 137906
19.0248899 137782
20.0246544 137637
21.0240299 137532
32.7688023 137408
33.3846959 137282
34.0490235 137137
34.7766694 136991
35.282529 136845
35.748142 136739
36.2324795 136612
44.328008 136466
44.95205 136299
45.4423148 136171
45.9127764 136083
46.2968617 135896
46.7194349 135787
47.120912 135619
47.3086994 135510
47.5361051 135381
47.7765406 135252
47.975811 135103
48.1742823 135033
48.3918923 134843
48.5664056 134692
48.8226447 134582
48.9735016 134451
49.1570547 134280
49.3583716 134288
49.5494079 127297
49.7594284 127112
49.969506 124606
50.1659677 125235
51.023608 126546
52.0237656 127939
53.0243491 128775
54.0234746 129652
55.0243927 130471
56.0247488 131312
57.0238831 131675
58.0237866 132038
59.0242598 132382
60.0243136 132767
61.0250229 133113
62.0250557 133439
8.0370293 0
10.3159312 0
11.203791 0
11.971299 0
12.8284211 0
13.5158343 0
14.1869395 0
15.0348565 0
16.0348093 0
17.0340672 0
18.0342966 0
4.5838914 30920
8.3492898 41842
9.171759 53506
10.1157853 65233
10.97583 76743
11.9232885 86676
12.7622571 95470
13.7153156 103021
14.6907499 109167
15.6453776 114005
16.4915868 117953
17.3472401 121309
18.2923221 124132
19.2364593 126300
20.1632996 128053
21.0131888 129389
21.7875182 130527
22.2057226 131388
22.5394352 132091
23.5394829 132415
24.5394562 132780
3.412527 131700
5.4556135 132043
6.072919 132407
6.6604247 132712
7.4108561 133078
8.4127579 133444
9.4108381 133831
10.4108797 134198
11.4103403 134567
12.4107581 134896
13.4111363 135286
14.4114935 135156
15.410346 135507
16.411126 135398
17.4112779 135228
1.2275294 118440
4.2448663 120697
5.4885318 122998
6.0487254 125344
6.5360091 127155
6.9401815 128649
7.4649776 123007
8.2237338 124233
9.3124056 125801
10.2233556 127153
11.2233418 128027
12.222707 128883
13.2223436 129721
14.2229815 130600
17.2438507 131441
17.2487444 132344
17.2538429 133169
18.2229918 133535
19.2226079 133922
20.22339 134270
21.2230534 134619
22.2222246 135008
23.2226459 135378
24.222476 135269
25.2227193 135079
26.2228137 135449
27.223078 135340
28.2224386 135231
29.2225782 135082
30.2229671 135432
31.2229553 135343
32.2229759 135193
33.2226038 135024
34.222613 135414
35.2229507 135265
36.2229538 135115
37.2231986 135465
38.2218161 135376
39.2228265 135227
40.2228368 135077
41.2225479 135428
42.222182 135318
43.2219572 135169
44.2244282 135039
45.2225576 135409
46.2227403 135260
47.2227147 135131
48.2220834 135501
49.222845 135332
50.2230333 135203
51.2220906 135093
52.2227301 135463
53.2225535 135314
54.2223513 135165
3.2329542 150500
4.2328829 161541
5.2283541 158684
6.2291028 156021
7.2293789 153353
8.2287559 151220
9.2290982 149583
10.2293696 147942
11.2293584 146258
12.2287395 145150
13.2293491 143981
14.2283515 142888
15.072649 141334
16.0673776 140717
17.0673258 140078
20.0671061 137599
21.0663558 137494
22.066734 137389
23.066732 137223
24.0670091 120838
2.6561961 146720
3.6546545 145593
4.6551728 144505
5.6554869 143354
6.6556167 142680
7.6554987 142086
8.6550558 141470
9.6547797 140853
10.654051 140235
11.6549024 139575
12.6541634 138954
13.6623702 138812
14.6547735 138690
15.6564039 138527
16.6548757 122164
17.65454 123708
18.6546514 125036
19.6540679 126386
20.6545175 127699
21.6556383 128574
22.6545016 129391
23.6536035 130270
24.6546453 131111
25.6546263 131473
26.653605 131836
27.654577 132199
28.6547248 132524
29.6561371 132949
30.6548059 133275
31.6544107 125241
32.6556819 126452
33.6545031 127765
34.6543604 128640
35.6557866 129497
36.6553801 130356
37.6545282 131197
38.6543579 131540
39.6545288 131923
40.6533726 132247
41.6544261 132631
42.653878 132976
43.653527 133342
44.6533679 133669
45.6542368 134036
46.6537467 134444
47.6543794 134813
48.6543984 135203
49.6543189 135033
50.6542583 135383
51.6541536 135274
52.6542819 135125
53.6541516 135475
54.6536368 135366
55.6538837 135237
56.6536584 135087
57.6541469 135437
58.6539011 135288
59.6534639 135159
60.6539868 135489
61.6532817 135420
62.6540582 135231
63.6534901 135121
64.6546791 118731
65.6541495 120749
66.6541285 122570
67.6541434 124356
68.6531283 125704
69.654012 127076
70.6601558 127910
71.65413 128766
72.6533777 129623
73.6533741 130482
74.6537687 131323
75.653895 131666
76.6538939 132049
77.6541382 132374
78.6531437 132778
79.6538508 133124
80.6600404 133490
81.6543645 133837
82.6533182 134225
83.6533931 134533
84.6536502 134942
85.6537923 135292
86.6531509 135183
87.6538981 135033
88.6550245 135383
89.6544933 135174
90.653917 149304
91.6527716 147923
92.6527449 146259
93.6551179 145151
94.6536492 143962
95.6534126 142849
96.6536348 142235
97.6532643 141620
98.6536307 141003
99.6536338 140385
100.6532756 139726
101.6534993 139065
102.6535044 138943
103.6529133 138821
104.6522518 138679
105.652651 0
106.6538652 152916
107.652827 151042
108.6531462 149404
109.6537836 147783
110.6525397 146118
111.652477 144971
112.6527198 143861
113.6535168 142748
114.654478 142094
115.6531734 141458
116.652786 140861
117.6531498 140183
118.6524822 139603
119.6527383 138962
120.6532417 138800
121.6531334 138698
122.6531555 138555
123.6528973 138392
124.652729 138269
125.652671 138186
126.6532725 138022
127.6526623 137898
128.6531406 137774
129.652262 137649
130.6525361 137565
131.6529266 137380
132.6535378 137274
133.653294 137169
134.652029 137003
135.6533253 136857
136.6525622 136751
137.6544369 136605
138.6528429 120958
139.6531462 122520
140.6529661 124305
141.6521055 125653
142.6530056 127025
143.6530467 127899
144.652573 128695
145.6526756 129532
146.6518022 130411
147.6532135 131352
148.6534624 131694
149.6530554 132058
150.652552 132442
151.652865 132787
152.652827 133132
153.6525058 133519
154.652087 133846
155.652222 134233
156.6529348 134582
157.6523744 134951
158.6522107 135321
159.652573 135192
160.6531067 135022
161.6524883 135412
162.6518448 135263
163.6515851 135153
164.6522174 135524
165.6525376 135395
166.6529107 135246
167.6570849 135116
168.6593717 135446
169.6525535 119097
170.6525925 120575
171.6519885 122416
172.6522733 124241
173.6526361 125610
174.6525432 126901
175.6532597 128275
176.6525905 129151
177.6517452 129950
178.651754 130830
179.6516811 131691
180.653449 132095
181.6513552 132399
182.6521563 132804
183.6528311 133109
184.6525294 133495
185.6522548 125662
186.6519213 126854
187.6515502 128207
188.6536256 129084
189.6733714 129882
190.6516128 130742
191.6516873 131623
192.6531175 131967
193.6510217 132570
194.6516765 132956
195.6521768 133302
196.6524498 133628
197.6518217 134035
198.6515451 134343
199.6513013 134752
200.6540566 135082
201.6517955 135452
202.651715 135323
203.6512613 135213
204.6514538 135104
205.6526572 135414
206.6510653 135305
207.6514553 135195
208.652027 135046
209.6513065 135396
210.6514142 135247
211.6514317 135137
212.652397 135467
213.6520875 135598
214.6520706 135470
215.6519885 135341
216.6511525 135151
217.6515225 135562
218.6517873 135433
219.6511664 135284
220.650995 135154
221.6515651 135484
222.6509236 135415
223.6518207 135246
224.6521897 135077
225.6509539 135467
226.6516631 135338
227.6519361 135208
228.6557537 135079
229.651696 135449
230.6517103 135320
231.6514266 135191
232.6513162 135001
233.6518299 135391
234.6513178 135282
236.6516672 134732
237.6507953 135062
238.6525941 135412
239.6514845 135283
240.6510109 135153
241.6511248 135484
242.651521 135375
243.6524935 127245
244.6517442 136120
245.6505736 135972
246.6508082 135784
247.6513265 135676
248.6515523 135527
249.650394 135418
250.651424 135509
251.6511982 135360
252.6504223 135251
253.6513244 135101
254.6509462 135471
255.6514235 135322
256.6511643 135173
257.6509159 135043
258.6500666 135413
259.6505654 135284
260.6505695 135155
261.6504592 135505
262.651171 135356
263.6513054 135267
264.6499255 135077
265.6504541 135487
266.6509878 135338
267.6510483 135209
268.656348 135079
269.6509359 134930
270.6516534 135259
271.6503242 135170
272.6511515 135020
273.651248 135390
274.6503093 135241
275.6501703 135132
276.650839 135442
277.6509498 135333
278.650685 135183
279.6506989 135074
280.6509113 135424
281.6504161 135315
282.6505239 135185
283.6506881 135036
284.6509329 135366
285.6505752 135237
286.651073 135107
287.6517889 135457
288.6506845 135588
289.6497094 135439
290.6505464 135290
291.6504561 135161
292.650317 135551
293.6498403 135402
294.6507763 135293
295.6508118 135124
296.6509103 135454
297.6499404 135365
298.6500061 135195
299.6503381 135066
300.6504489 135456
301.6507681 135347
302.6508785 135178
303.6497998 135068
304.6509211 135418
305.6748109 135289
306.6500954 135120
307.6501107 135510
308.6504392 135361
309.6508436 135192
310.6495616 135122
311.6505937 135452
312.6499871 135303
313.6512942 135174
314.6502765 135064
315.6499963 122674
316.6501626 124219
317.6493343 125588
318.6500625 126919
319.6498069 128253
320.6499188 129069
321.6495801 129968
322.6497238 130808
323.6498891 131649
324.649439 132032
325.6499558 132396
326.6517324 132741
327.6499455 133107
328.6502052 133473
329.6499578 133840
330.6497218 134168
331.6502324 134596
332.649265 134905
333.6498439 135255
334.6523308 135145
335.6493225 135516
336.6498357 135347
337.6500989 135217
338.6490772 135088
339.64907 135458
340.6489427 135369
341.6503966 135200
342.6499825 135070
343.6582827 135420
344.649694 135271
345.6500143 135162
346.6494431 135492
347.649691 135363
348.6494852 135234
349.6509026 135124
350.6489166 135434
351.6513398 135285
352.655044 119036
353.6489792 120414
354.6488293 122215
355.6492127 124059
356.6491465 125387
357.6491937 126758
358.6496581 128092
359.6493677 128928
360.6520655 129766
361.6494292 130605
362.6492111 131466
363.6493297 131849
364.648934 132233
365.6489391 132617
366.6486836 132963
367.6504212 116509
368.6486502 118562
369.6487626 120879
370.6494631 122681
371.6494744 124506
372.6496196 125815
373.6492065 127167
374.6489771 128021
375.6484213 128897
376.6492055 129715
377.6488596 130594
378.6484578 131455
389.6503381 131455
0.8977385 0
1.8952496 0
2.8953276 0
3.8950741 0
4.8958208 0
5.8958818 0
6.8959049 0
7.8948088 0
9.8947939 30100
10.8940903 42020
11.8941853 52644
12.8948175 62150
13.8956509 70674
14.8941622 78295
15.8939559 85092
16.8944054 91102
17.8946599 96524
18.8944177 101297
19.8939184 105540
20.8941888 109331
21.8941996 112650
22.894429 115675
23.8946825 118286
24.8945861 120603
25.8942992 122684
26.895189 124509
27.8945753 126098
28.8945481 127511
29.8941786 128746
30.8944449 129883
31.8954169 130903
32.8949278 131765
33.8936772 132508
34.893203 133193
35.8935592 133800
36.8943577 134327
37.8956817 134776
38.895286 135205
39.8964997 135576
40.8943115 135887
41.8947785 136179
42.8936556 136451
43.893572 136624
44.8934473 136857
45.8942227 137011
46.8936905 137125
49.7627529 137259
50.6387771 137434
51.5458094 137549
52.6441932 137664
53.5885239 137779
54.4724522 137795
55.2594408 137870
56.0145975 137926
56.8425711 137942
57.6215602 137998
58.4834538 138054
59.2399366 138030
60.0179055 138066
60.8938111 138042
61.8936982 138058
62.8935653 138114
63.8937054 138090
64.8934406 138147
65.893963 138123
66.8937147 138099
80.3251136 138075
80.8396326 138131
81.3265674 138128
81.6324197 138144
81.8632843 138140
82.0956736 138117
82.2864333 138113
82.5880076 138149
82.9544419 138185
83.6083975 138162
84.1790226 138118
84.8343884 138134
85.4632328 138150
86.139165 138167
96.53723 138143
97.0780395 138159
97.566322 138176
98.0431814 138152
7.282239 4520
10.533689 14589
11.3478652 24918
12.1344227 35208
12.9877364 47958
13.838656 60434
14.8795933 71495
15.8080091 81058
16.725529 89420
17.5479797 96579
18.32797 102672
19.1165669 107778
19.9045649 111853
20.5494243 115297
22.816742 118128
23.6003851 120824
24.2312366 123365
24.7131668 125572
25.2808052 127163
26.2808072 128478
27.2807847 129655
28.2820291 130654
29.2815016 131535
8.7192758 4120
9.717687 18028
10.717532 31004
11.7178507 42706
12.7213491 53092
13.7171497 62638
14.7171292 70823
15.7165369 78185
16.7177024 84661
17.7176839 90651
18.7171492 95792
19.7176829 100443
20.7176505 104624
21.7167171 108314
22.7175269 111570
23.7177106 114353
24.7190192 117162
25.7213629 119616
26.7176608 121476
27.718272 123259
28.7198008 124625
29.717553 125954
30.716891 127306
31.7172888 128121
32.7164251 128977
33.7166622 129835
34.7169911 130695
36.7172354 132136
37.7174925 132500
38.7175033 132865
39.7171753 133191
40.7168833 133597
41.7189694 133925
42.7175802 125692
43.717161 126864
44.7182433 128198
45.7170429 129074
46.7172913 129932
47.7174658 130812
48.7209339 131634
49.7173195 132017
50.724539 132381
51.7176788 132726
52.7169721 133091
53.7219033 133497
54.7175936 117604
55.7170445 119560
56.7178014 121439
57.7171574 123242
58.7172636 124588
59.7172749 125937
60.7183028 127389
61.7180041 128244
62.7171004 129040
63.7194041 129918
64.7166822 130758
65.7163984 131640
66.71652 131963
67.7168823 132367
68.7156373 132712
69.7167325 136577
72.7168002 132130
73.7169382 132475
74.7161423 132839
75.7169516 133185
76.7170701 133552
77.7169218 133899
78.7165349 134266
79.7168797 134635
80.7159026 135004
81.7175736 135354
82.7160535 135225
83.7169957 135115
84.7153997 135466
85.7161177 135317
9.926384 0
10.9243205 0
11.9246864 0
12.9237067 0
13.9247039 0
14.9242846 0
15.9236611 0
16.9246756 0
17.9246243 0
18.9268767 0
19.9272452 0
20.9241712 0
21.9241512 0
22.9248075 0
23.9248358 0
24.9238663 0
25.9237119 0
26.9248917 0
27.9245971 0
28.9248871 0
29.9255516 0
30.9242179 0
31.9235164 0
32.9243954 0
33.9242841 0
34.9237925 0
35.9246669 0
36.9242949 0
37.9240506 0
38.9250282 0
39.9246079 0
40.9245037 0
41.9239341 0
42.9278245 0
43.9245443 0
44.9246038 0
45.9244175 0
46.9244108 0
47.9238161 0
48.9246141 0
49.9244232 0
50.9236257 0
51.9240598 0
52.9240691 0
53.9237899 0
54.9242769 0
55.9242687 0
56.9242004 0
57.923268 0
58.9242158 0
59.923697 0
60.9243277 0
61.923676 0
62.9236667 0
63.9240793 0
64.9241748 0
65.9232916 0
67.9252986 0
68.925077 0
69.9256728 0
71.9232567 262143
73.9247726 262143
76.9291948 262143
79.9246818 262143
80.9246366 262143
81.9246187 262143
82.9243082 262143
84.9243734 0
85.9236754 0
86.9239423 0
87.9236847 0
88.9239115 0
89.9238961 0
90.9233629 0
91.9229313 0
92.923559 0
93.922939 0
94.9237883 0
95.9229288 0
96.9238161 0
97.9237837 0
98.9236226 0
99.9237165 0
100.9230442 0
101.9227004 0
102.9229934 0
103.9226824 0
105.9245515 0
106.9251724 0
107.9251806 0
108.9250826 0
109.9227548 88544
110.9242051 94261
112.9228379 103330
113.9366359 107077
114.9265098 110331
115.9233075 113551
116.9239238 116378
117.9236108 118691
118.9237103 120969
119.9227533 122811
120.9227584 124656
121.9233362 125965
122.9227204 127317
123.922628 128192
124.9233834 129028
125.923329 129886
126.9228574 130726
127.9230047 131548
128.9231258 131931
129.9224956 132255
130.9227158 132659
131.923035 133005
132.9230653 133351
133.923093 133717
134.92321 134065
135.9238484 134413
136.9234712 134822
137.9224192 135191
138.9237078 135022
139.9231145 135372
140.9230817 135242
141.922901 135113
142.9223345 135483
143.9232803 135354
144.9245997 135205
145.9244303 135075
146.9226306 135465
147.9219896 135316
148.9232921 135207
149.9233352 135017
150.922258 135427
151.9231771 135258
152.9232839 135149
153.9234671 135499
154.9231464 135330
155.9219855 135221
156.92251 135111
157.9229667 135481
158.9239269 135312
159.9230283 135183
160.9226665 135013
161.9230063 135423
162.922706 135294
163.9224212 135145
164.9226332 135475
165.9222765 135386
166.9226491 135217
167.922275 135107
168.922898 135417
169.9222175 135308
170.9227307 135159
171.9218413 135489
172.9232331 135400
173.9227635 135231
174.9225162 135121
175.9227738 135472
176.9223386 135323
177.9221518 135173
178.9227917 135064
179.9223761 135434
180.9226434 135305
181.9229072 135155
182.9226465 135546
183.9223684 135397
184.9221893 135247
185.9393882 135118
186.9220086 135488
187.9225921 135319
188.9221261 135210
189.9220902 135060
190.9225074 135390
191.9216309 135281
192.9225115 135132
193.9219034 135482
194.9218772 135373
195.9225172 135204
196.9216258 135114
197.9224002 135464
198.9220086 135335
199.9217597 135206
200.9223981 135056
201.921516 135446
202.9217869 135317
203.9223976 135168
204.9223894 134998
205.9214097 135408
206.9222791 135259
207.9219737 135070
208.9222421 135420
209.9224838 135311
210.9222668 135201
211.9230637 135072
212.9222914 135422
213.9222626 135293
214.9221574 135163
215.9219014 135513
216.921652 135385
217.92173 135195
218.9218526 135086
219.9218783 135456
220.9212666 135327
221.9225747 135177
222.9247398 135108
223.921769 135378
224.9211608 135289
225.922141 135159
226.9220394 135470
227.9214138 135361
228.9219701 135191
229.9216607 135102
230.9214185 135472
231.9213948 135363
232.9216473 135154
233.9219096 135524
234.9212619 135415
235.9218075 135226
236.9219014 135136
237.9215421 135486
238.9216658 135337
239.9241814 135228
240.9217746 135059
241.9212973 135429
242.9215478 135280
243.9211475 135150
244.9210248 135520
245.9217905 135391
246.9217874 135222
247.9210659 135113
248.9212753 135463
249.9214031 135334
250.9210705 135204
251.9219511 135095
252.9268752 135405
253.9207847 135316
254.9207913 135127
255.920778 135517
256.9217238 135388
257.9216632 135259
258.9216278 135089
259.9208006 135439
260.9211131 135330
261.921383 135161
262.9218618 135571
263.9214108 135442
264.9211362 135293
266.921556 134724
267.921438 135093
268.9208904 135443
269.9215124 135354
270.9214523 135185
271.9217792 135055
272.9232823 135425
273.9213091 135296
274.9213122 135167
277.921848 135637
278.9215955 135549
279.9207816 135420
280.9215416 135270
281.9205496 135141
282.9224043 135511
283.9211952 135602
284.9212948 135473
285.9223135 135344
286.9243995 135175
287.9206825 135025
288.9210238 135436
289.9205255 135286
290.9206569 135157
291.9207944 135487
292.9203187 135398
293.9202453 135269
294.921168 135120
295.9209679 135470
296.9207703 135341
297.9201688 135191
298.921188 135042
299.9204526 135412
300.9209427 135263
301.9206882 135133
302.9207806 135504
303.9203208 135415
304.920759 135225
305.9208991 135096
306.9204234 135446
307.9208232 135297
308.9254921 135187
309.920348 135018
310.9201591 135428
311.9207996 135319
312.9202345 135169
313.9208175 135020
314.9201591 135430
315.9206661 135261
316.9209361 135111
317.9201658 135461
318.9206651 135332
319.9206512 135223
320.9201709 135073
321.9202812 135444
322.9199472 135294
323.9205984 135165
324.9200642 135555
325.9205573 135406
326.9269983 135277
327.920564 135108
328.9204188 135458
329.9201878 135329
330.9199287 135240
331.9201411 135030
332.9199194 135440
333.9201786 135271
334.9201842 135162
335.9205435 135512
336.9201232 135383
337.9201663 135194
338.9204337 135084
339.9208047 135454
340.9212127 135325
341.9201986 135176
342.9203228 135046
343.9194386 135416
344.9203136 135307
345.9202658 135138
346.9190275 135508
347.9265334 135359
348.919884 119110
349.9194509 120648
350.9190696 122429
351.9192985 124294
352.920622 125623
353.9202469 126974
354.9201232 128268
355.9197855 129144
356.9201724 130003
357.9201719 130863
358.9201714 131704
359.9194329 132088
360.919551 132432
361.9201991 132777
362.9202002 133142
363.9193359 133489
364.9201966 133856
365.9199246 134223
366.9191887 134592
367.9194335 134981
368.9199374 135291
369.9199179 135202
370.9193129 135092
371.9198584 135382
372.9193011 135273
373.9191471 135143
374.9196582 135494
375.9200724 120745
376.9219085 122246
377.9199169 105891
378.9190783 109263
379.9198204 112541
380.9195351 115326
381.9194658 117617
382.9188099 119912
383.9194114 121732
384.9203449 123555
385.9195479 124902
386.9187432 126212
387.9196972 127565
388.9235913 128420
389.918463 129597
390.9196823 130436
391.9192944 131317
392.919181 131699
393.919707 132043
394.9195843 132387
395.9188982 132732
396.9193354 133077
397.919553 116703
398.9191846 118697
399.919493 120974
400.9199461 122816
401.918811 124682
404.918831 128191
405.9196618 129047
406.9188238 129885
407.9185559 130725
408.9196233 131587
409.9193847 131970
410.918813 132334
411.919495 132678
412.9187576 133084
413.9195115 133410
414.9192502 133757
415.9193508 134124
416.921498 134473
417.9195499 134841
418.9185539 135211
419.9189588 135082
420.91928 135432
421.9191091 135363
422.9192343 135193
423.9187694 135064
424.9191964 135414
425.9192282 135265
426.9188033 135135
427.9196695 135485
428.9189285 135336
429.9194458 135247
430.9191635 135118
431.9190686 135428
432.9189105 135339
435.91963 134389
436.9308554 134738
437.919259 135108
438.9186139 135418
439.9189983 135269
440.9183722 135159
441.918694 135510
442.9186206 135361
443.9192266 135231
444.9180904 135122
445.9186083 135452
446.9182105 135323
447.9179729 135174
448.9185646 135064
449.9183055 135434
450.9206143 135305
451.9200195 135195
452.9188977 135046
453.9179775 135376
454.9184543 135267
455.9183424 135137
456.9199723 135508
457.9193329 135359
458.9202402 135209
459.9185734 135080
460.9188397 135450
461.917841 135341
462.9178231 135191
463.9180622 135062
464.9198024 135412
465.9190019 135283
466.9195417 135113
467.9203423 135504
468.9176276 135375
469.9187863 135225
470.9175844 135076
471.9190255 135466
472.919066 135357
473.9178585 135228
474.9178272 135058
475.9174474 135388
476.9177574 135319
477.9186852 135170
478.9181592 135020
479.920196 135410
480.9188063 135261
481.9191225 135111
482.9184738 135461
483.9186006 135332
484.9173571 135243
485.9172016 135094
486.9185374 135404
487.9176471 135295
490.9183691 134325
491.9175998 134674
492.9179791 135023
493.9191338 135373
494.9183753 135264
495.9189547 135094
496.9177907 135505
497.9177574 135356
498.9174177 135226
499.9174972 135077
500.9169342 135447
501.9174654 135298
502.9174674 135168
503.9166925 135059
504.9178498 135409
505.9184892 135320
506.9183604 135170
507.9188772 135041
508.9193462 135411
509.9176871 135222
510.9171672 135112
511.9175937 135502
512.917061 135333
513.9172119 135204
514.9182069 135074
515.9173628 135424
516.9185508 135315
517.919318 135206
518.917099 135036
519.9169312 135406
520.9172565 135257
521.9176953 135128
522.916594 135498
523.9178015 135349
524.9193493 135240
525.9172642 119110
526.9189685 120648
527.9181274 104850
528.9173556 95319
529.9666947 99750
530.9165021 103990
531.9165268 107718
532.9165853 110973
533.9169897 113735
534.9177836 116502
535.9164888 118795
536.917041 120633
537.9163159 122454
538.9162107 124299
539.9167079 125648
540.9194976 126979
541.9623809 127813
542.9228641 128649
543.9167695 129506
544.9178262 130365
545.9174187 131226
546.9209099 131588
547.9164652 131951
548.9166197 132315
549.9171996 132680
550.9173063 133005
551.9164873 133391
552.9163667 133718
553.917176 134085
554.9168588 134454
555.9165981 134823
556.9167721 135212
557.9170097 135063
558.9163384 135413
559.9165309 135304
560.9166212 135174
561.9169009 135024
562.9174834 126515
563.9177369 127708
564.9169409 112203
565.9162502 114707
566.9164518 116977
567.9152269 119311
568.9217305 121129
569.915486 123172
570.9173787 124538
571.9175383 126087
572.9175208 127439
573.9164883 128294
574.9851602 129151
575.9170128 129969
576.9167777 130829
577.9170302 131651
578.9159705 132054
579.9170938 132438
580.9164565 132783
581.9168927 133128
582.9162127 116775
583.9166448 118768
584.9163446 121106
585.9157601 122868
586.974178 124754
587.9160511 126083
588.9172524 127475
589.9169707 128310
590.9162414 129187
591.9156179 130005
592.91644 130865
593.9149959 131727
594.9158417 132151
595.9168629 132435
597.0133931 120220
597.9559784 119896
598.9164467 121696
599.9281971 123519
600.9157862 124866
601.9155492 126196
602.9159346 127588
603.9146531 128403
604.9154712 129280
605.9158422 130159
606.9162979 130999
607.9177831 131841
608.9175434 146645
609.9162964 145838
610.9160233 144730
611.9165786 133559
612.9177964 133746
613.9158314 117314
614.9160074 119328
615.9152684 121167
616.9167397 122989
617.9157139 122989
618.9152838 122989
619.9150057 122989
620.9153778 122989
621.9154296 122989
622.9158997 122989
623.9169419 122989
624.9271636 122989
625.9149374 122989
626.9152541 122989
627.9151863 122989
628.9162024 122989
629.9150524 122989
630.9143745 122989
631.9148322 122989
632.915094 122989
633.9165417 122989
634.9190948 122989
635.9153834 122989
636.9160849 123012
637.9152012 123012
638.9147594 123012
639.9151817 123012
640.9157919 123012
641.9198553 123012
642.9147039 123012
643.9155204 123012
644.9154224 123012
645.9156908 123012
646.9159515 123080
647.916067 123080
648.9151956 123080
2.4503934 262143
3.4462643 262143
4.4470726 262143
5.4472173 262143
6.4467893 262143
7.4476982 262143
8.4469499 262143
9.4474041 262143
10.4459898 262143
11.4477423 262143
12.4475868 262143
13.4472024 262143
14.4470223 262143
15.446098 262143
16.4593023 262143
17.4629208 262143
18.4526381 262143
19.457676 262143
20.4470936 262143
21.4471296 262143
22.4468842 262143
23.4469915 262143
24.4472019 262143
25.4468386 262143
26.4469458 262143
27.4462915 262143
28.4467749 262143
29.4465717 262143
30.4468658 262143
31.4462212 262143
32.4465014 262143
33.4470613 262143
34.4463906 262143
35.4463716 262143
36.44602 262143
37.4467426 262143
38.4461863 262143
39.452693 262143
40.4495451 262143
41.4467539 262143
42.4462612 262143
43.4466138 262143
44.4461504 262143
45.4464747 262143
46.4466179 262143
47.4465471 262143
48.4456223 262143
49.4461637 262143
50.4464475 262143
51.4455797 262143
52.4456003 262143
53.4472604 262143
54.4492644 262143
55.4465332 262143
56.4496308 262143
57.4463644 262143
58.446212 262143
59.4457142 262143
60.4463664 262143
61.4461186 262143
62.4465692 262143
63.4457922 262143
64.4467847 262143
65.4464727 262143
66.4462361 262143
67.4469048 262143
68.4466821 262143
69.4486943 262143
70.4463351 262143
71.4462305 262143
72.4457126 262143
73.4459805 262143
74.4470238 262143
75.4462007 262143
76.4456357 262143
77.4460077 262143
78.4458625 262143
79.4468052 262143
80.4458594 262143
81.4460041 262143
82.4465225 262143
83.4458897 262143
84.4463664 262143
85.4458861 262143
86.4463475 262143
87.4455874 262143
88.4461447 262143
89.4469787 262143
90.4467349 262143
91.4463398 262143
92.4460036 262143
93.4462602 262143
94.4462243 262143
95.4478665 262143
96.4465866 262143
97.4459656 262143
98.4461668 262143
99.4522352 262143
100.4458856 262143
101.4454094 262143
102.4463623 262143
103.4461755 262143
104.4456275 262143
105.4463187 262143
106.444988 262143
107.4452713 262143
108.4464439 262143
109.4487682 262143
110.4459667 262143
111.4462263 262143
112.4455879 262143
113.4455602 262143
114.4461155 262143
115.4462438 262143
116.4528526 262143
117.4447817 262143
118.4460416 262143
119.4456352 262143
120.4458317 262143
121.4459005 262143
122.4466831 262143
123.4460262 262143
124.4458599 262143
125.4458189 262143
7.259626 3440
9.44386 262143
10.4417088 262143
11.4420408 262143
12.4416313 262143
13.4407117 262143
14.441678 262143
15.4417888 262143
16.4413008 262143
17.4430395 262143
18.4416954 262143
19.4428547 262143
20.4413141 262143
21.445766 262143
24.5770424 262143
25.4168244 262143
26.2162809 262143
26.9375525 262143
27.7379717 262143
28.4682774 262143
29.1429821 262143
62.2019471 262143
62.2293681 262143
62.2392695 262143
62.2428767 262143
62.2468092 262143
62.2511082 262143
62.2547092 262143
62.2582692 262143
62.2618881 262143
62.2653814 262143
62.2689003 262143
62.2723977 262143
62.2760387 262143
62.2796084 262143
62.2839407 262143
62.2876213 262143
62.2911715 262143
62.2948126 262143
62.2983643 262143
62.3020085 262143
62.3055925 262143
62.3092531 262143
62.312715 262143
62.3169165 262143
62.3206361 262143
62.3242212 262143
62.327698 262143
62.3312605 262143
62.3349703 262143
62.3386016 262143
62.3432234 262143
62.3470702 262143
62.3509576 262143
62.4409154 262143
63.4406295 262143
64.4410006 262143
65.4409482 262143
66.4399193 262143
67.4408985 262143
68.4409354 262143
69.4402621 262143
70.4407404 262143
71.4401882 262143
72.4402113 262143
73.439929 262143
74.4404361 262143
76.3454111 18583
77.3448497 31180
78.3445171 43042
79.3448563 53648
80.3454999 63156
81.3456153 71642
82.345252 79285
83.345641 86044
84.3488233 92056
85.3470384 97420
86.345309 102215
87.3451176 106399
89.3449975 113632
90.3449657 116559
91.3455096 119073
92.3455373 121391
93.3490619 123394
94.3462702 125120
95.3456241 126691
96.3455599 128084
97.3449723 129280
98.3454855 130279
99.3476784 131279
100.3492159 132122
101.3457098 132846
102.3489603 133472
103.3454829 134019
104.3454711 134507
105.3452833 134936
106.3451499 135306
107.3452961 135676
108.3452992 135948
109.3445756 136219
110.3459166 136452
111.344903 136665
112.3455004 136818
113.3459407 136992
114.3446039 137146
115.345271 137240
116.3453593 137335
117.3451468 137449
118.345505 137484
119.3449482 137559
120.3508591 137654
121.3445592 137729
122.345798 137785
123.344843 137780
124.3445464 137856
125.3464765 137872
126.3466304 137888
127.3461203 137923
128.3446311 137939
129.3450124 137975
130.3446562 137991
131.3447147 137987
132.3447778 137983
133.3443909 138079
134.3450047 138035
135.3443878 138031
136.3436447 138067
137.3443791 138083
138.3445787 138059
139.3444073 138096
140.3446382 138052
141.3445279 138048
142.3448697 138084
143.3440281 138100
144.3490183 138116
145.3447871 138073
146.3443627 138089
147.3442426 138105
148.3447619 138081
149.3445058 138097
150.3441317 138113
151.3443996 138110
152.3447481 138106
153.3447696 138102
154.3439788 138078
155.3437191 138114
156.3442513 138111
157.3443606 138127
158.3450955 138143
159.3443888 138099
160.3446151 138116
161.3446331 138112
162.3446439 138128
163.3441564 138104
164.3445274 138101
165.3445207 138117
166.3444715 138093
167.3447794 138109
168.3438823 138085
169.3436026 138142
170.3442318 138138
171.3488787 138114
172.3435051 138110
173.3446326 138107
174.3435698 138103
175.3443545 138139
176.3439778 138095
177.3445099 138092
178.3459484 138108
179.3445228 138104
180.3443663 138120
181.343674 138136
182.3442764 138113
183.3440147 138089
184.3434589 138125
185.3512096 138081
186.3444006 138117
187.3442734 138114
188.3433584 138130
189.3437643 138126
190.3435062 138122
191.3464252 138099
192.347216 138115
193.3438284 138111
194.344686 0
202.3448866 0
7.8640105 3540
8.8619947 17927
9.8627686 31163
10.8621148 43005
11.8628512 53631
12.8627896 63139
13.8624802 71605
14.8617899 79248
15.8622189 85967
16.8623283 92038
17.8613301 97383
18.8615415 102177
19.8618561 106422
20.8620973 110114
21.8625582 113395
22.8617797 116342
23.8626351 118974
24.8624027 121212
25.8619434 123275
26.8619018 125041
27.8619834 126611
28.8622744 127944
29.8631545 129200
30.8704335 130279
31.8807721 131159
32.8619762 132042
33.8616688 132786
34.8630329 133431
35.8622672 133958
36.8615379 134486
37.8621107 134935
38.8621066 135305
39.8613809 135615
40.861405 135947
41.8614502 136219
42.8619942 136411
43.862027 136644
44.8621296 136817
45.8618777 136951
46.8620121 137105
49.8617663 136979
50.8620193 137073
51.8629846 137167
52.8618053 137281
53.8618864 137396
54.8691269 137471
55.8625032 137586
56.8620368 137601
57.8613789 137696
58.8619341 137731
59.8616113 137767
60.8616883 137762
61.8608821 137838
62.8616606 137894
63.8637539 137929
64.8620583 137945
65.8606932 137941
66.8612875 137997
67.8612737 138033
68.8714322 138029
69.8643266 138005
70.8617658 138021
71.861812 138037
72.8618115 138033
73.8615574 138049
74.8614368 138045
75.8609894 138081
76.861889 138098
77.8629574 138094
78.8615364 138070
79.8616493 138086
80.8616955 138042
81.8620404 138058
82.8611664 138095
83.8618674 138071
84.861054 138107
85.8609072 138123
86.8616411 138099
87.8609057 138136
88.861307 138052
7.9000135 3140
8.8982127 17406
9.9036176 30401
10.8994305 42042
11.898593 48146
12.8994598 58062
13.8982199 60658
14.8985119 69180
15.898903 76998
16.8988342 83912
17.8984606 89880
18.8977247 95480
19.8988501 100091
20.8988373 104311
21.8983569 107979
22.8990164 111255
23.8981019 114038
24.8980885 116806
25.8981296 119100
26.8983421 120918
27.9000084 122760
28.8983672 124585
29.8985899 125874
30.9059731 127246
31.89797 128121
32.8978668 128977
33.8984503 129795
34.8980603 130654
35.8983297 131496
36.8981009 131819
37.8979946 132202
38.8984067 132607
39.9004487 132912
2.327854 262143
3.3265054 262143
4.3265089 262143
5.3254651 262143
6.3254179 262143
7.3261271 262143
8.3257366 262143
9.3321791 262143
10.3256822 262143
11.3258772 262143
12.3079034 5343
13.307984 13174
14.3079188 21420
15.3081631 33003
16.3083206 41249
17.3087178 49511
18.3088359 57750
19.3089826 66026
21.8737615 70758
23.193966 75399
23.8439265 80050
24.5737272 84730
25.1945947 89340
25.859321 93938
26.5309943 98646
27.3086101 100404
28.3086024 101264
29.308219 102067
30.3079491 102871
31.7415799 103737
35.9152407 104604
35.9202576 105473
35.924204 106344
35.9286718 107237
36.3077602 108112
37.3082514 108888
38.3087142 109806
39.3084535 110665
40.3084813 111526
41.3081359 112370
42.3071962 113194
43.3084972 114021
44.3077505 114929
45.3076771 115779
46.3084479 116710
47.3087343 117504
48.3095215 118339
49.309092 119195
50.3074272 120094
51.3079855 121014
52.3083791 121896
53.3072199 122820
54.3083601 123665
55.3079999 124513
56.3082324 125362
57.307594 126252
58.3076196 127225
59.3082544 128139
60.3082313 129016
61.3083838 129894
62.3082329 130733
63.3077212 131615
64.3077654 128458
65.3080943 129315
66.3078485 130254
67.3071075 131174
68.3081066 128076
69.3074975 128933
70.3074395 129791
71.3073743 130610
72.309251 131491
73.307733 128374
74.3076027 129271
75.30775 130150
76.3084207 131070
77.3073784 131932
78.3071896 128796
79.307303 129613
80.3077361 130453
81.3080538 131374
82.3078634 128296
83.3074179 129093
84.3072435 130031
85.3078608 130871
86.3069879 131733
87.3069325 128576
88.3073574 129454
89.3072275 130372
90.3077053 131273
91.3067426 128156
92.307246 128992
93.3075965 129830
94.3070751 130690
95.307247 131571
96.3077407 128454
97.3071254 129331
98.3073784 130230
99.3064814 131130
100.3067077 128073
101.3078998 128929
102.3098751 129807
103.3068981 130646
104.3067339 131547
105.3069663 128451
106.3067611 129287
107.3067472 130186
108.3074262 131146
109.3074482 128029
110.3068478 128925
111.3077972 129803
112.3071208 130662
113.3076381 131543
114.3219914 128427
115.3064444 129243
116.3128079 130142
117.3092823 131042
118.3073322 131884
119.3072727 128768
120.3077859 129586
121.3073635 130465
122.3066384 131346
123.3071675 128288
124.3073235 129085
125.3067123 130003
126.3067118 130843
127.3087194 131745
128.3065748 128588
129.3066194 129385
130.3068611 130364
131.307188 131265
132.3169493 128168
133.3077469 128924
134.3070721 129802
15.7211074 3080
16.8494027 11126
17.6450743 19308
18.4432329 27467
19.1952074 35682
19.922414 43913
20.5957116 52161
21.2186389 60465
21.6597802 70366
21.924319 82107
22.1377214 90811
22.3745308 99093
22.5384237 107031
22.7360339 110985
24.0902359 119367
24.8752482 116326
25.7905567 117139
26.5712901 118013
27.5799327 114849
28.4987093 115579
31.7868048 116450
31.7958882 117343
31.7988128 118177
32.3388752 116974
33.3371914 117808
34.3375645 118703
35.3367824 115561
36.3377836 116352
37.3375691 117284
38.3379715 118159
39.3371801 114975
40.3370672 115705
41.3384769 116557
42.3369133 117470
43.337603 118325
44.3381762 115181
45.3376948 115972
46.3403547 116784
47.3397917 117677
48.3370041 118573
49.3375963 115390
50.3370369 116141
51.3385344 117013
10.5969745 5640
11.5945641 13611
12.5950444 21779
13.5946888 33422
14.594815 41629
15.595182 49832
16.5946785 58012
17.5950963 66248
18.5945718 70860
19.5945862 75522
20.5945569 80153
21.5940381 84793
22.5942972 89483
23.59421 94142
24.5949043 98790
25.5945636 99648
26.5943147 100547
27.5949469 101408
28.5945749 102271
29.5945584 103056
30.5947601 103902
31.5968277 104729
32.5941823 105639
33.5941027 106510
34.5942013 107383
35.59456 108198
36.5943116 109034
37.5941818 109892
38.5945846 110732
39.5945625 111654
40.5940678 112577
41.594444 113382
42.594696 114209
43.5969319 114997
44.5940683 115947
45.5946878 116779
46.5943172 117733
47.5945523 118528
48.5942947 119365
49.59456 120204
50.5936963 121144
51.5942018 122047
52.5945528 122931
53.5945749 123857
54.5938949 124704
55.5940607 125594
56.5946205 126405
57.5938066 127318
58.5938297 128232
59.5937974 129169
60.5940663 130047
61.5947052 130907
62.5946667 131769
63.5939626 128593
64.5935639 129430
65.5941079 130389
66.594192 131250
67.5946098 128172
68.5937604 128988
69.5938646 129806
70.5938502 130706
71.594386 131547
72.5934202 128471
73.5946339 129307
74.5999171 130246
75.594562 131187
76.5944389 128069
77.5935885 128945
78.5939431 129763
79.5941094 130642
80.593373 131504
81.5942115 128427
82.5940714 129264
83.5935577 130162
84.5936763 131062
85.5939832 131985
86.5938554 128809
87.5941566 129606
88.5931944 130445
89.5929676 131386
90.5938436 128309
91.5943727 129106
92.5941802 130044
93.5937979 130864
94.5940114 131726
95.5939775 128569
96.5940807 129406
97.5930938 130345
98.595457 131266
99.5942972 128168
100.5940314 128945
101.593667 129823
102.5936029 130682
103.5941038 131584
104.5936953 128427
105.5930348 129284
106.5934351 130222
107.5925724 131163
2.7376545 0
12.19095 1360
2.3853692 262143
15.75875 262143
2.4990439 0
3.48712 0
4.4859854 0
5.4960423 0
6.4865273 0
7.4861763 0
8.4867977 0
9.4866058 0
10.4868876 0
11.4846049 86620
14.8708071 262143
32.9703476 262143
38.2190818 209909
12.7331113 7400
6.2043744 57140
7.5442914 16200
11.8245542 49452
11.8299699 62931
11.8321386 76397
12.541802 82130
13.5411723 88234
14.5416988 71811
16.5415685 38094
17.5450171 48711
18.5412883 58808
19.5416973 42406
21.5406565 8550
23.5415418 0
24.5408675 0
25.5418548 3947
26.541511 0
27.5402963 1955
28.5411471 0
29.5398211 0
30.5412985 14799
31.5414176 28289
32.5414207 24445
33.5414607 24054
34.540809 36082
35.5407038 19695
36.540831 374
37.5405149 0
38.5409988 0
39.5439317 0
10.8836698 35260
11.8739491 50211
14.8743232 88871
15.8731731 75069
16.8735591 84099
17.8742565 92207
18.8740019 99151
19.8742052 105110
20.8734344 110180
21.8732429 94840
3.6061726 236020
4.6033019 572
5.6037052 0
6.603753 0
7.6037499 0
8.6034579 0
9.6039803 0
10.6040953 0
11.6031099 0
12.60467 0
14.6037889 0
15.6036801 0
16.6038305 0
17.6036852 0
18.6037817 0
19.6034091 0
23.6054973 0
24.6048912 0
26.6054449 0
27.6053397 0
28.6053377 0
29.6054542 0
31.6030468 0
32.603658 0
33.6052084 0
34.6036601 0
35.6032911 0
36.6039665 0
38.6038264 0
39.6025747 0
40.603073 0
41.6034481 0
43.6031869 0
44.6031495 0
47.6044057 0
48.6038854 0
52.604473 0
54.6049241 0
55.6043883 0
56.604084 0
58.6034312 3513
59.6040029 18520
60.6024115 32217
61.603638 16222
62.6055332 0
63.6022632 0
64.6027066 0
65.6032059 0
66.6024043 0
67.6041312 0
68.6025188 0
69.6020759 0
70.6024582 0
6.816298 3980
7.8150006 18308
8.8149416 31485
9.8153629 43308
10.8149596 53914
12.8147589 72742
13.8151551 80247
16.8148934 99848
18.814528 108668
19.8153219 112165
20.8150956 115229
21.8146101 117960
22.8148503 120316
23.8148487 122436
24.8148272 124321
25.8148164 126010
27.8147168 128642
28.8144659 129839
29.8149478 130779
30.8146855 131680
31.8149432 132484
33.8144243 0
35.093323 148249
35.8250955 151605
37.8149088 148028
38.8147851 146764
40.814821 144378
41.8145578 143587
43.8138619 102034
44.8148513 66198
46.8142021 162330
49.8137505 152895
50.8141482 151061
51.8140364 149463
52.8146671 148082
53.8303007 146878
54.8137844 145812
55.8141939 144883
56.8142627 144053
57.8145993 143301
58.8148128 142708
59.813653 142153
60.8157155 141658
61.8197112 141201
62.8152711 140863
63.8143935 140485
64.814276 140226
65.8139712 140007
66.8142965 139767
67.8140461 139566
68.8166541 139385
69.8149591 139244
70.8148657 139102
71.8145085 138981
72.815111 138919
73.8147071 138776
74.8138742 138714
75.8181039 138631
76.821495 138569
77.8236011 138506
78.8147569 138483
79.8146075 138420
80.8140215 138417
81.8136458 138373
82.8139491 138330
83.814119 138327
84.8131881 138304
85.8139137 138320
86.8213569 138277
87.8138983 138233
88.8146866 138250
89.8149088 138246
90.8140374 138223
91.8136017 138239
92.8137685 138216
93.8133451 137792
94.8136859 138208
95.813457 138224
96.813186 138221
97.8134282 138237
98.8138983 138214
99.8139743 138150
100.8139414 138206
101.8138162 138203
102.8139188 138179
103.8130947 138195
104.8135658 138192
106.8137875 137908
107.8136294 137924
108.8131681 137940
109.8134729 137976
110.8131203 137992
111.8127785 138008
112.8134965 138064
113.813808 138020
114.8136787 138036
115.8135191 138052
116.8130454 138068
117.8129813 138064
118.8141092 138080
119.8130249 138076
120.8131732 138093
121.8166803 138109
122.8135314 138125
123.8135319 138141
124.8182722 138098
125.813537 138094
126.8127796 138130
129.8128673 137566
130.8131506 137641
131.8159321 137257
132.8128596 137791
133.8120437 137847
134.8124886 137882
135.8132738 137918
136.8131511 137934
137.8126272 137990
138.812622 137986
140.8127052 137762
141.8130546 137777
142.8126333 137853
143.8128453 137849
144.8131311 137924
145.8131085 137940
146.8128945 137936
147.8122613 138012
148.8127303 138028
149.8123167 138044
150.8128073 138020
151.8120503 138016
152.8124573 138072
153.8129838 138068
154.81698 138084
155.8269301 138061
156.8130931 138077
157.8126985 138093
158.8123393 138129
159.8124085 138125
160.8128345 138122
161.8125461 138118
162.8124404 138094
163.8149483 138130
164.8138362 138106
166.8125866 137883
167.8125933 137918
169.8115844 137694
170.8124527 137710
171.8122931 137785
172.8120857 137861
173.8126908 137896
174.8125651 137892
175.8125728 137908
176.8116829 137964
177.8125389 138000
178.812564 137976
179.8125322 138012
180.8117799 137988
181.8123429 138044
182.8124275 138060
183.8119108 138096
184.8124327 138052
185.812155 138088
186.8121468 138044
187.8115546 138100
188.8120319 138077
189.8121253 138093
190.8118918 138089
191.8111348 138105
192.8113001 136541
193.8123731 138334
196.8118671 137671
197.815561 137746
198.8118641 137822
200.811627 137638
201.8118728 137633
202.8118502 137688
203.8115089 137804
204.8118553 137839
205.8115094 137875
206.8117404 137851
207.8114786 137926
208.811745 137922
209.8120165 137958
210.8113103 137994
211.8115274 137990
213.812 137766
214.8120904 137801
215.8113478 137857
216.8117978 137853
217.8118435 137928
218.8117773 137964
219.810986 137980
220.8116126 137976
221.8126615 138012
222.8121278 138048
223.8108356 138024
225.8123926 137800
226.818032 137856
227.8112226 137872
228.8107699 137927
229.811725 137943
230.811201 137959
231.8118353 137975
232.8117414 137991
233.8120165 137987
234.8110594 138063
235.8113339 137999
236.8115243 138055
237.8113052 138071
238.8115618 138067
239.8109321 138083
240.8108834 138100
242.8108238 137856
243.8119841 137871
244.8106791 137907
245.8110512 137903
246.8110532 137939
247.8114386 137975
248.8110491 137991
249.81091 138007
250.8109023 137223
251.8174285 138117
252.8153342 138133
253.8106052 138150
254.8103697 138126
255.810696 138142
256.8154841 138098
257.8109542 138095
258.811161 138131
259.8121591 138127
260.8111815 138123
261.8104995 138160
262.8100335 138156
263.8128324 138152
264.8162913 138129
265.8172361 138125
266.8164021 138141
267.8102337 138157
268.8107571 138134
269.8102516 138130
270.8104985 138106
271.8101038 118142
272.8117075 140479
273.8107602 140260
274.8105744 139980
275.8105888 139740
276.8106227 139560
278.8105796 138939
279.8108736 134857
280.8139707 139266
281.8103096 139105
283.8101957 138583
284.8104087 138480
285.8229191 138477
286.8151659 138454
287.8106088 138431
288.8098426 138388
289.8106324 138345
290.8101782 138301
291.8105729 138298
292.8105595 138275
293.8097934 138251
294.8100869 138248
295.8108854 138204
296.8107037 138240
297.8104518 118237
298.8104518 140553
299.8100202 140255
300.8104831 140055
301.8097662 139815
302.8103784 139635
304.8104461 138954
305.8094495 138852
306.8098308 138830
307.8098011 138647
308.8102054 138625
309.81013 138562
310.8102994 138539
311.810323 138476
312.8103266 138033
313.8096907 138469
314.809914 138386
315.8095609 138363
316.8101603 138400
317.809955 138316
318.8102583 138313
319.810228 138250
320.8089918 138266
321.8095434 138263
322.8103024 138219
323.8101572 138236
324.8091693 138192
325.809391 138188
326.8092576 138185
327.810167 138201
328.8094198 138198
329.8097867 138154
330.809409 138130
331.8093818 138187
333.809839 137883
334.8098714 137919
335.8099802 137955
337.8094942 137710
338.809681 137746
340.8093808 137581
341.8097656 137657
342.809624 137712
343.8095173 137747
344.8092176 137823
345.8102193 137858
346.9676324 137914
347.8114622 137910
348.8095147 137926
349.8091313 137942
12.2954576 5120
13.2939678 19390
14.2939319 32469
15.2949367 44154
16.2940555 54622
17.2939242 38312
18.2948212 48988
19.2947042 0
20.3108382 47006
21.294698 31220
22.2939272 42543
23.2940525 53228
24.2946801 36814
25.2946755 47568
26.3058393 31183
27.2934284 14345
28.2936229 0
29.2940463 0
30.2938154 0
31.2940889 0
32.2938051 0
34.2933981 0
35.2939662 0
36.2936953 0
37.2934638 0
38.2936178 0
39.2939211 0
40.2934176 0
41.2932996 0
42.293841 0
43.2942115 0
44.2941864 0
45.2931246 0
46.2939929 0
47.2935577 0
48.2938749 0
49.2937025 0
50.2941284 0
51.2941643 0
52.2942264 0
53.2940273 0
54.2938621 0
55.2934454 0
56.2940535 0
57.2934895 0
58.2941253 0
59.293159 0
60.2937779 0
61.2932185 0
62.2938821 0
63.2930384 0
64.2929717 0
65.2931621 0
66.2936753 0
68.293762 0
69.29532 0
71.2935018 0
72.2931585 0
73.2936419 0
74.2935413 0
75.2933925 0
76.2935737 0
78.2931806 0
79.29384 0
80.2933473 0
81.2936578 0
82.2927567 0
83.2932811 0
84.2926314 0
85.2933489 0
86.2935542 0
87.2944158 0
88.2924498 0
89.2934818 0
91.293121 0
92.2934797 0
93.2933458 0
94.2925329 0
95.2924611 0
96.2934033 0
97.2931169 0
98.293141 0
99.2928711 0
100.2929712 0
101.2926607 0
102.2927146 0
103.2930271 0
104.29271 0
105.2932237 0
106.2936506 0
107.2923169 0
108.2923117 0
109.2931954 0
110.2933586 0
111.2922158 0
112.2961745 0
113.293082 0
114.2924549 0
115.2923343 0
116.2931416 0
117.2926515 0
118.2930163 0
119.2926735 0
120.2940632 0
121.2957254 0
122.3085124 0
123.3159803 0
124.2925221 0
125.3509687 0
126.2923954 0
127.2925088 0
128.2949238 0
129.2919951 0
130.2922892 0
131.294015 0
132.2962412 0
133.2926622 0
134.2922235 0
135.2917585 0
136.2925976 0
137.2929799 0
138.2922327 0
139.2931831 0
140.2925283 0
141.2937358 0
142.2926525 0
147.2934392 0
149.2929743 0
150.2930728 0
11.90812 3940
12.9071003 18248
14.9058758 44564
15.906059 55054
16.9068796 64404
17.9067041 72772
18.9065953 78678
19.9065214 87095
20.9069673 93010
21.9060513 98276
23.9059163 107372
24.9059579 111007
25.9058707 114249
26.9065214 116997
27.9055428 119551
28.9066009 121790
29.9067934 123554
31.9064111 126981
32.9065014 128255
33.9060677 129512
34.9066523 130551
35.9066523 131432
36.9067934 132275
37.9064188 132919
38.9065999 133585
40.9063993 134432
41.9064111 134901
42.9057203 135231
43.9062966 135601
44.9058589 127912
45.9059117 137108
46.9063967 137263
47.9058671 137317
48.9054996 137472
49.905882 137527
52.9063726 137182
53.9052723 137276
54.9060298 137431
55.9063941 137525
56.9063669 137560
57.9057429 137636
58.9064793 137691
59.9277164 137746
60.907887 137782
61.9097478 137837
62.9097421 137873
63.907945 137909
64.9087271 137945
65.9075909 137900
66.9060785 137976
67.9058419 137992
69.9060908 137768
70.9051225 137804
71.905728 137819
72.9061293 137895
73.905999 137911
74.9051163 137947
75.9059831 137962
76.9048387 137978
77.9060888 138014
78.9059687 138010
79.9053406 145306
83.9055812 133637
85.9049546 134464
86.9108773 134933
87.9058486 135263
88.9054473 135594
89.9054196 135125
91.9052538 136415
93.905437 136548
95.9169472 136681
96.9058219 136854
97.9058378 136988
98.9051979 137202
99.9056331 137256
100.9045102 137371
12.5601395 5960
13.5587893 20092
20.5591142 110672
22.5591075 77473
23.5581653 60728
24.5590895 43930
26.5590269 64478
27.5582335 72767
28.5584804 80252
30.5580909 6853
32.5589299 74966
33.5580303 58676
34.5583521 41914
36.5580678 8078
39.5585558 50154
40.558951 60054
41.5585784 68894
44.5581853 18572
45.5582428 31249
48.5587883 66592
51.5587944 90705
57.5580241 14286
58.5579918 136275
60.557648 103107
61.5580652 86393
62.5576752 69646
65.5580832 18946
67.5577819 0
68.5566971 0
69.5577563 14423
70.5583731 27992
71.5581458 40148
72.5576213 23849
73.5578969 6976
74.5591408 0
75.5571076 4510
76.5573534 0
77.5569583 2419
78.557355 17184
79.5573791 30458
80.5578856 14119
81.5572492 0
82.5577871 0
83.5571548 0
84.5573775 0
85.5576429 0
87.5570045 0
88.5577891 0
89.5570296 0
90.5575982 0
91.5570219 0
92.5569798 0
93.5570265 0
94.5574992 0
95.557864 0
97.5583716 0
98.5588263 0
99.5586446 0
100.5586477 0
101.5592358 0
102.5588827 0
104.558581 0
105.5584311 0
106.5591388 0
108.5592029 0
109.558621 0
110.5584568 0
111.5589997 0
112.5582474 0
113.5639181 0
114.5598321 0
115.5590895 0
116.5624611 0
117.5590582 0
120.5579805 0
122.5588689 0
123.5581945 0
124.5588463 0
125.5587826 0
126.5584147 0
127.5584044 0
128.558465 0
129.55868 0
130.5583346 0
131.5584444 0
132.5578148 0
133.5586513 0
134.5578271 0
135.5587288 0
137.55755 0
138.5678126 0
139.5585717 0
140.5585538 0
141.5576813 0
142.5577522 0
143.5581365 0
144.5576793 0
145.5579446 0
148.5585399 0
149.5586779 0
150.557824 0
151.5583634 0
152.5581838 0
153.5575371 0
154.5579513 0
155.558214 0
156.5580159 0
162.5576659 0
165.5581812 0
167.557902 0
173.5571204 0
174.5569193 0
175.5581329 0
179.5619598 0
183.5569911 0
190.5576716 0
193.5570532 0
194.5574391 0
195.5570409 0
196.557728 0
198.5573585 0
199.5566114 0
200.5575156 0
201.5566693 0
202.5573267 0
203.5569973 0
204.557201 0
205.5569172 0
206.5571122 0
207.5571302 0
208.557084 0
209.5574396 0
210.5576644 0
211.5574519 0
212.5570794 0
213.5570234 0
214.5570429 0
215.5570445 0
216.5567463 0
217.556733 0
218.5565344 0
219.5570275 0
225.5567083 0
227.5571374 0
228.5564697 0
232.5561048 0
233.557006 0
234.556771 0
235.5561454 0
236.5570111 0
237.556774 0
238.556327 0
239.5566324 0
240.556596 0
241.5563825 0
242.5571194 0
243.5559945 0
244.556635 0
245.5565759 0
246.5562152 0
247.556558 0
248.5567443 0
249.55648 0
250.5567099 0
251.5568166 0
252.5559519 0
253.5564389 0
254.5560238 0
255.5567422 0
256.5567212 0
257.5567145 0
258.5566724 0
259.5560669 0
260.5565477 0
261.5566319 0
262.5565605 0
263.5556917 0
264.5565333 0
265.5562111 0
266.5555768 0
267.5562095 0
268.5556922 0
269.5562316 0
270.556579 0
271.5564764 0
272.5560838 0
273.5566827 0
274.5563999 0
275.5554018 0
276.5558318 0
277.5562039 0
278.556325 0
279.5560551 0
280.5554562 0
281.5562922 0
282.5563106 0
283.5562814 0
284.556209 0
285.5562393 0
286.5562357 0
287.5551159 0
288.5552858 0
289.5555183 0
290.5562691 0
291.5559252 0
292.5551467 0
293.556035 0
294.5560684 0
295.555956 0
296.5551647 0
297.5560289 0
298.5553335 0
299.5560222 0
300.5556368 0
301.5559837 0
302.5550461 0
303.555665 0
304.5557985 0
305.5552812 0
306.555451 0
307.5558631 0
308.5552925 0
309.5557939 0
310.5552422 0
311.5551986 0
312.5558831 0
313.5574217 0
314.5964432 0
315.5558672 0
316.5553145 0
317.5550985 0
318.5554967 0
319.5556491 0
320.5549066 0
321.5556291 0
322.5556266 0
323.5547321 0
324.55473 0
325.5556209 0
326.5550887 0
327.55543 0
328.5549189 0
329.5554695 0
330.5546058 0
331.5552473 0
332.5554285 0
333.5548552 0
334.5547654 0
335.5548573 0
336.5552252 0
337.5550975 0
338.5551277 0
339.5549866 0
340.5544313 0
341.5553489 0
342.5553346 0
343.5557718 0
344.554711 0
345.5548906 0
346.5545889 0
347.555139 0
348.5543369 0
349.5545694 0
350.5543482 0
351.5545001 0
352.5546217 0
353.5553951 0
354.5550569 0
355.5548178 0
356.5548229 0
357.5544734 0
358.5550595 0
359.5550328 0
360.5549902 0
361.5546684 0
362.5546279 0
363.5543759 0
364.5546176 0
365.5549112 0
366.5549168 0
367.5542918 0
368.5549168 0
369.5548896 0
370.5543785 0
371.5542471 0
372.5605798 0
373.5547644 0
374.5549384 0
8.1401439 3460
9.1390611 17887
10.1391924 31063
11.1392366 42945
12.1395214 53591
13.139466 63078
14.1397539 71604
15.1392894 79207
16.1404302 85966
17.1394911 92018
18.1395281 97342
19.1391858 102136
20.1393916 106361
21.1392186 110113
22.1386551 113394
23.1390621 116360
24.1385048 118933
25.1383518 121191
26.1384596 123253
3.2990663 170880
3.3403027 42800
2.3460662 262143
14.4335 89880
3.2214959 257620
13.070551 242355
14.9022076 226480
15.989727 210633
16.6696628 194694
17.1468579 178784
17.3842974 162841
17.5901721 146847
17.7732977 130781
17.9615861 114722
18.1492375 98892
18.3228457 84909
18.5062983 71579
18.7195427 60222
19.2570775 51863
26.0586159 50186
29.8205117 56027
3.3557505 0
11.2921095 0
16.1121712 0
18.9356112 0
18.9389623 0
18.9421641 0
18.9454551 0
18.9491619 0
18.9529533 0
18.9563921 0
18.9606038 0
18.9645846 0
18.9703328 0
18.9746794 0
18.9785442 0
18.9823834 0
19.3462084 0
20.3462792 0
21.3464419 0
22.3577627 0
23.345784 0
24.346076 0
25.3457003 0
26.345941 0
27.3459687 0
28.3464434 0
29.3455407 0
30.3455264 0
31.3462956 0
32.3452836 0
34.3450701 30580
5.7600017 36060
6.7585755 47372
7.758945 57527
8.7595747 66642
9.7586361 74795
10.7583477 82045
6.4458354 2840
7.4426506 14706
8.44397 28195
9.4454408 40351
10.4434512 51252
11.4451349 61015
12.4441932 69777
13.4435384 77596
14.4433767 84531
15.453157 90701
16.443951 96222
17.44541 101134
18.4435348 105437
19.4431473 109288
20.4429662 112706
21.4444652 115732
22.4547227 98363
23.4438458 122940
24.4437462 124786
25.4449455 126415
26.4431094 127848
27.4459781 129044
28.4452735 130142
29.442996 131102
30.4438499 131964
31.4442486 132688
32.4438053 133374
33.4456702 133940
34.4434907 134468
35.4441732 134877
36.4446294 135287
37.450355 135597
38.4478984 135929
39.4455147 136180
40.4428569 136413
41.4472349 136606
42.4424002 136819
43.4451236 136973
44.4430745 137086
45.4435892 137241
46.4439828 137335
47.4439135 137430
48.4428825 137485
49.4424135 137600
50.4439987 137655
51.4428317 137710
52.4507881 137766
53.4436451 137781
54.442649 137817
55.4430853 137892
56.4431094 137908
57.4451801 137924
58.4434604 137940
59.4444272 137956
60.4434435 137992
61.4442153 137988
62.4438325 138003
63.4430832 138019
64.4440829 138056
65.4437185 138052
66.4422919 138068
67.4430237 138064
68.4432762 138080
69.4463583 138096
70.4442666 138112
71.4439305 138089
72.4490295 138065
73.4433716 138101
74.4433737 138097
75.4438761 138133
76.4437965 138110
77.4461387 138106
78.4433157 138102
79.4437144 138118
80.4429303 138134
81.4437432 138111
82.4435014 138067
83.4423642 138143
84.4431073 138139
85.4434229 138136
86.4433465 138112
87.4434009 138128
88.4420343 138104
89.4459858 138121
90.4510904 138117
91.443153 138113
92.4416848 138129
93.4419988 138166
94.4736356 138162
95.442179 138078
96.4426752 138114
97.4421631 138131
98.4425213 138147
99.4434594 138143
100.4419362 138099
101.4428846 138116
102.4430196 138132
103.4419532 138168
104.442647 138144
105.4425536 138101
106.4416673 138117
107.441889 138153
108.4421056 138129
109.4432151 138126
110.4437616 138082
111.4433742 138118
112.4429144 138094
113.4429195 138131
114.442373 138127
115.4413892 138103
116.442023 138139
117.4413261 138116
118.4413276 138112
119.4425043 138108
120.4433023 138124
121.4420999 138140
122.441519 138117
123.4425977 138133
124.4420604 138109
127.4419465 137545
128.4415385 137641
129.4409135 137696
130.4419147 137751
131.4424463 137807
132.4414374 137862
133.4412475 137878
134.445741 137954
135.4420681 137930
136.4556875 137946
137.4419434 137982
138.4418926 138017
139.4418628 138014
140.4416016 138010
141.4418449 138026
142.4416427 138062
143.4423432 138038
144.4458056 137254
145.4442676 138128
146.4443605 138165
147.4415272 138161
148.4415082 138137
149.4411454 138133
150.4409047 138170
151.4408498 138146
152.4409263 138142
153.4429647 138139
154.4417715 138135
155.4405137 138151
156.4415154 138148
157.4413876 138124
158.4413728 138140
159.4403608 138116
160.4422123 138153
161.4423186 138109
162.4418341 138185
163.441382 138161
164.4415185 138098
165.4412203 138154
166.442179 138130
167.4403762 138127
168.440838 138103
169.4405886 138139
170.4405979 138115
171.4410936 138112
172.4405881 138128
173.441089 138124
174.4416329 138120
175.4408401 138136
176.4444611 138133
177.4411141 138129
178.4408252 138085
179.4399861 138101
180.4406969 138138
181.4410264 138134
182.4404716 138170
183.4415077 138127
184.4399317 138103
185.4412501 138119
186.4409925 138095
187.4407487 138151
188.4409422 138128
189.4411162 138124
190.4402386 138140
191.4410587 138137
192.440817 138113
193.441228 138089
194.4410633 138125
195.4412932 138101
196.4409632 138118
197.4403705 138134
198.443388 138130
199.4400323 138106
200.4405486 138163
201.4408647 138139
202.440544 138115
203.4405419 138151
204.4401714 138148
205.4399051 138104
206.439903 138120
207.4408683 138157
208.4408134 138113
209.4402725 138129
210.4406605 138105
211.4439731 138122
212.4413815 138138
213.4603867 138094
214.4400739 138090
215.4405876 138126
216.4411013 138123
217.4422975 138139
218.4411008 138135
219.4402155 138131
220.4449527 138108
221.4493507 138124
222.4400174 138140
223.4411685 138076
224.4481791 138113
225.4463594 138109
226.4409371 138125
227.4404449 138141
228.4420907 138138
229.4402576 138094
230.4420722 138130
231.4402509 138106
232.4412717 138143
233.4457964 138139
234.4420173 138155
235.4398845 138091
236.4402602 138108
237.4398589 138104
238.4393113 138160
239.4403012 138136
240.4403715 138133
241.4400364 138109
242.4422395 138105
243.4399707 138161
244.4397578 138098
245.4416196 138114
246.43971 138090
247.4426675 138126
248.4446761 138122
249.4401837 138139
250.4404567 138115
251.4391461 134131
252.4398666 138599
253.4398553 138517
254.4401026 138474
255.4400077 138471
256.4409309 138428
257.4478107 138404
258.4387299 138341
259.4399985 138338
260.4395433 138275
261.4389013 138271
262.4391194 138268
263.4411095 138224
264.4389274 138221
265.4391455 138217
266.4393231 138194
267.439532 138190
268.4394068 138206
269.4391656 138203
270.4403654 138179
271.4401206 138156
272.4394801 138152
273.4930299 138188
274.4417197 138125
275.4396962 138121
276.4385821 138117
277.439163 138133
278.4414056 138149
279.4395227 138126
280.4388233 138182
281.4397095 138118
282.4391373 138175
283.4395494 138131
284.4439536 138127
285.4396259 138124
286.4393436 138140
287.4394298 138136
288.4399784 138112
289.4394504 138109
290.4392323 138105
291.4388607 138121
292.4387663 138117
295.4400713 137573
296.438951 137649
297.4393164 137704
298.4388202 137719
299.4388043 137775
300.4388166 137830
301.4383219 137886
302.4388582 137882
303.4430088 137917
304.4395597 137953
305.438736 137989
306.4414682 137985
307.4384594 138021
308.4386129 138017
309.438736 138033
310.4384214 138069
311.4391065 138045
312.4387791 138022
313.4384045 138058
314.4386688 138054
315.4388561 138070
316.4388694 138086
317.4394334 138082
318.4390126 138118
319.4397455 138075
320.4396916 138071
321.4380427 138127
322.4388782 138123
323.4400534 138119
324.4382926 138116
325.4375465 138112
326.4382983 138068
327.4547114 138104
328.4378657 138140
329.440077 138137
330.4380591 138113
331.4378338 138129
332.4450271 138145
333.4385708 138102
334.4385774 138118
335.4382321 138154
336.4387283 138090
337.4388458 138107
338.4388058 138103
339.4377163 138119
340.4382428 138135
341.4376758 138152
342.4382962 138108
343.4384404 138124
344.4375588 138120
345.438131 138097
346.4372786 138133
347.4380181 138109
348.4382408 138125
349.4374223 138121
350.4394724 138138
351.4379873 138114
352.4381885 138090
353.4438017 138146
354.4383198 138123
355.4370938 138119
356.4381787 138115
357.4381002 138151
358.437684 138068
359.4383491 138104
360.4389644 138140
361.4375772 138116
362.4381387 138133
363.4373407 138129
364.4373858 138105
365.4395479 138101
366.4390527 138137
367.4386098 138114
368.4374418 138150
369.4533987 138106
370.4374972 138143
371.4378159 138139
372.4372134 138095
373.4369163 138111
374.4374587 138067
375.437781 138144
376.4378682 138120
377.4386452 138136
378.4393031 138132
379.4369768 138149
380.437296 138085
381.4374715 138101
382.4374433 138157
383.4375675 138074
384.4380663 138090
385.4368675 138126
386.4373992 138142
387.4366545 138139
388.4371328 138095
389.4377851 138131
390.4377004 138127
391.4368906 138104
392.4371718 138100
393.4373278 138096
394.4376373 138092
395.4421117 138128
396.4369137 138145
397.4400867 138141
398.4367084 138137
399.4444739 138113
400.4365442 138130
401.4386652 138106
402.4373289 138162
403.437179 138138
404.4368049 138115
405.4395104 138131
406.4375526 138087
407.5422494 138103
408.977953 138140
409.5332168 138116
410.4397624 138112
411.4364426 138148
412.4369507 138145
413.4394016 138081
414.5167318 138137
415.4368259 138113
416.4360049 138090
417.4365499 138126
418.4368167 138122
419.4361013 138158
420.4363564 138135
421.4365093 138131
422.4358078 138107
423.4369116 138123
424.4368685 138100
425.4363897 138116
426.4378292 138132
427.4367243 138128
428.437157 138104
429.4365288 138121
430.4368542 138137
431.4361388 138133
432.7546271 138129
433.9361034 138146
434.8883321 138142
435.7871414 138098
436.6656065 138114
437.5917552 138131
438.6011696 138127
439.4396603 138143
440.4478758 138120
441.4368393 138116
442.8570545 138112
443.4967443 138108
444.4360628 138124
445.4358524 138141
446.4368336 138117
447.435484 138113
448.4361131 138129
449.4360916 138126
450.4352551 138142
451.4362296 138138
452.4358848 138115
453.4359387 138111
454.4359648 138087
455.4363004 138123
456.4355851 138099
457.5363981 138096
458.7721795 138152
459.4434573 138128
460.4359366 138124
461.4665598 138101
462.435563 138077
463.4347665 138133
464.436167 138109
465.4356682 138165
466.4356554 138122
467.4351971 138118
468.435076 138154
469.4357806 138111
470.6862915 138127
471.5390558 138143
472.694175 138099
473.8674091 138095
474.8589138 138132
475.938792 138148
476.5795794 138124
477.4481134 138080
478.9319789 138117
479.6462503 138113
480.6520621 138129
481.8046641 138125
482.6163234 138142
483.9317736 138138
484.5330013 138134
486.2319946 138110
487.0340708 138127
487.6855017 138143
488.453098 138119
489.5090186 138135
490.7207954 138132
491.564578 138108
493.025187 138124
493.7801405 138120
494.6661469 138137
495.5318056 138153
496.4828627 138129
497.4340737 138126
498.4352689 138102
499.4352715 138138
500.4349539 138154
501.435211 138131
502.435117 138107
503.4354147 138143
504.4353926 138099
505.4351027 138156
506.4340922 138132
507.4349113 138128
508.4349236 138124
509.4468002 138055
510.8265134 138082
511.5293849 138001
513.2048728 137977
513.6773749 137870
514.6810842 137764
515.8353443 137680
516.5656793 137560
517.7768531 137486
518.5364653 137400
519.4342687 137222
520.4342954 137154
521.8211086 137098
522.7535843 136973
524.0449954 136842
525.0362333 136784
526.2903539 136721
527.2864655 136628
527.7771302 136552
528.7634415 136512
529.6811909 136430
530.6653479 136384
531.5048126 136317
532.7466804 136287
533.9501585 136236
534.5774646 136183
535.7735543 136149
536.8594547 136113
538.1301702 136116
538.5803405 136079
540.0115953 136060
540.6583845 136041
542.4216147 136022
542.9553447 135961
543.7854602 135980
544.5874522 135979
545.6879429 135937
546.7016531 135915
547.4584218 135933
548.4329109 135910
549.433928 135848
550.433227 135944
551.5423972 135901
552.7580413 135858
553.7772534 135894
554.5905569 135931
555.4341081 135867
556.4339075 135883
557.4502878 135839
558.5176581 135875
559.65245 135871
560.8085145 135847
561.7171846 135843
562.6322131 135879
563.5495746 135894
564.4333943 135830
565.4333886 135806
566.4331054 135821
567.4334605 135877
568.742225 135833
569.4981535 135828
570.8142971 135844
571.6260318 135839
572.447047 135855
573.4331428 135830
574.4333132 135846
575.4333471 135861
576.433287 135817
577.4324711 135872
578.4330017 135848
579.4334979 135863
580.432586 135859
581.4330043 135834
582.55434 135830
583.5351089 135845
584.4693921 135841
585.433131 135836
586.6024182 135831
587.6923686 135827
588.4860198 135822
589.4339886 135858
590.4336324 135813
591.4322319 135809
592.4327302 135844
593.5473114 135859
594.5388429 135835
595.4332167 135850
596.4328806 135846
597.4326938 135801
598.4324398 135796
599.4382844 135852
600.4730978 135807
601.4320898 135823
602.4318157 135838
603.4332059 135853
606.4350719 135853
607.4348163 135853
608.4347804 135853
609.4500281 135853
610.5199777 135853
611.4677894 135853
612.4336894 135853
613.4319348 135829
614.4318101 135844
615.432273 135860
616.4326035 135855
617.4330961 135791
618.4326466 135846
619.4324747 135841
620.540113 135857
621.6958028 135852
622.7958116 135868
623.7201647 135803
624.8453765 135819
625.4654755 135854
626.6162818 135849
627.8330565 135825
628.485212 135840
629.6469174 135836
630.5102698 135836
631.4319856 135836
632.4315237 135836
633.4329263 135836
634.4313616 135836
635.4309854 135836
636.6070373 135836
637.9163011 135836
639.0565913 135836
639.8437087 135836
641.1382564 135836
641.7717951 135836
642.8917833 135836
643.4605089 135836
644.6465705 135836
645.8206308 135836
647.0270083 135836
647.733371 135836
648.6850029 135836
650.1183623 135836
650.7725983 135836
651.5229773 135836
653.0782431 135836
653.7959718 135836
654.4896762 135836
656.0803092 135836
656.730139 135836
657.5534871 135836
658.4954018 135836
659.582735 135836
661.0315536 135836
661.6116437 135836
662.7245781 135836
663.4655709 135836
664.4319769 135836
665.4311804 135836
666.8491802 135836
667.527209 135836
668.664963 135836
669.7395518 135836
670.6008109 135836
671.4569777 135836
672.4305117 135836
673.4309325 135836
674.8466815 135836
675.5915151 135836
676.8728663 135836
677.5541106 135836
679.0872064 135836
679.7566619 135836
680.4582375 135836
681.8861967 135836
682.5799325 135836
684.0275939 135836
684.8112036 135836
685.8070945 135836
687.0081575 135836
688.014637 135836
689.4333368 135836
690.6751846 135836
691.523063 135836
692.6156127 135836
693.4336001 135836
694.432976 135836
695.4338982 135836
696.6947462 135836
697.7598693 135836
698.9217496 135836
699.5258018 135836
700.5935185 135836
701.9788932 135836
702.6307593 135836
704.0355929 135836
704.5216142 135836
705.4325311 135836
706.7516953 135836
707.5658841 135836
708.7213784 135836
709.6925769 135836
711.1099897 135836
711.6559792 135836
712.629444 135836
714.002162 135836
714.6286203 135836
715.5839379 135836
716.5038627 135836
717.610412 135836
718.4668908 135836
720.4294222 135836
726.429453 135836
729.430251 135836
730.4302115 135836
731.429608 135836
732.4296075 135836
733.4293514 135836
735.4300447 135836
737.4300863 135836
738.4306251 135836
739.4294412 135836
740.4302905 135836
741.6082377 135836
742.4834806 135836
743.4298307 135836
744.428792 135836
745.4302038 135836
750.4297291 135836
751.4297409 135836
752.4292262 135836
753.4295485 135836
6.6562738 75380
7.6496922 82731
8.6503023 89136
9.6500606 94834
10.6504732 99864
11.6514257 104384
13.6504691 0
14.6505502 126813
15.650349 128426
16.6505225 129603
17.6505441 142982
20.6499313 128348
21.6495675 129485
22.650193 130524
23.6497994 131485
24.6504383 132288
26.6497753 133433
27.6494238 133999
28.6502464 134467
29.6503131 134976
30.6502597 135366
31.6502921 135677
32.6503352 135988
33.649628 136260
34.6502793 136493
35.6499323 136706
36.6501674 136879
37.6501951 137053
38.6496793 137147
39.6501402 137281
40.6501556 137416
41.6510403 137491
42.6498046 137566
43.6516212 137661
44.6515663 137736
45.6495654 137792
46.650036 150007
49.6500504 132887
50.6499857 133513
51.650056 134060
52.6490404 134568
53.6494197 135017
54.6499287 135407
55.6500365 135758
56.6496532 136030
57.6498862 136322
58.6495474 136534
59.6508489 136708
60.6490538 136901
61.6495238 137055
62.6494895 137209
63.6497363 137323
64.6496547 137418
65.6497543 137533
66.6497928 137628
67.6498092 137663
68.6486494 137738
69.6486073 137794
70.6491076 137849
71.6496675 137905
72.6491815 137901
73.6490286 137977
74.6490635 138013
75.6489619 138029
76.6489301 138045
77.6497327 138041
78.6500119 138057
79.6495926 138093
80.6495372 138069
81.6512399 138069
82.6495285 137825
83.6496162 137861
84.6486566 137937
85.6494756 137953
86.6519656 138009
87.6492708 138025
88.6495269 138021
89.6487782 138057
90.6575875 138053
91.6487777 138089
92.6491118 138065
93.6484082 138061
94.6599846 138097
95.6487684 138154
96.6492621 138090
97.6492226 138126
98.6483897 138142
99.6491605 138139
100.6491887 138115
101.6483471 138151
104.6486735 137627
105.6489306 137663
108.6484184 137318
109.6485447 137433
110.6483374 137527
112.6478955 137383
113.6499744 137517
114.6489491 137572
115.6485852 137647
116.6490163 137723
117.6490425 137798
118.6489157 137834
119.6483912 137869
120.6483897 137885
123.6487592 137461
124.6523423 137536
125.6508858 137591
126.6507642 137706
127.6482748 137742
128.6485319 137797
129.6482101 137893
130.6490728 137908
133.6477462 137424
134.6487274 137539
135.6487494 137594
136.6481393 137649
137.6487731 137785
140.6475065 137320
141.6486407 137435
142.6477518 137490
143.6482558 137565
144.6480012 137680
145.6479904 137735
146.648128 137811
147.648264 137826
148.6475758 137902
149.6482368 137898
150.6480094 137954
151.6480074 137989
152.6505636 137985
153.6484852 138041
154.6482532 138018
155.6474921 138074
156.6647434 138070
157.6475045 138086
161.6480033 137322
162.647585 137417
163.647994 137491
164.6483579 137566
180.0183407 137566
180.0213654 136882
180.0736523 136915
180.1248676 136829
180.1318613 136829
180.1329595 136263
180.1339566 136375
180.1351031 136488
180.1361926 136501
180.6478899 136634
181.6477518 136807
182.6471945 137021
183.6479396 137115
184.6481321 137269
185.6473048 137384
186.6473536 137479
187.6473957 137574
188.6475029 137669
189.6472345 137724
190.6473541 137799
191.6480166 137815
192.6471437 137851
1.1874315 99300
2.164818 103659
3.1648966 107706
4.164154 111341
5.1641612 114484
6.1646764 117333
9.1637809 124208
10.1640426 125916
11.1640241 127408
12.1640308 128703
13.1646656 129820
14.1700602 130820
15.1644296 131721
16.1640585 132425
17.1643064 133190
18.1635905 133736
19.1646492 134324
20.1636136 134752
21.1639872 135162
22.1711302 135552
23.1641052 135863
25.1636223 136135
26.1643823 136367
27.1637419 136600
28.1640349 136833
29.1640272 136947
30.1642602 137081
31.1637855 137235
32.1636649 137349
33.1642689 137424
34.1636413 137539
35.1642464 137594
36.1636572 137669
37.1636357 137724
38.1638348 137760
39.1639554 137835
40.1652512 137871
41.1809023 137887
42.1636367 137903
43.1640837 137938
44.1637696 137914
45.1637491 137990
46.1629911 138026
47.1636885 138022
48.1630635 138058
49.1647585 138014
50.1638425 138090
51.1631789 138066
52.1636203 138063
53.1637588 138079
54.1643464 138135
55.1639882 138151
56.1642556 138127
57.1630316 138124
58.1642058 138120
59.1640031 138136
60.1656874 138132
61.1632677 138129
62.1632395 138145
63.1637106 138141
64.1636526 138138
65.1651952 138154
66.164194 138130
67.1634494 138106
68.163475 138143
69.1636967 138159
70.1630085 138175
71.1631651 138172
72.1631876 138168
11.0980532 5340
12.0971669 19211
13.0967153 31889
14.0970017 43333
15.0970781 53580
16.0961919 62727
17.0963771 70872
18.0968092 78194
19.0959178 84750
20.0961523 90600
21.0967815 95741
22.0968041 100352
23.1064961 104473
24.1232506 108202
25.1007551 111459
26.1009029 114341
27.0965408 116910
28.0962611 119264
29.0966973 121302
30.0973789 123125
31.0965095 124771
32.0966301 126221
33.0962314 127533
34.0965665 128708
35.0968123 129726
36.0961975 130665
37.0957515 131507
38.0962488 132250
39.096625 132934
40.1004749 133540
41.0958747 134067
42.09651 134535
43.0956987 134964
44.0964803 135374
45.0956669 135705
46.0958973 136016
47.11383 136348
48.0961226 136521
49.0965506 136774
50.0961836 136948
51.0961246 137102
52.0960692 137276
53.095866 137430
54.0956828 137545
55.0960045 137680
56.0961246 137736
57.0970273 137831
58.0959466 137907
59.0958891 137963
60.0959953 138018
61.0960251 138075
62.0958963 138091
63.0961241 138147
64.1090507 138123
65.0963561 138179
66.095712 138196
67.0954334 138212
68.0959363 138209
69.0953071 138225
70.0960826 138221
71.0961441 138198
72.0959892 138234
73.0954298 138231
74.0950239 138227
75.0959265 138244
76.096588 138220
77.0956197 138217
78.0961436 138213
79.1054312 138229
80.0977484 138229
81.0953856 137906
82.0958239 137962
83.0959419 137958
84.096762 137994
85.0960215 138030
86.0954267 138006
87.0958768 138062
