3.5748018 340
4.5750543 14881
5.5712024 28390
6.5717658 40487
7.5718659 51348
8.571247 61071
9.570762 69773
10.5706902 77533
11.5710268 84468
12.571385 90617
13.5714625 96098
14.570856 100990
15.5711587 105312
16.572085 109123
17.5713389 112541
18.5711151 115506
19.5711336 118157
20.5706548 120533
21.5712491 122594
22.5715262 124400
23.57043 126008
24.5714815 127440
25.5712403 128695
26.5719706 129793
27.5705383 130772
28.5718074 131614
29.5716093 132357
30.5705013 133042
31.5712008 133608
32.5704962 134115
33.5711069 134583
34.5717509 134972
35.5706568 135322
36.5711495 135653
37.5712711 135904
38.5708508 136136
39.5705906 136348
40.5703741 136521
41.602151 136694
42.5710956 136827
43.57111 136941
44.5707369 137055
45.5704916 137149
46.5706527 137243
47.5707579 137298
48.5707107 137373
49.5704967 137427
50.57045 137482
51.5745396 137537
52.570391 137572
53.5709894 137587
54.5705773 137642
55.5743158 137658
56.5721471 137673
57.5700349 137708
58.5829333 137724
59.5708729 137739
60.5708601 137735
61.57002 137770
62.570256 137786
63.5704654 137761
64.5710315 137777
65.5708678 137812
66.570917 137808
67.5706245 137804
68.5704752 137819
69.5703792 137815
70.5698593 137811
71.5702894 137826
72.570059 137842
73.5705013 137837
74.5706137 137833
75.5700631 137849
76.5704059 137845
77.5700215 137820
78.5697182 137836
79.5702355 137852
80.5706302 137847
81.5715021 137843
82.5704716 137839
83.5697685 137834
84.5719352 137850
85.5699348 137846
86.5696556 137841
87.5705906 137857
88.5703007 137853
89.5698778 137848
90.5708472 137864
91.5702771 137840
92.5703854 137836
93.5703643 137871
94.570275 137847
95.570373 137843
96.5701057 137838
97.5703705 137834
98.5699984 137850
99.5699533 137845
100.5698835 137861
101.5722051 137857
102.5713414 137853
103.5696715 137848
104.5696084 137844
105.5751503 137860
106.5710782 137855
107.5699019 137851
108.5701513 137847
109.5700903 137842
110.5698383 137858
111.5701914 137854
112.569672 137850
113.5706019 137865
114.5747095 137861
115.5710263 137857
116.5717155 137852
117.5694909 137848
118.5701262 137844
119.5702791 137859
120.57111 137855
121.5699851 137851
122.5693133 137847
123.5695263 137842
124.5699235 137858
125.5704398 137854
126.5698773 137849
127.56963 137865
128.5718603 137841
129.5697023 137837
130.5692461 137852
131.5695709 137868
132.5698717 137844
133.5695986 137839
134.5698599 137855
135.5699615 137871
136.5697105 137846
137.5762624 137862
138.5699702 137838
139.569417 137854
140.5700872 137869
141.5698424 137845
142.5692497 137841
143.5696048 137856
144.5688843 137852
145.5696756 137848
146.5754987 137863
147.5702596 137859
148.5699522 137835
149.5694067 137851
150.5694904 137846
151.5745442 137862
152.5693559 137838
153.5698588 137853
154.5688843 137849
155.5689628 137845
156.5691358 137860
157.5693415 137836
158.5687216 137852
159.5690064 137828
160.5686138 137843
161.5687899 137859
162.5697906 137855
163.5702709 137830
164.5684004 137846
165.5692574 137842
166.5686282 137857
167.5692384 137853
168.570644 137849
169.5700328 137865
170.5688704 137840
171.571715 137856
172.568871 137832
173.5690213 137867
174.5694652 137843
175.5685015 137859
176.568911 137854
177.5697685 137850
178.5684358 137866
179.5695838 137862
180.5691476 137857
181.5689382 137833
182.5686795 137829
183.5689844 137844
184.5693764 137840
185.5686441 137856
186.5687555 137851
187.5695694 137847
188.5694693 137863
189.5683906 137839
190.5685066 137834
191.5740947 137850
192.5819413 137846
193.5685666 137861
194.5701431 137857
195.5827064 137833
196.5681443 137848
197.5683521 137864
198.5686631 137840
199.5685307 137855
200.5687442 137851
201.5690208 137827
202.5689341 137843
203.5687996 137858
204.5683983 137854
205.5689305 137850
206.5683542 137845
207.5739351 137841
208.5702524 137857
209.5740439 137852
210.5719408 137868
211.5693102 137844
212.5682808 137860
213.5721692 137855
214.5679144 137851
215.5685969 137847
216.5683229 137842
217.5674556 137838
218.5683413 137854
219.5690044 137849
220.5678148 137865
221.5686672 137841
222.568562 137857
223.5685025 137852
224.5684455 137848
225.5681617 137844
226.5673884 137839
227.5681284 137855
228.5681633 137851
229.5685923 137846
230.5690973 137842
231.576033 137858
232.5680109 137854
233.5673078 137849
234.5684142 137845
235.5676819 137841
236.5683383 137836
237.5715898 137852
238.5682515 137848
239.5675557 137843
240.5677948 137839
241.5671569 137855
242.5675233 137850
243.5682146 137846
244.5685553 137862
245.5682803 137858
246.5676542 137833
247.5669419 137849
248.5677317 137845
249.5671256 137840
250.5678497 137856
251.5681658 137852
252.5744991 137847
253.5677661 137843
254.5678543 137839
255.5672231 137855
256.5673868 137850
257.5675726 137846
258.5677876 137862
259.5692379 137837
260.5672683 137853
261.5686087 137829
262.5677933 137844
263.5671959 137860
264.5714702 137856
265.5679847 137852
266.5675023 137847
267.5676978 137843
268.5676419 137839
269.5670225 137874
270.5673848 137850
271.5678882 137846
272.5716724 137861
273.5677599 137837
274.566964 137853
275.5670404 137849
276.5674274 137844
277.5675264 137840
278.5674802 137856
279.5702073 137871
280.5674505 137847
281.5678174 137843
282.5677732 137838
283.5668244 137854
284.567608 137850
285.5668936 137865
286.567511 137861
287.5675274 137857
288.5675264 137853
289.5675993 137848
290.5667115 137864
291.56786 137860
292.5675351 137856
293.567355 137831
294.5664769 137867
295.5679144 137863
296.5669362 137838
297.5670989 137854
298.5671451 137870
299.5675947 137845
300.5667931 137841
301.5670404 137837
302.5665149 137873
303.5672057 137848
304.5676367 137844
305.5668295 137840
306.5675618 137855
307.5682418 137871
308.567162 137847
309.5665154 137842
310.5665375 137858
311.5666622 137854
312.5670871 137830
313.5662537 137865
314.5665247 137861
315.57401 137837
316.5664795 137872
317.5666591 137828
318.5663322 137844
319.5663112 137859
320.5666648 137835
321.5665714 137831
322.5762849 137847
323.5658801 137862
324.5866723 137858
325.7996242 137854
326.5669291 137869
327.5675274 137865
328.5668608 137841
329.5664282 137856
330.5659489 137852
331.5661813 137848
332.5667397 137864
333.5678564 137859
334.5676881 137855
335.5665786 137851
336.5656825 137846
337.5673042 137862
338.5687247 137858
339.5687447 137834
340.5744349 137849
341.5696028 137845
342.569455 137861
343.5674715 137836
344.5658396 137852
345.5668485 137848
346.5668203 137843
347.566595 137839
348.5668126 137855
349.5711628 137851
350.566889 137846
351.5673237 137842
352.5670763 137858
353.5665503 137873
354.566578 137829
355.5668962 137845
356.5667972 137860
357.5692404 137856
358.566635 137872
359.5662722 137848
360.5660187 137843
361.5679549 137839
362.5735928 137855
363.5772513 137850
364.5676024 137866
365.5664092 137862
366.5663163 137858
367.5702247 137853
368.5668187 137849
369.5662424 137865
370.5676732 137840
371.5664723 137856
372.566578 137832
373.565215 137867
374.5669901 137843
375.565469 137839
376.5729646 137835
377.5737806 137870
378.5667022 137866
379.5660048 137842
380.5654547 137857
381.5661932 137853
382.5655542 137849
383.5654439 137844
384.5660407 137840
385.5766786 137836
386.5660772 137852
387.5658273 137847
388.5659309 137843
389.5655553 137839
390.5655784 137854
391.5656579 137850
392.5659504 137846
393.5653823 137841
394.5654983 137857
395.5658539 137833
396.5661557 137828
397.5652432 137844
398.565818 137840
399.5667864 137855
400.5653721 137851
401.5857163 137827
403.128401 137863
404.9309899 137858
404.9665357 137854
406.0581798 137850
406.7382395 137845
407.5651006 137841
408.5645222 137857
409.5650015 137852
410.5669019 137848
411.5657929 137864
412.5654803 137860
413.5656943 137855
414.5649913 137851
415.5653885 137847
416.5651468 137862
417.5657652 137838
418.5653171 137854
419.583371 137850
420.5724335 137845
421.5650806 137841
422.5647049 137857
423.5708467 137852
424.5697798 137848
425.5649718 137864
427.1004318 137839
428.0824847 137855
429.4595964 137851
429.9712662 137867
430.6518392 137842
431.5657292 137838
432.5643016 137854
433.566091 137849
434.5650826 137845
435.5654028 137841
436.5660869 137856
437.5782294 137852
438.565683 137848
439.5643359 137844
440.5637853 137859
441.5640131 137855
442.56494 137851
443.5645381 137846
444.5641091 137842
445.5666242 137858
446.7851678 137853
447.8197816 137849
449.0402357 137845
450.4419956 137861
451.2984013 137856
452.1334286 137852
452.9892123 137848
453.7626713 137843
454.6023347 137859
455.5640419 137855
456.5645017 137850
457.5653936 137866
458.5642554 137862
459.5652592 137858
460.5697988 137853
461.5636478 137849
462.563949 137865
463.5654588 137860
464.5647839 137836
465.5635739 137852
466.5646218 137868
467.5644427 137863
468.6745173 137859
469.5637555 137835
470.5648358 137850
471.564418 137846
472.5716365 137842
473.596565 137857
474.5642872 137873
475.5655358 137869
476.5689207 137865
477.5636093 137860
478.5635754 137856
479.5639895 137852
480.5638628 137848
481.7074207 137863
482.9170831 137859
483.9473169 137875
485.0072133 137850
485.5899624 137866
486.5641194 137842
487.6044917 137838
488.7646989 137873
489.962853 137849
490.8337987 137865
491.8248503 137840
492.7346318 137856
493.605693 137852
494.564941 137847
495.5693113 137863
496.5640686 137859
497.5644021 137855
499.0702001 137850
499.5811386 137846
500.5643549 137842
501.5697757 137857
502.5629914 137832
503.5642477 137818
504.5653946 137757
505.5638741 137692
506.5640214 137604
507.5663143 137518
508.5636221 137413
509.564008 137333
510.5625583 137198
511.5640927 137112
512.5646187 137014
513.5639238 136886
514.5662604 136769
515.9729777 136684
516.5637997 136592
517.5639972 136515
518.5644227 136451
520.6631949 136383
520.7106723 136311
521.6062329 136255
522.5645946 136195
523.7552085 136133
524.8023733 136087
526.4075943 136040
527.61844 135991
527.6467114 135959
528.7710865 135907
530.9828929 135872
531.9403632 135857
531.9441808 135820
533.1254696 135783
534.1339121 135764
536.3029856 135745
536.3647336 135725
537.8359213 135705
537.8648701 135684
539.2121338 135683
540.7465603 135681
540.8030435 135659
542.448569 135657
543.4852233 135654
544.1650886 135631
545.2381323 135628
545.8850998 135625
546.6214576 135622
548.0233401 135618
548.5826187 135615
549.9241409 135591
550.9060937 135607
551.9730726 135583
552.8661941 135579
553.9142031 135595
554.8865686 135591
555.8330182 135587
557.04943 135583
557.9507988 135598
558.8383471 135574
559.7452543 135570
560.5958845 135605
561.9608413 135581
562.5615663 135597
564.0214449 135572
564.5627076 135588
565.5630545 135563
566.5616925 135579
567.6418705 135574
568.9739835 135570
570.079286 135565
571.0135152 135561
571.8920761 135576
572.8334498 135572
573.7342275 135567
574.6510796 135563
575.6410576 135558
576.5996995 135574
577.5635015 135569
578.5620774 135584
579.9845028 135560
580.5618301 135575
581.5623017 135551
582.561207 135566
583.9613345 135582
584.5614985 135577
586.0130005 135593
586.5614395 135568
587.9737007 135544
588.5617084 135579
589.5939914 135554
591.0431003 135570
591.5619317 135565
593.0594396 135581
593.7206352 135576
594.6761267 135572
595.5898125 135587
596.5618619 135563
597.5616099 135578
598.5620415 135553
599.8630005 135569
601.1781317 135564
602.297613 135560
603.2261268 135575
604.2562236 135571
605.2622546 135586
606.1614686 135561
607.0782417 135557
608.1076175 135572
609.3010134 135568
610.5895195 135563
610.6284492 135539
611.8599958 135554
612.8800362 135569
614.5812536 135569
615.6178181 135569
617.9091764 135569
617.9111168 135569
619.3766241 135569
620.425858 135569
621.3954159 135569
622.3971935 135569
622.9389335 135569
624.0478191 135569
624.7461015 135569
626.0414592 135569
627.0719044 135569
628.6355414 135569
628.6396808 135569
630.5636247 135569
631.5626845 135569
632.5632972 135569
633.6290009 135569
634.632587 135569
635.5722303 135569
636.5630617 135569
637.7892707 135569
638.7528638 135569
639.9256014 135569
641.2026779 135569
642.1147687 135569
642.9948958 135569
643.6542922 135569
644.6658224 135569
645.7042118 135569
646.6607778 135569
647.7213434 135569
648.6492501 135569
649.5626973 135569
650.5629385 135569
651.5627995 135569
652.5628544 135569
653.5628267 135569
654.5627815 135569
655.5643128 135569
656.5632742 135569
657.5625701 135569
658.5595679 135569
659.5606661 135569
660.5594145 135569
661.5601519 135569
662.5605517 135569
663.5607216 135569
664.5597424 135569
665.5604988 135569
666.560465 135569
667.5604137 135569
668.559881 135569
669.5596172 135569
670.5634281 135569
671.5913982 135569
672.5604896 135569
673.5653741 135569
674.5608232 135569
675.5600411 135569
676.618827 135569
677.9605432 135569
678.6088424 135569
679.6897358 135569
680.8448184 135569
681.770677 135569
682.6102645 135569
683.5601032 135569
684.5601884 135569
685.5598466 135569
686.5599646 135569
687.559922 135569
688.5593355 135569
689.5600406 135569
690.5598199 135569
691.5594263 135569
692.5604901 135549
693.5598466 135549
694.5594248 135549
695.5717145 135549
696.7620267 135549
697.7219269 135549
698.5998129 135549
699.5597912 135549
700.559727 135549
701.5590245 135549
702.5598014 135549
703.5598081 135549
704.5649846 135549
705.5592549 135549
706.5596346 135549
707.5589726 135549
708.5597429 135549
709.5595407 135549
710.5590445 135549
711.5655255 135549
712.5596865 135549
713.5591938 135549
714.5595187 135549
715.5585995 135549
716.5592205 135549
717.5590707 135549
718.5593888 135549
719.5592626 135549
720.5587961 135549
721.5595587 135549
722.559064 135549
723.5595258 135549
724.5582573 135549
725.5591918 135549
726.5586555 135549
727.5591635 135549
728.5594386 135549
729.5594668 135549
730.5594129 135549
731.5591743 135549
732.5590111 135549
733.5630176 135549
734.5588782 135549
735.5599359 135549
736.5680386 135549
737.5589983 135549
738.5591235 135549
739.558675 135549
740.5589916 135549
741.5584487 135549
742.5598912 135549
743.5588721 135549
744.5581433 135549
745.5588951 135549
746.5588218 135549
747.5590763 135549
748.558811 135549
749.5588751 135549
750.5583235 135549
751.5582922 135549
752.558655 135549
753.5586026 135549
754.9383726 135549
755.559005 135549
756.5589562 135549
757.5587802 135549
758.5635215 135549
759.5866549 135549
760.5588998 135549
761.5589095 135549
762.5588962 135549
763.5589105 135549
764.5622437 135549
765.558306 135549
766.8449138 135549
768.0613738 135549
769.2541616 135549
770.6464353 135549
770.6678423 135549
771.6213098 135549
772.5633537 135549
773.7027348 135549
774.7307717 135549
775.6705083 135549
776.8683828 135549
777.968202 135549
778.79049 135549
779.8995096 135549
782.1540751 135549
782.2068629 135549
783.4681958 135549
784.4187766 135549
785.3946502 135549
786.957773 135549
787.010804 135549
787.9851828 135549
789.3607004 135549
790.0735794 135549
790.5991638 135549
791.7715201 135549
792.808958 135549
794.3165301 135549
794.8298226 135549
796.0589249 135549
797.000314 135549
797.897503 135549
799.2084276 135549
800.4032373 135549
801.3259249 135549
802.1613572 135549
803.1061539 135549
805.2332119 135549
805.2791753 135549
807.2597913 135549
807.28152 135549
808.4991665 135549
809.3701846 135549
810.1941846 135549
811.1055637 135549
812.2039434 135549
812.8318091 135549
813.9277209 135549
814.7719502 135549
815.6204461 135549
816.5573977 135549
817.558132 135549
818.5572709 135549
819.5582141 135549
820.5579057 135549
821.5569066 135549
822.5577692 135549
823.5571098 135549
824.5572971 135549
825.5577595 135549
826.5564139 135549
827.5575024 135549
828.5576804 135549
829.5578626 135549
830.5571041 135549
831.5574844 135549
832.5576691 135549
833.556671 135549
834.5571811 135549
835.5568645 135549
836.5576189 135549
837.5565617 135549
838.5610054 135549
839.5605846 135549
840.5569887 135549
841.6274285 135549
843.0312889 135549
843.745399 135549
845.2086493 135549
845.8004453 135549
846.6442907 135549
847.5570805 135549
848.5570995 135549
849.5562445 135549
850.556592 135549
851.5564668 135549
852.5568316 135549
853.5567192 135549
854.5655583 135549
855.5622098 135549
856.5564431 135549
857.5563236 135549
858.5568568 135549
859.5571277 135549
860.5570302 135549
861.5566879 135549
862.5569625 135549
863.5570097 135549
864.5569804 135549
865.5571282 135549
866.5574916 135549
867.5603274 135549
868.5564821 135549
869.5567788 135549
870.5568922 135549
871.5562045 135549
872.5566069 135549
873.5564016 135549
874.5571544 135549
875.5567079 135549
876.5562317 135549
877.5566181 135549
878.5565093 135549
879.5561917 135549
880.5607657 135549
882.1443872 135549
883.9442942 135549
883.9821724 135549
885.3681026 135549
886.4806005 135549
887.7041769 135549
887.7583682 135549
889.0686559 135549
889.9744649 135549
890.8579066 135549
891.7388451 135549
892.5896647 135549
893.5568311 135529
894.5566782 135529
895.5561034 135529
896.5561563 135529
897.555406 135529
898.556594 135529
899.5554276 135529
900.5565591 135529
901.5567521 135529
902.5566428 135529
903.5556949 135529
904.5558555 135529
905.5559125 135529
906.5564606 135529
907.5588561 135529
908.5561917 135529
909.5565176 135529
910.5566551 135529
911.5560875 135529
912.5628282 135529
913.5558648 135529
914.6575745 135529
915.5559967 135529
916.5564221 135529
917.5556549 135529
918.5558663 135529
919.5554327 135529
920.5562322 135529
921.5563446 135529
922.5579499 135529
923.5563 135529
924.5557642 135529
925.5558951 135529
926.5561537 135529
927.555291 135529
928.5561635 135529
929.5557252 135529
930.5560223 135529
931.5553732 135529
932.5562651 135529
933.5563277 135529
934.556086 135529
935.5553906 135529
936.5560239 135529
937.5556636 135529
938.556008 135529
939.5588233 135529
940.5592498 135529
941.555911 135529
942.5555759 135529
943.5564406 135595
944.5555061 135595
945.556223 135595
946.5557816 135595
947.555621 135595
948.5549698 135595
949.5553803 135595
950.5550971 135595
951.9824813 135595
953.1663407 135595
954.2197597 135595
955.096099 135595
956.1083765 135595
956.9035899 135595
957.6788892 135595
958.5553064 135595
959.5553675 135595
960.5555322 135595
961.5554932 135595
962.5552926 135595
963.5553398 135595
964.55486 135595
965.5550837 135595
966.5555415 135595
967.5549195 135595
968.5552567 135595
969.5551807 135595
970.5552264 135595
971.5552002 135595
972.5551355 135595
973.5545782 135595
974.555174 135595
975.555425 135595
976.5554932 135595
977.5553265 135595
978.55706 135595
979.5580345 135595
980.5544741 135595
981.5552387 135595
982.5549826 135595
983.5549139 135595
984.5548805 135595
985.5547209 135595
986.9676939 135595
987.5543499 135595
988.5552023 135595
989.5541805 135595
990.55416 135595
991.5545705 135595
992.5542375 135595
993.554899 135595
994.5547599 135595
995.5653469 135595
996.7752351 135595
997.5919987 135595
998.5606872 135595
999.5547548 135595
1000.5550303 135595
1001.5541082 135595
1002.5544633 135595
1003.5555158 135595
1004.5547984 135595
1005.5547281 135595
1006.5542277 135595
1007.5537474 135595
1008.5547404 135595
1009.554997 135595
1010.555231 135595
1011.5542005 135595
1012.5611403 135595
1013.5615463 135595
1014.5537813 135595
1015.5542472 135595
1016.5540168 135595
1017.5536329 135595
1018.554354 135595
1019.5539491 135595
1020.5548451 135595
1021.5540543 135595
1022.5541615 135595
1023.5539152 135595
1024.555855 135595
1025.5536776 135595
1026.5537936 135595
1027.5542955 135595
1028.5545577 135595
1029.5539172 135595
1030.5544653 135595
1031.5534846 135595
1032.5544576 135595
1033.5535262 135595
1034.5544381 135595
1035.553851 135595
1036.5644273 135595
1037.5540697 135595
1038.5540681 135595
1039.5536837 135595
1040.5541918 135595
1041.5534266 135595
1042.5541169 135595
1043.5538315 135595
1044.5539706 135595
1045.5539106 135595
1046.5539927 135595
1047.5539824 135595
1048.6252685 135595
1049.8231886 135595
1050.9238176 135595
1052.1029624 135595
1052.5822184 135595
1053.8015943 135595
1054.6042931 135595
1055.553868 135595
1056.5543057 135595
1057.5539598 135595
1058.5533004 135595
1059.5541123 135595
1060.5540373 135595
1061.5535719 135595
1062.5533214 135595
1063.5540384 135595
1064.5530818 135595
1065.5536022 135595
1066.5527405 135595
1067.5530094 135595
1068.5532419 135595
1069.5538752 135595
1070.5538398 135595
1071.5537756 135595
1072.5533261 135595
1073.5536196 135595
1074.5536396 135595
1075.555289 135595
1076.5528113 135595
1077.552876 135595
1078.5568096 135595
1079.5528811 135595
1080.5534682 135595
1081.553461 135595
1082.5533948 135595
1083.5532845 135595
1084.5534908 135595
1085.553578 135595
1086.5536832 135595
1087.5537648 135595
1088.5534097 135595
1089.5532419 135595
1090.5530161 135595
1091.5533912 135595
1092.5557478 135595
1093.5615319 135595
1094.5543001 135575
1095.5535821 135575
1096.5529042 135575
1097.5537484 135575
1098.5525732 135575
1099.5528934 135575
1100.5555625 135575
1101.5696115 135575
1102.5526148 135575
1103.5526625 135575
1104.5534928 135575
1105.5528272 135575
1106.5524752 135575
1107.5522396 135575
1108.5530874 135575
1109.5522386 135575
1110.5530079 135575
1111.5527364 135575
1112.5528242 135575
1113.5528678 135575
1114.5528986 135575
1115.5689582 135575
1116.5532024 135575
1117.5532609 135575
1118.5529596 135575
1119.5531485 135575
1120.5525655 135575
1121.5526933 135575
1122.5528221 135575
1123.5531988 135575
1124.5522089 135575
1125.5527713 135575
1126.5525558 135575
1127.5529088 135575
1128.5531649 135575
1129.5527616 135575
1130.5557545 135575
1131.5628426 135575
1132.5529637 135575
1133.5527954 135575
1134.5524896 135575
1135.5522725 135575
1136.5522078 135575
1137.5528313 135575
1138.5526461 135575
1139.5526948 135575
1140.5521601 135575
1141.5527723 135575
1142.5526938 135575
1143.5518799 135575
1144.5532147 135598
1145.5519692 135598
1146.5809534 135598
1147.555115 135598
1148.5520657 135598
1149.5526173 135598
1150.556768 135598
1151.5515412 135598
1152.5516741 135598
1153.5524341 135598
1154.5519364 135598
1155.5519589 135598
1156.5518183 135598
1157.5523567 135598
1158.5523248 135598
1159.5517824 135598
1160.5514129 135598
1161.5520934 135598
1162.5552156 135598
1163.553986 135598
1164.5523053 135598
1165.5523454 135598
1166.5518968 135598
1167.6480816 135598
1168.7057144 135598
1169.5641645 135598
1170.5520482 135598
1171.5513303 135598
1172.552117 135598
1173.552252 135598
1174.552215 135598
1175.5513883 135598
1176.5515699 135598
1177.5512456 135598
1178.5513575 135598
1179.5521929 135598
1180.5517747 135598
1181.5519569 135598
1182.5519497 135598
1183.5514262 135598
1184.5521247 135598
1185.5512487 135598
1186.5518255 135598
1187.5517644 135598
1188.5553957 135598
1189.5512112 135598
1190.5516053 135598
1191.5521252 135598
1192.55124 135598
1193.5517054 135598
1194.5512348 135598
1195.5519189 135598
1196.5513939 135598
1197.5513098 135598
1198.5517875 135598
1199.5513919 135598
1200.5512749 135598
1201.5514924 135598
1202.5516233 135598
1203.8961051 135598
1205.3890657 135598
1206.000353 135598
1207.163878 135598
1207.7749851 135598
1209.0868119 135598
1210.0691902 135598
1210.8479878 135598
1211.895303 135598
1212.9464752 135598
1214.1650024 135598
1215.1027863 135598
1216.1641279 135598
1217.0736025 135598
1218.0814132 135598
1218.9496667 135598
1219.9905009 135598
1221.0042553 135598
1222.1892683 135598
1223.3232194 135598
1224.1901951 135598
1225.6028146 135598
1225.676394 135598
1228.8766661 135598
1228.9669216 135598
1228.9692181 135598
1231.83122 135598
1231.8715184 135598
1231.8806798 135598
1232.7589091 135598
1233.5512969 135598
1235.15874 135598
1236.1436313 135598
1237.0172774 135598
1237.8520856 135598
1238.6983928 135598
1239.5509618 135598
1240.5508104 135598
1241.5504851 135598
1242.5509367 135598
1243.550735 135598
1244.5506359 135598
1245.5503193 135598
1246.5503008 135598
1247.5532634 135598
1248.5833099 135598
1249.550891 135598
1250.5504476 135598
1251.5500422 135598
1252.5508376 135598
1253.5507894 135598
1254.5509351 135598
1255.5506483 135598
1256.5505436 135598
1257.550384 135598
1258.5509782 135598
1259.5510542 135598
1260.5507083 135598
1261.550522 135598
1262.5505123 135598
1263.5499277 135598
1264.5502059 135598
1265.5508463 135598
1266.5507832 135598
1267.5506873 135598
1268.5507771 135598
1269.5504368 135598
1270.5507216 135598
1271.550036 135598
1272.5507658 135598
1273.5497158 135598
1274.5500637 135598
1275.5502695 135598
1276.5507545 135598
1277.5505851 135598
1278.550482 135598
1279.5496347 135598
1280.5505282 135598
1281.5500997 135598
1282.5631212 135598
1283.5503645 135598
1284.5499606 135598
1285.5503563 135598
1286.5504661 135598
1287.5502582 135598
1288.5506057 135598
1289.5501115 135598
1290.5548749 135598
1291.5537443 135598
1292.5504609 135598
1293.5507468 135598
1294.5501012 135598
1295.5511286 135578
1296.7040481 135578
1297.5945692 135578
1298.5500278 135578
1299.5502115 135578
1300.5495495 135578
1301.5502038 135578
1302.5514432 135578
1303.5499247 135578
1304.5492124 135578
1305.5527359 135578
1306.5509546 135578
1307.5614334 135578
1308.5502629 135578
1309.5500314 135578
1310.550192 135578
1311.5499385 135578
1312.5494284 135578
1313.5568794 135578
1314.5499519 135578
1315.549413 135578
1316.549391 135578
1317.5489363 135578
1318.5496147 135578
1319.5497856 135578
1320.5498231 135578
1321.5489722 135578
1322.5498246 135578
1323.5496922 135578
1324.5486802 135578
1325.5500196 135578
1326.5498015 135578
1327.5493232 135578
1328.5491569 135578
1329.5497784 135578
1330.5491436 135578
1331.5498893 135578
1332.5486607 135578
1333.5492437 135578
1334.5490733 135578
1335.5491231 135578
1336.5495603 135578
1337.5496568 135578
1338.5491477 135578
1339.5485252 135578
1340.5552366 135578
1341.5578883 135578
1342.549627 135578
1343.5493966 135578
1344.5494628 135578
1345.5491359 135597
1346.5485267 135597
1347.5492904 135597
1348.5487926 135597
1349.5525645 135597
1350.5487433 135597
1351.5488962 135597
1352.5489835 135597
1353.5491092 135597
1354.5490543 135597
1355.5492586 135597
1356.5486325 135597
1357.5489855 135597
1358.5488613 135597
1359.5486679 135597
1360.5488962 135597
1361.5491215 135597
1362.5481978 135597
1363.5492411 135597
1364.5486114 135597
1365.5487556 135597
1366.549119 135597
1367.5490266 135597
1368.5484693 135597
1369.5483266 135597
1370.5483748 135597
1371.5521473 135597
1372.55126 135597
1373.5480125 135597
1374.5486119 135597
1375.5479566 135597
1376.5485375 135597
1377.5488341 135597
1378.5487023 135597
1379.5489024 135597
1381.3939605 135597
1382.3205113 135597
1383.2266549 135597
1384.6646431 135597
1385.4208483 135597
1386.2678898 135597
1387.1998317 135597
1388.1397926 135597
1389.5382846 135597
1389.5894292 135597
1391.351635 135597
1391.7927686 135597
1392.9713221 135597
1394.1250083 135597
1394.9468868 135597
1395.8089832 135597
1396.863174 135597
1397.710644 135597
1398.9663355 135597
1399.6335025 135597
1400.5533404 135597
1401.5529863 135597
1402.5484215 135597
1403.5480572 135597
1404.5525706 135597
1405.5604604 135597
1406.5485278 135597
1407.5481311 135597
1408.573387 135597
1409.7062722 135597
1410.7606827 135597
1411.6365714 135597
1412.5477503 135597
1413.5484452 135597
1415.310301 135597
1417.2460615 135597
1417.2659895 135597
1418.3202681 135597
1419.1634623 135597
1420.0370658 135597
1421.3470661 135597
1422.3473273 135597
1423.3606835 135597
1424.8330243 135597
1424.8379448 135597
1426.2034025 135597
1427.3487884 135597
1427.9126358 135597
1428.7942214 135597
1429.710585 135597
1430.5769629 135597
1431.5473711 135597
1432.5473675 135597
1433.547563 135597
1434.5467167 135597
1435.5479155 135597
1436.5480187 135597
1437.5470631 135597
1438.5472623 135597
1439.5479792 135597
1440.5510814 135597
1441.548457 135597
1442.5471909 135597
1443.5517075 135597
1444.5479833 135597
1445.5470965 135597
1446.5469795 135597
1447.5481757 135597
1448.548693 135597
1449.5482825 135597
1450.5477405 135597
1451.5478119 135597
1452.5470272 135597
1453.5470806 135597
1454.5473172 135597
1455.5475599 135597
1456.5476133 135597
1457.547251 135597
1458.5471073 135597
1459.5474003 135597
1460.5467209 135597
1461.546727 135597
1462.5470442 135597
1463.5473321 135597
1464.5467614 135597
1465.5500396 135597
1466.5513421 135597
1467.5470144 135597
1468.5475625 135597
1469.5466793 135597
1470.5467065 135597
1471.5476892 135597
1472.6637327 135597
1473.670982 135597
1474.6352833 135597
1475.5483143 135597
1476.7031361 135597
1477.9155184 135597
1478.6537374 135597
1479.5700759 135597
1481.1066953 135597
1482.7009469 135597
1482.7687889 135597
1484.5686313 135597
1484.6193402 135597
1486.5816246 135597
1486.6029798 135597
1487.5472438 135597
1488.7226977 135597
1490.1460648 135597
1491.2599616 135597
1492.2233664 135597
1492.9312588 135597
1494.3108127 135597
1494.7664139 135597
1495.6553288 135597
1496.5466244 135577
1497.8206786 135577
1499.1347398 135577
1500.7446 135577
1500.7750549 135577
1501.579769 135577
1502.8148119 135577
1503.7997037 135577
1504.7168007 135577
1505.6490926 135577
1506.5464247 135577
1507.5461035 135577
1508.5464494 135577
1509.5459772 135577
1510.5467352 135577
1511.5472525 135577
1512.5465305 135577
1513.5480438 135577
1514.5466069 135577
1515.7294548 135577
1517.1797354 135577
1519.1273741 135577
1519.1575458 135577
1520.3428508 135577
1521.2989668 135577
1522.2970603 135577
1522.7899409 135577
1523.758184 135577
1524.718195 135577
1525.6538626 135577
1526.5863382 135577
1527.5460265 135577
1528.5461066 135577
1529.5805998 135577
1530.5634117 135577
1531.5459767 135577
1532.5460214 135577
1533.546084 135577
1535.0177192 135577
1535.5554245 135577
1536.5465371 135577
1537.5466136 135577
1538.5465443 135577
1539.5462174 135577
1540.5739479 135577
1541.956235 135577
1542.5462934 135577
1543.6791786 135577
1544.8076566 135577
1545.7584195 135577
1546.7432154 135594
1547.6964278 135594
1548.5456775 135594
1549.5453789 135594
1550.9233388 135594
1551.5453101 135594
1552.5474645 135594
1553.5484056 135594
1554.5451243 135594
1555.5453789 135594
1556.5451325 135594
1557.5453214 135594
1558.5455046 135594
1559.5456503 135594
1560.5457586 135594
1561.5451987 135594
1562.5451053 135594
1563.5455949 135594
1564.5447394 135594
1565.9406506 135594
1566.5457725 135594
1567.5456586 135594
1568.5848546 135594
1570.2371382 135594
1571.5263161 135594
1571.570469 135594
1572.825499 135594
1574.3200367 135594
1576.1931418 135594
1576.2422008 135594
1577.3407483 135594
1578.4940526 135594
1579.5415664 135594
1580.7157692 135594
1580.7461103 135594
1582.0289795 135594
1582.8816923 135594
1583.7057626 135594
1584.7597995 135594
1586.0655501 135594
1588.4042883 135594
1588.4515599 135594
1590.3851681 135594
1590.4344662 135594
1591.5819808 135594
1591.5845339 135594
1593.6309433 135594
1593.6328528 135594
1595.0976196 135594
1596.4631291 135594
1597.4643772 135594
1598.6857751 135594
1598.6885186 135594
1600.4841287 135594
1601.4742129 135594
1601.9408908 135594
1602.8252121 135594
1603.7366615 135594
1604.5452608 135594
1605.5756527 135594
1606.5448836 135594
1607.5520559 135594
1608.5527036 135594
1609.7399115 135594
1610.9075973 135594
1612.0469769 135594
1612.926131 135594
1613.7628221 135594
1614.6326512 135594
1615.5460845 135594
1616.8163433 135594
1619.483187 135594
1619.5644052 135594
1619.5666191 135594
1621.4334875 135594
1622.8216311 135594
1622.8778968 135594
1624.2220044 135594
1625.4144222 135594
1626.7048922 135594
1626.7630505 135594
1628.073581 135594
1629.3735065 135594
1630.8065034 135594
1630.8454024 135594
1632.2489348 135594
1633.4471111 135594
1634.6608476 135594
1634.6997132 135594
1635.9174346 135594
1637.1505013 135594
1638.451954 135594
1639.6523862 135594
1639.6801465 135594
1641.0443971 135594
1642.3639366 135594
1644.3108778 135594
1644.3361399 135594
1644.8357848 135594
1646.0554907 135594
1646.9926383 135594
1647.953568 135594
1649.078446 135594
1649.6804759 135594
1650.6856796 135594
1652.0701149 135594
1652.6408005 135594
1653.8813736 135594
1654.7674162 135594
1655.6439156 135594
1656.5490923 135594
1657.5441175 135594
1658.5449606 135594
1660.0947211 135594
1660.5672878 135594
1661.5450145 135594
1662.9430205 135594
1664.5648948 135594
1664.5925976 135594
1665.89005 135594
1667.1232393 135594
1668.7065483 135594
1668.7695982 135594
1670.379716 135594
1671.3728788 135594
1672.7912177 135594
1672.8358915 135594
1673.6830193 135594
1675.1200427 135594
1676.3347851 135594
1677.5637909 135594
1677.5847622 135594
1678.5433205 135594
1679.543534 135594
1680.5438265 135594
1681.5433179 135594
1682.542992 135594
1683.5430757 135594
1684.5435453 135594
1685.5443715 135594
1686.5430649 135594
1687.5435796 135594
1688.5438994 135594
1689.5432435 135594
1690.5429079 135594
1691.8722517 135594
1692.8246743 135594
1694.2714395 135594
1695.2670534 135594
1696.4244524 135594
1697.7042564 135594
1697.7358188 135574
1698.9516004 135574
1700.264725 135574
1701.3961482 135574
1702.3556184 135574
1703.3442421 135574
1704.635777 135574
1704.6906714 135574
1705.9332068 135574
1707.3703591 135574
1707.9767927 135574
1709.073661 135574
1709.6740488 135574
1710.9856498 135574
1712.2013118 135574
1713.4287396 135574
1715.0816724 135574
1715.1043895 135574
1715.6972437 135574
1716.8640474 135574
1717.8076032 135574
1718.8301218 135574
1720.0663163 135574
1720.9642027 135574
1721.9030798 135574
1722.7934018 135574
1723.7340771 135574
1724.6414651 135574
1725.572219 135574
1726.5422726 135574
1727.54297 135574
1728.5429202 135574
1729.5424994 135574
1730.5424609 135574
1731.6096061 135574
1732.6202731 135574
1733.5456401 135574
1734.5431008 135574
1735.5422002 135574
1736.5447035 135574
1737.6720207 135574
1738.5427149 135574
1739.5428868 135574
1740.5425492 135574
1741.5423064 135574
1742.5426154 135574
1743.5429695 135574
1744.542563 135574
1745.5763712 135574
1746.5451649 135574
1747.543634 135589
1748.5427565 135589
1749.5426031 135589
1750.5426113 135589
1751.6317772 135589
1752.5427816 135589
1753.5949818 135589
1754.5426821 135589
1755.5424835 135589
1756.5440928 135589
1757.5420596 135589
1758.5483153 135589
1759.5427062 135589
1760.7078846 135589
1761.7286866 135589
1762.6325542 135589
1763.5424127 135589
1764.5419616 135589
1765.542777 135589
1766.5423742 135589
1767.5741383 135589
1768.6857063 135589
1770.122099 135589
1771.9651752 135589
1772.0396835 135589
1772.9470105 135589
1774.2269454 135589
1774.7703229 135589
1776.3298729 135589
1777.434343 135589
1778.4848938 135589
1779.3958664 135589
1780.8526203 135589
1780.8835023 135589
1782.0636016 135589
1783.012884 135589
1783.5496342 135589
1784.5423649 135589
1785.5415218 135589
1786.6050141 135589
1788.0127362 135589
1788.9646333 135589
1789.834021 135589
1790.8457205 135589
1791.7093585 135589
1792.712084 135589
1793.7451527 135589
1794.7973934 135589
1795.7495835 135589
1796.6915089 135589
1797.541337 135589
1798.5411436 135589
1799.6385518 135589
1800.7577118 135589
1801.7103279 135589
1802.635098 135589
1803.5411872 135589
1804.5419287 135589
1805.5422028 135589
1806.5422053 135589
1807.5410322 135589
1808.6703816 135589
1809.6117943 135589
1810.5414443 135589
1811.5411425 135589
1812.5418225 135589
1813.5409855 135589
1814.5409809 135589
1815.54149 135589
1816.5800835 135589
1817.5410866 135589
1818.5416927 135589
1819.5416008 135589
1820.5417014 135589
1821.5454836 135589
1822.5410815 135589
1823.5417388 135589
1824.5414843 135589
1825.5406899 135589
1826.5412118 135589
1827.5413437 135589
1828.5409136 135589
1829.5415423 135589
1830.5409229 135589
1831.541045 135589
1832.5416963 135589
1833.5410563 135589
1834.5414997 135589
1835.5408439 135589
1836.5414884 135589
1837.5412677 135589
1838.5410614 135589
1839.5410409 135589
1840.5402542 135589
1841.5408823 135589
1842.5954206 135589
1843.7278439 135589
1844.726463 135589
1845.6485563 135589
1846.5413581 135589
1847.5699112 135589
1848.5404379 135589
1849.9385096 135589
1850.7015955 135589
1851.7127804 135589
1852.6174214 135589
1853.5400638 135589
1854.5406986 135589
1855.5408562 135589
1856.8367034 135589
1857.5491446 135589
1858.7876444 135589
1860.0071527 135589
1860.9090045 135589
1861.7789654 135589
1862.84924 135589
1863.5593832 135589
1864.5406222 135589
1865.5409357 135589
1866.5717776 135589
1867.8214007 135589
1868.6882148 135589
1869.7353318 135589
1870.560368 135589
1871.5408177 135589
1872.5400084 135589
1873.5405247 135589
1874.5399658 135589
1875.539877 135589
1876.5600016 135589
1877.6548485 135589
1878.7801899 135589
1879.8663655 135589
1880.7534401 135589
1881.7407988 135589
1882.6676961 135589
1883.5602951 135589
1884.5401121 135589
1885.5405406 135589
1886.5398893 135589
1887.5402732 135589
1888.5407263 135589
1889.5395511 135589
1890.5404076 135589
1891.5397287 135589
1892.5684117 135589
1893.6448855 135589
1894.5407884 135589
1895.5400736 135589
1896.8875842 135589
1897.7759936 135589
1898.6568725 135569
1899.5598851 135569
1900.5401418 135569
1901.5793302 135569
1902.6180757 135569
1903.7346673 135569
1904.6146065 135569
1905.6574072 135569
1907.2144031 135569
1908.6063535 135569
1910.5400597 135569
1911.8639432 135569
1913.0857578 135569
1914.1216916 135569
1915.2151118 135569
1916.3970134 135569
1917.2626867 135569
1917.6951027 135569
1918.5746191 135569
1919.5871819 135569
1920.7828728 135569
1921.6969574 135569
1922.6482566 135569
1923.667403 135569
1924.6359314 135569
1925.7691271 135569
1926.648156 135569
1927.6640478 135569
1928.895033 135569
1930.0378838 135569
1931.1794819 135569
1932.4466949 135569
1933.278775 135569
1934.3934314 135569
1935.6017502 135569
1935.629027 135569
1936.5396204 135569
1937.786813 135569
1939.1934277 135569
1940.5004957 135569
1941.4198707 135569
1942.2732757 135569
1943.3240621 135569
1944.1785982 135569
1945.0253179 135569
1946.0289046 135569
1947.052118 135569
1947.9178215 135569
1948.9895222 135569
1950.0777952 135569
1951.1003159 135586
1951.9469766 135586
1952.9114899 135586
1953.8502222 135586
1954.7787535 135586
1956.5452326 135586
1956.5471268 135586
1957.9825547 135586
1959.8502746 135586
1959.8832852 135586
1960.7517512 135586
1962.7169003 135586
1964.3109748 135586
1964.902641 135586
1964.9050853 135586
1965.802184 135586
1966.6947553 135586
1967.63753 135586
1968.5386105 135586
1969.5391693 135586
1970.5386228 135586
1971.5389918 135586
1972.5392879 135586
1973.5390959 135586
1974.6000947 135586
1975.5386957 135586
1976.5384719 135586
1977.5386033 135586
1978.5388373 135586
1979.5391349 135586
1980.537756 135586
1981.5387172 135586
1982.5391262 135586
1983.5385853 135586
1984.5414556 135586
1985.5380537 135586
1986.5387244 135586
1987.5405123 135586
1988.5445383 135586
1989.5398226 135586
1990.5380336 135586
1991.5377678 135586
1992.6360361 135586
1993.7507741 135586
1994.859691 135586
1995.8497183 135586
1996.7293152 135586
1997.5595402 135586
1998.5382353 135586
1999.5380798 135586
2000.5379351 135586
2001.5428104 135586
2002.5378638 135586
2003.538982 135586
2004.6461069 135586
2005.5885655 135586
2006.5851471 135586
2007.554842 135586
2008.73351 135586
2009.7901518 135586
2011.1367905 135586
2011.928233 135586
2012.903769 135586
2013.9700566 135586
2014.770077 135586
2015.6703929 135586
2017.0895985 135586
2017.8875575 135586
2018.8325266 135586
2019.8077377 135586
2020.9021093 135586
2021.5600514 135586
2022.5377293 135586
2023.5382076 135586
2024.5376246 135586
2025.5512153 135586
2026.5380557 135586
2027.5373506 135586
2028.9975644 135586
2029.5380336 135586
2030.5446999 135586
2031.7823006 135586
2033.1520167 135586
2034.1696723 135586
2036.8356688 135586
2036.8944429 135586
2036.897815 135586
2038.463163 135586
2039.0933694 135586
2039.9208093 135586
2041.1683283 135586
2041.604137 135586
2042.5379074 135586
2043.5374697 135586
2044.5369539 135586
2045.5378345 135586
2046.5374568 135586
2047.5374307 135586
2048.5372829 135586
2049.5379444 135586
2050.5370981 135586
2051.5376139 135586
2052.5375389 135586
2053.5378664 135586
2054.5374845 135586
2055.5370232 135586
2056.5379043 135586
2057.53723 135586
2058.5372187 135586
2059.5376703 135586
2060.5374614 135586
2061.5375677 135586
2062.5378438 135586
2063.5374004 135586
2064.5370884 135586
2065.5366752 135586
2066.5369041 135586
2067.5371125 135586
2068.5370904 135586
2069.5375733 135586
2070.5378843 135586
2071.53719 135586
2072.5368354 135586
2073.5372382 135586
2074.5376544 135586
