4.6E-09
7.9E-09
1.06E-08
7.7E-09
1E-08
1.12E-08
7.7E-09
1.83E-06
3.5171E-06
5.0248E-06
6.3752E-06
7.5794E-06
8.656E-06
9.6094E-06
1.0455E-05
1.12073E-05
1.18698E-05
1.24573E-05
1.29754E-05
1.34271E-05
1.38246E-05
1.41742E-05
1.44765E-05
1.47365E-05
1.49729E-05
1.51681E-05
1.53379E-05
1.54854E-05
1.56104E-05
1.57144E-05
1.58058E-05
1.58779E-05
1.59394E-05
1.59887E-05
1.60275E-05
1.60573E-05
1.60825E-05
1.60973E-05
1.61079E-05
1.61123E-05
1.61121E-05
1.61102E-05
1.61023E-05
1.60898E-05
1.6075E-05
1.60583E-05
1.60408E-05
1.6021E-05
1.59965E-05
1.59727E-05
1.59479E-05
1.59225E-05
1.5896E-05
1.58702E-05
1.58383E-05
1.58083E-05
1.578E-05
1.57502E-05
1.57148E-05
1.56873E-05
1.56517E-05
1.56233E-05
1.55873E-05
1.55569E-05
1.55215E-05
1.54896E-05
1.54583E-05
1.54229E-05
1.53904E-05
1.53571E-05
1.53254E-05
1.529E-05
1.52575E-05
1.52198E-05
1.51881E-05
1.51517E-05
1.51202E-05
1.5085E-05
1.50494E-05
1.50175E-05
1.49819E-05
1.49502E-05
1.49144E-05
1.48802E-05
1.48473E-05
1.48125E-05
1.47775E-05
1.47433E-05
1.4709E-05
1.46723E-05
1.46373E-05
1.46058E-05
1.45704E-05
1.45356E-05
1.45021E-05
1.44677E-05
1.44333E-05
1.43994E-05
1.43623E-05
1.43321E-05
1.42944E-05
1.42604E-05
1.42277E-05
1.41896E-05
1.4155E-05
1.41229E-05
1.40881E-05
1.40556E-05
1.40204E-05
1.39842E-05
1.39477E-05
1.39156E-05
1.38825E-05
1.38477E-05
1.38144E-05
1.37771E-05
1.37446E-05
1.37081E-05
1.36773E-05
1.36408E-05
1.36054E-05
1.35721E-05
1.35377E-05
1.35023E-05
1.34683E-05
1.34321E-05
1.33998E-05
1.33642E-05
1.33304E-05
1.32973E-05
1.32617E-05
1.32256E-05
1.31956E-05
1.31588E-05
1.31277E-05
1.30894E-05
1.30542E-05
1.30206E-05
1.29877E-05
1.29519E-05
1.29171E-05
1.28819E-05
1.28498E-05
1.28148E-05
1.278E-05
1.27446E-05
1.27092E-05
1.26754E-05
1.26419E-05
1.26063E-05
1.25719E-05
1.25377E-05
1.25044E-05
1.24673E-05
1.24358E-05
1.23996E-05
1.23648E-05
1.23306E-05
1.2295E-05
1.22623E-05
1.22288E-05
1.21921E-05
1.21598E-05
1.21252E-05
1.20898E-05
1.20552E-05
1.20202E-05
1.19877E-05
1.19531E-05
1.19171E-05
1.18846E-05
1.18502E-05
1.18154E-05
1.17792E-05
1.17454E-05
1.17094E-05
1.16783E-05
1.16429E-05
1.16102E-05
1.15752E-05
1.15398E-05
1.15027E-05
1.14729E-05
1.14373E-05
1.13998E-05
1.13652E-05
1.13321E-05
1.12969E-05
1.12658E-05
1.12294E-05
1.11944E-05
1.116E-05
1.11254E-05
1.10904E-05
1.10579E-05
1.10254E-05
1.09883E-05
1.09515E-05
1.09169E-05
1.08848E-05
1.0851E-05
1.08158E-05
1.0781E-05
1.07446E-05
1.07119E-05
1.06767E-05
1.06425E-05
1.06069E-05
1.05754E-05
1.05398E-05
1.05069E-05
1.04698E-05
1.04356E-05
1.04029E-05
1.03679E-05
1.03319E-05
1.02294E-05
1.02042E-05
1.01771E-05
1.01463E-05
1.01179E-05
1.009E-05
1.006E-05
1.00304E-05
9.9996E-06
9.9706E-06
9.9358E-06
9.9046E-06
9.8704E-06
9.8373E-06
9.8046E-06
9.7723E-06
9.7377E-06
9.7054E-06
9.6719E-06
9.6398E-06
9.6073E-06
9.5708E-06
9.5373E-06
9.5006E-06
9.4704E-06
9.4379E-06
9.4E-06
9.3667E-06
9.3354E-06
9.2973E-06
9.265E-06
9.23E-06
9.1954E-06
9.1598E-06
9.1308E-06
9.0921E-06
9.06E-06
9.0246E-06
8.9892E-06
8.9575E-06
8.9208E-06
8.8875E-06
8.85E-06
8.8173E-06
8.7829E-06
8.7483E-06
8.7144E-06
8.679E-06
8.6456E-06
8.6119E-06
8.5773E-06
8.5423E-06
8.5079E-06
8.4727E-06
8.4375E-06
8.4044E-06
8.3696E-06
8.3342E-06
8.301E-06
8.2669E-06
8.2323E-06
8.1942E-06
8.1629E-06
8.1275E-06
8.0958E-06
8.0598E-06
8.0258E-06
7.9892E-06
7.9575E-06
7.9229E-06
7.8871E-06
7.8546E-06
7.8169E-06
7.7852E-06
7.7485E-06
7.7152E-06
7.6802E-06
7.6458E-06
7.6129E-06
7.5769E-06
7.5429E-06
7.5094E-06
7.4752E-06
7.441E-06
7.4044E-06
7.3704E-06
7.3352E-06
7.3031E-06
7.2673E-06
7.2317E-06
7.1979E-06
7.1629E-06
7.1298E-06
7.0944E-06
7.0592E-06
7.0277E-06
6.9923E-06
6.9575E-06
6.9221E-06
6.8879E-06
6.8554E-06
6.8212E-06
6.7854E-06
6.7504E-06
6.7138E-06
6.6831E-06
6.6471E-06
6.6121E-06
6.5779E-06
6.5431E-06
6.5069E-06
6.4744E-06
6.4404E-06
6.4046E-06
6.3719E-06
6.3373E-06
6.3023E-06
6.2681E-06
6.2354E-06
6.1994E-06
6.1679E-06
6.1331E-06
6.0944E-06
6.0625E-06
6.0269E-06
5.9898E-06
5.9569E-06
5.9231E-06
5.8904E-06
5.8552E-06
5.8219E-06
5.7856E-06
5.7492E-06
5.7175E-06
5.6835E-06
5.6508E-06
5.6133E-06
5.58E-06
5.545E-06
5.5098E-06
5.4746E-06
5.4429E-06
5.4071E-06
5.3723E-06
5.3377E-06
5.3048E-06
5.2687E-06
5.2348E-06
5.2002E-06
5.164E-06
5.1294E-06
5.0954E-06
5.0623E-06
5.0273E-06
4.9929E-06
4.9581E-06
4.9248E-06
4.8875E-06
4.8542E-06
4.82E-06
4.7858E-06
4.7519E-06
4.7175E-06
4.6825E-06
4.6504E-06
4.6125E-06
4.5777E-06
4.5448E-06
4.5102E-06
4.4779E-06
4.4394E-06
4.4071E-06
4.3731E-06
4.3377E-06
4.3052E-06
4.2671E-06
4.2321E-06
4.1998E-06
4.1654E-06
4.13E-06
4.0975E-06
4.0604E-06
4.0281E-06
3.9921E-06
3.9594E-06
3.9252E-06
3.89E-06
3.8517E-06
3.8229E-06
3.785E-06
3.756E-06
3.7196E-06
3.6825E-06
3.6485E-06
3.6146E-06
3.5775E-06
3.545E-06
3.5125E-06
3.4754E-06
3.4429E-06
3.4079E-06
3.3725E-06
3.3363E-06
3.3025E-06
3.2675E-06
3.2356E-06
3.2035E-06
3.1677E-06
3.1296E-06
3.0998E-06
3.0662E-06
3.0298E-06
2.9946E-06
2.9604E-06
2.9279E-06
2.8898E-06
2.8573E-06
2.8215E-06
2.7865E-06
2.7546E-06
2.7187E-06
2.6846E-06
2.65E-06
2.6152E-06
2.5806E-06
2.5448E-06
2.5121E-06
2.4779E-06
2.4452E-06
2.4108E-06
2.3752E-06
2.3402E-06
2.3077E-06
2.2708E-06
2.2369E-06
2.2021E-06
2.1675E-06
2.1331E-06
2.0977E-06
2.0631E-06
2.0275E-06
1.995E-06
1.9623E-06
1.9258E-06
1.8894E-06
1.8571E-06
1.8231E-06
1.7883E-06
1.7548E-06
1.7198E-06
1.6852E-06
1.65E-06
1.6146E-06
1.58E-06
1.5471E-06
1.5133E-06
1.48E-06
1.4433E-06
1.4092E-06
1.3752E-06
1.3377E-06
1.305E-06
1.2729E-06
1.2348E-06
1.2029E-06
1.1677E-06
1.1333E-06
1.1008E-06
1.064E-06
1.0292E-06
9.952E-07
9.619E-07
9.256E-07
8.923E-07
8.598E-07
8.225E-07
7.908E-07
7.581E-07
7.208E-07
6.85E-07
6.494E-07
6.179E-07
5.825E-07
5.504E-07
5.106E-07
4.806E-07
4.438E-07
4.112E-07
3.756E-07
3.398E-07
3.042E-07
2.704E-07
2.4E-07
2.079E-07
1.756E-07
1.502E-07
1.21E-07
9.27E-08
6.75E-08
4.54E-08
2.27E-08
-5E-09
-2.56E-08
-4.04E-08
-5.44E-08
-6.96E-08
-8.27E-08
-9.52E-08
-1.048E-07
-1.175E-07
-1.252E-07
-1.319E-07
-1.4E-07
-1.452E-07
-1.529E-07
-1.583E-07
-1.627E-07
-1.665E-07
-1.723E-07
-1.752E-07
-1.775E-07
-1.8E-07
-1.825E-07
-1.852E-07
-1.875E-07
-1.881E-07
-1.875E-07
-1.904E-07
-1.923E-07
-1.921E-07
-1.933E-07
-1.952E-07
-1.948E-07
-1.919E-07
-1.952E-07
-1.96E-07
-1.946E-07
-1.985E-07
-1.977E-07
-1.927E-07
-1.954E-07
-1.956E-07
-1.954E-07
-1.948E-07
-1.923E-07
-1.931E-07
-1.921E-07
-1.952E-07
-1.927E-07
-1.925E-07
-1.931E-07
-1.904E-07
-1.927E-07
-1.898E-07
-1.873E-07
-1.865E-07
-1.904E-07
-1.881E-07
-1.873E-07
-1.873E-07
-1.852E-07
-1.877E-07
-1.846E-07
-1.875E-07
-1.842E-07
-1.831E-07
-1.819E-07
-1.825E-07
-1.831E-07
-1.804E-07
-1.825E-07
-1.806E-07
-1.802E-07
-1.796E-07
-1.779E-07
-1.771E-07
-1.775E-07
-1.775E-07
-1.771E-07
-1.779E-07
-1.754E-07
-1.756E-07
-1.733E-07
-1.754E-07
-1.721E-07
-1.754E-07
-1.727E-07
-1.729E-07
-1.704E-07
-1.723E-07
-1.717E-07
-1.698E-07
-1.671E-07
-1.671E-07
-1.675E-07
-1.673E-07
-1.685E-07
-1.654E-07
-1.64E-07
-1.648E-07
-1.619E-07
-1.623E-07
-1.65E-07
-1.598E-07
-1.594E-07
-1.606E-07
-1.592E-07
-1.598E-07
-1.573E-07
-1.577E-07
-1.55E-07
-1.571E-07
-1.546E-07
-1.556E-07
-1.569E-07
-1.552E-07
-1.55E-07
-1.552E-07
-1.525E-07
-1.515E-07
-1.523E-07
-1.529E-07
-1.504E-07
-1.5E-07
-1.508E-07
-1.506E-07
-1.469E-07
-1.477E-07
-1.473E-07
-1.479E-07
-1.444E-07
-1.452E-07
-1.477E-07
-1.477E-07
-1.427E-07
-1.421E-07
-1.444E-07
-1.425E-07
-1.425E-07
-1.429E-07
-1.433E-07
-1.404E-07
-1.4E-07
-1.373E-07
-1.367E-07
-1.381E-07
-1.373E-07
-1.373E-07
-1.373E-07
-1.348E-07
-1.352E-07
-1.346E-07
-1.325E-07
-1.317E-07
-1.327E-07
-1.325E-07
-1.302E-07
-1.298E-07
-1.279E-07
-1.296E-07
-1.283E-07
-1.277E-07
-1.273E-07
-1.256E-07
-1.256E-07
-1.242E-07
-1.223E-07
-1.254E-07
-1.231E-07
-1.194E-07
-1.192E-07
-1.215E-07
-1.202E-07
-1.173E-07
-1.169E-07
-1.2E-07
-1.15E-07
-1.144E-07
-1.146E-07
-1.138E-07
-1.148E-07
-1.146E-07
-1.121E-07
-1.133E-07
-1.096E-07
-1.102E-07
-1.1E-07
-1.09E-07
-1.083E-07
-1.075E-07
-1.077E-07
-1.067E-07
-1.054E-07
-1.054E-07
-1.046E-07
-1.044E-07
-1.025E-07
-1.025E-07
-1.052E-07
-1.027E-07
-1.004E-07
-9.9E-08
-1.023E-07
-1.006E-07
-1.002E-07
-1.027E-07
-1.006E-07
-1E-07
-9.94E-08
-1E-07
-1E-07
-1.017E-07
-1.004E-07
-9.98E-08
-9.98E-08
-1E-07
-1.004E-07
-1E-07
-9.81E-08
-9.96E-08
-1.006E-07
-9.98E-08
-1.008E-07
-1.004E-07
-1.006E-07
-1.004E-07
-9.98E-08
-1.01E-07
-9.96E-08
-1.004E-07
-9.98E-08
-9.98E-08
-1.012E-07
-9.92E-08
-9.98E-08
-1.017E-07
-1.031E-07
-1E-07
-1.008E-07
-1.008E-07
-1.01E-07
-1.012E-07
-9.9E-08
-9.98E-08
-1E-07
-1.006E-07
-9.98E-08
-1.002E-07
-9.92E-08
-9.75E-08
-9.92E-08
-1.027E-07
-1.002E-07
-9.98E-08
-9.92E-08
-1.006E-07
-1.002E-07
-9.98E-08
-9.98E-08
-1.006E-07
-9.98E-08
-1.021E-07
-1.002E-07
-9.98E-08
-1.002E-07
-1E-07
-1.002E-07
-9.77E-08
-1.004E-07
-9.85E-08
-9.94E-08
-9.96E-08
-9.79E-08
-9.92E-08
-9.81E-08
-9.94E-08
-1.012E-07
-9.98E-08
-1.006E-07
-9.71E-08
-1E-07
-9.83E-08
-9.81E-08
-9.92E-08
-9.96E-08
-1.023E-07
-1.002E-07
-9.81E-08
-9.96E-08
-9.83E-08
-1E-07
-9.96E-08
-9.98E-08
-1E-07
-9.96E-08
-1E-07
-1.004E-07
-9.98E-08
-1.002E-07
-1E-07
-1.006E-07
-1.004E-07
-9.88E-08
-0.994305905
-0.986756285
-0.98646911
-0.986166605
-0.986167255
-0.986756285
-0.987061525
-0.986754335
-0.986756155
-0.986755895
-0.986471455
-0.98647002
-0.986166475
-1E-07
-1.004E-07
-9.96E-08
-9.79E-08
-1.006E-07
-1E-07
-1.006E-07
-1.008E-07
-9.96E-08
-9.96E-08
-9.75E-08
-9.92E-08
-9.96E-08
-1E-07
-1.023E-07
-1.002E-07
-1.021E-07
-1.002E-07
-9.75E-08
-9.71E-08
-9.94E-08
-1.029E-07
-1.002E-07
-1.025E-07
-1.031E-07
-1.004E-07
-9.94E-08
-1.002E-07
-9.98E-08
-1.021E-07
-1.029E-07
-1.002E-07
-1.004E-07
-1E-07
-9.94E-08
-1.029E-07
-1.027E-07
-1.021E-07
-1.031E-07
-9.96E-08
-1E-07
-1.002E-07
-1.021E-07
-1.002E-07
-1.002E-07
-1.027E-07
-9.98E-08
-9.9E-08
-9.94E-08
-9.9E-08
-9.88E-08
-1.023E-07
-1.025E-07
-1.004E-07
-9.96E-08
-1.025E-07
-1.006E-07
-1.023E-07
-1.004E-07
-1.031E-07
-9.94E-08
-1.027E-07
-1.004E-07
-9.96E-08
-1.006E-07
-1.021E-07
-1E-07
-1.004E-07
-1E-07
-1E-07
-1.01E-07
-1.006E-07
-9.94E-08
-9.73E-08
-9.67E-08
-9.67E-08
-9.94E-08
-9.75E-08
-9.77E-08
-9.77E-08
-9.75E-08
-9.75E-08
-9.79E-08
-9.75E-08
-9.77E-08
-9.77E-08
-1E-07
-9.81E-08
-9.71E-08
-9.85E-08
-9.77E-08
-9.98E-08
-9.79E-08
-9.75E-08
-9.73E-08
-9.83E-08
-9.73E-08
-1.002E-07
-9.77E-08
-9.79E-08
-1.002E-07
-9.77E-08
-9.77E-08
-1E-07
-1.004E-07
-1.002E-07
-9.81E-08
-9.9E-08
-9.71E-08
-9.81E-08
-9.77E-08
-1.002E-07
-9.96E-08
-9.96E-08
-1.023E-07
-1.002E-07
-9.98E-08
-1E-07
-1.002E-07
-9.77E-08
-9.81E-08
-9.92E-08
-9.96E-08
-9.98E-08
-9.98E-08
-9.94E-08
-9.94E-08
-9.98E-08
-9.94E-08
-1E-07
-1.006E-07
-9.98E-08
-1.01E-07
-9.98E-08
-9.98E-08
-9.92E-08
-1.01E-07
-9.98E-08
-1.025E-07
-1.027E-07
-1.002E-07
-1E-07
-1.002E-07
-1E-07
-1E-07
-1.004E-07
-1.019E-07
-1.006E-07
-9.92E-08
-1.002E-07
-1.025E-07
-1.027E-07
-1.021E-07
-9.98E-08
-1.025E-07
-1.006E-07
-1.021E-07
-9.98E-08
-1.002E-07
-1.025E-07
-9.98E-08
-1.006E-07
-1.006E-07
-1E-07
-1E-07
-1E-07
-1.019E-07
-1.017E-07
-1.006E-07
-1.019E-07
-9.96E-08
-1.025E-07
-1.004E-07
-1.031E-07
-1.004E-07
-1.002E-07
-1.023E-07
-9.96E-08
-9.98E-08
-1.029E-07
-1.008E-07
-1.029E-07
-1.031E-07
-9.98E-08
-1.027E-07
-9.96E-08
-1.019E-07
-1.023E-07
-1.031E-07
-1.025E-07
-1.021E-07
-1.006E-07
-1.033E-07
-1.023E-07
-1.025E-07
-1.023E-07
-1.023E-07
-1.021E-07
-1.002E-07
-1.015E-07
-1.029E-07
-1.025E-07
-1.029E-07
-1.021E-07
-1.021E-07
-1.019E-07
-1.025E-07
-1.004E-07
-1.027E-07
-1.019E-07
-1.025E-07
-1.033E-07
-1E-07
-1.031E-07
-1.006E-07
-9.9E-08
-1.029E-07
-1.025E-07
-1.025E-07
-1.023E-07
-9.94E-08
-1E-07
-1.021E-07
-1.029E-07
-1.004E-07
-1E-07
-1.019E-07
-1.027E-07
-1.033E-07
-1E-07
-1.006E-07
-1E-07
-1.027E-07
-1.021E-07
-1.019E-07
-1.004E-07
-1.017E-07
-1.029E-07
-1.004E-07
-1.017E-07
-1.025E-07
-1.029E-07
-9.98E-08
-1.029E-07
-1.027E-07
-1.006E-07
-9.9E-08
-1.017E-07
-1.012E-07
-1.031E-07
-1.025E-07
-1.031E-07
-1.027E-07
-9.98E-08
-1.021E-07
-1.027E-07
-1.019E-07
-9.96E-08
-1E-07
-9.9E-08
-9.92E-08
-1.008E-07
-1.006E-07
-1.008E-07
-9.94E-08
-9.94E-08
-9.94E-08
-9.77E-08
-9.77E-08
-1E-07
-9.81E-08
-1.006E-07
-9.77E-08
-1.004E-07
-9.77E-08
-9.83E-08
-9.73E-08
-9.83E-08
-1.002E-07
-9.77E-08
-9.77E-08
-9.73E-08
-9.56E-08
-9.69E-08
-9.56E-08
-9.52E-08
-9.75E-08
-9.81E-08
-9.85E-08
-9.46E-08
-9.81E-08
-9.77E-08
-9.83E-08
-9.52E-08
-9.81E-08
-9.31E-08
-9.44E-08
-9.52E-08
-9.5E-08
-9.48E-08
-9.44E-08
-9.6E-08
-9.48E-08
-9.5E-08
-9.48E-08
-9.46E-08
-9.56E-08
-9.62E-08
-9.46E-08
-9.48E-08
-9.48E-08
-9.21E-08
-9.54E-08
-9.5E-08
-9.44E-08
-9.56E-08
-9.56E-08
-9.46E-08
-9.46E-08
-9.5E-08
-9.5E-08
-9.52E-08
-9.23E-08
-9.44E-08
-9.48E-08
-9.5E-08
-9.5E-08
-9.48E-08
-9.77E-08
-9.5E-08
-9.58E-08
-9.54E-08
-9.46E-08
-9.27E-08
-9.67E-08
-9.52E-08
-9.44E-08
-9.5E-08
-9.6E-08
-9.48E-08
-9.79E-08
-9.52E-08
-9.5E-08
-9.52E-08
-9.5E-08
-9.23E-08
-9.44E-08
-9.48E-08
-9.52E-08
-9.58E-08
-9.48E-08
-9.5E-08
-9.52E-08
-9.73E-08
-9.52E-08
-9.5E-08
-9.5E-08
-9.58E-08
-9.48E-08
-9.6E-08
-9.46E-08
-9.21E-08
-9.46E-08
-9.46E-08
-9.56E-08
-9.56E-08
-9.54E-08
-9.5E-08
-9.58E-08
-9.31E-08
-9.52E-08
-9.54E-08
-9.23E-08
-9.54E-08
-9.48E-08
-9.62E-08
-9.44E-08
-9.44E-08
-9.42E-08
-9.56E-08
-9.56E-08
-9.33E-08
-9.4E-08
-9.5E-08
-9.56E-08
-9.31E-08
-9.42E-08
-9.48E-08
-9.56E-08
-9.48E-08
-9.44E-08
-9.56E-08
-9.48E-08
-9.46E-08
-9.54E-08
-9.5E-08
-9.48E-08
-9.5E-08
-9.75E-08
-9.5E-08
-9.77E-08
-9.5E-08
-9.6E-08
-9.48E-08
-9.56E-08
-9.52E-08
-9.5E-08
-9.79E-08
-9.56E-08
-9.4E-08
-9.77E-08
-9.67E-08
-9.46E-08
-9.4E-08
-9.77E-08
-9.44E-08
-9.44E-08
-9.63E-08
-9.81E-08
-9.54E-08
-9.54E-08
-9.54E-08
-9.54E-08
-9.42E-08
-9.42E-08
-9.42E-08
-9.44E-08
-9.69E-08
-9.69E-08
-9.69E-08
-9.81E-08
-9.79E-08
-9.56E-08
-9.69E-08
-9.73E-08
-9.54E-08
-9.65E-08
-9.77E-08
-9.79E-08
-9.54E-08
-9.81E-08
-9.71E-08
-9.79E-08
-9.58E-08
-9.69E-08
-9.71E-08
-9.54E-08
-9.81E-08
-9.69E-08
-9.71E-08
-9.56E-08
-9.44E-08
-9.5E-08
-9.5E-08
-9.54E-08
-9.44E-08
-9.75E-08
-9.54E-08
-9.38E-08
-9.48E-08
-9.83E-08
-9.48E-08
-9.56E-08
-9.52E-08
-9.23E-08
-9.29E-08
-9.44E-08
-9.27E-08
-9.17E-08
-9.25E-08
-9.25E-08
-9.25E-08
-9.19E-08
-9.52E-08
-9.25E-08
-9.27E-08
-9.25E-08
-9.25E-08
-9.21E-08
-9.29E-08
-9.35E-08
-9.21E-08
-9.02E-08
-9.19E-08
-9.46E-08
-9.25E-08
-9.04E-08
-9E-08
-9.29E-08
-9.17E-08
-8.96E-08
-9.21E-08
-9.02E-08
-8.88E-08
-9.25E-08
-9.04E-08
-9.27E-08
-8.96E-08
-9.04E-08
-9E-08
-8.96E-08
-9.23E-08
-8.98E-08
-8.98E-08
-9.1E-08
-8.98E-08
-8.98E-08
-8.81E-08
-9.19E-08
-9.02E-08
-9.04E-08
-8.96E-08
-9.12E-08
-9E-08
-9.02E-08
-8.94E-08
-9.02E-08
-9E-08
-9.1E-08
-8.79E-08
-9.04E-08
-8.98E-08
-8.83E-08
-8.96E-08
-9.25E-08
-9E-08
-9.12E-08
-9E-08
-8.98E-08
-9.02E-08
-9E-08
-9E-08
-8.73E-08
-8.71E-08
-9.06E-08
-9.12E-08
-9.12E-08
-8.73E-08
-9.06E-08
-9.23E-08
-9.02E-08
-8.98E-08
-8.98E-08
-9.04E-08
-8.98E-08
-9.21E-08
-9E-08
-8.98E-08
-9.04E-08
-9E-08
-9.38E-08
-9.02E-08
-8.98E-08
-9.02E-08
-8.96E-08
-8.92E-08
-9.27E-08
-8.96E-08
-8.88E-08
-8.98E-08
-9E-08
-9.02E-08
-9E-08
-8.98E-08
-8.96E-08
-8.9E-08
-8.98E-08
-9E-08
-9.04E-08
-8.73E-08
-9.04E-08
-9.1E-08
-8.79E-08
-9E-08
-9.04E-08
-8.98E-08
-8.77E-08
-8.67E-08
-8.67E-08
-8.69E-08
-8.81E-08
-8.81E-08
-8.77E-08
-8.79E-08
-8.81E-08
-8.77E-08
-8.77E-08
-8.77E-08
-8.75E-08
-8.71E-08
-8.73E-08
-9E-08
-8.77E-08
-8.75E-08
-8.71E-08
-8.75E-08
-8.71E-08
-8.75E-08
-8.79E-08
-8.81E-08
-8.79E-08
-8.58E-08
-8.44E-08
-8.71E-08
-8.81E-08
-8.62E-08
-8.69E-08
-8.75E-08
-8.85E-08
-8.69E-08
-8.58E-08
-8.73E-08
-8.85E-08
-8.44E-08
-8.81E-08
-8.48E-08
-8.77E-08
-8.44E-08
-8.48E-08
-8.69E-08
-8.83E-08
-8.46E-08
-8.6E-08
-8.5E-08
-8.42E-08
-8.71E-08
-8.5E-08
-8.79E-08
-8.54E-08
-8.48E-08
-8.4E-08
-8.81E-08
-8.27E-08
-8.44E-08
-8.85E-08
-8.29E-08
-8.46E-08
-8.56E-08
-8.77E-08
-8.5E-08
-8.58E-08
-8.77E-08
-8.54E-08
-8.38E-08
-8.58E-08
-8.73E-08
-8.54E-08
-8.4E-08
-8.25E-08
-8.52E-08
-8.71E-08
-8.5E-08
-8.5E-08
-8.25E-08
-8.31E-08
-8.52E-08
-8.33E-08
-8.25E-08
-8.27E-08
-8.29E-08
-8.31E-08
-8.37E-08
-8.48E-08
-8.19E-08
-8.42E-08
-8.29E-08
-8.25E-08
-8.25E-08
-7.96E-08
-8.27E-08
-8.08E-08
-8.06E-08
-7.92E-08
-7.98E-08
-8.17E-08
-7.92E-08
-8.02E-08
-7.9E-08
-8.02E-08
-8E-08
-7.98E-08
-7.96E-08
-7.94E-08
-8.08E-08
-7.98E-08
-7.69E-08
-8E-08
-7.77E-08
-7.87E-08
-7.48E-08
-7.69E-08
-7.85E-08
-8E-08
-7.75E-08
-7.79E-08
-7.96E-08
-7.48E-08
-7.81E-08
-7.52E-08
-7.75E-08
-7.83E-08
-7.77E-08
-7.69E-08
-7.5E-08
-7.65E-08
-7.58E-08
-7.52E-08
-7.77E-08
-7.56E-08
-7.75E-08
-7.52E-08
-7.48E-08
-7.4E-08
-7.77E-08
-7.83E-08
-7.79E-08
-7.73E-08
-7.44E-08
-7.71E-08
-7.83E-08
-7.85E-08
-7.77E-08
-7.71E-08
-7.73E-08
-7.96E-08
-7.73E-08
-7.71E-08
-7.94E-08
-7.67E-08
-8E-08
-7.79E-08
-7.77E-08
-7.77E-08
-7.77E-08
-7.92E-08
-7.69E-08
-7.77E-08
-7.85E-08
-7.96E-08
-7.79E-08
-7.87E-08
-7.75E-08
-7.65E-08
-7.73E-08
-7.85E-08
-7.75E-08
-7.69E-08
-8E-08
-7.69E-08
-8E-08
-8.02E-08
-7.96E-08
-8.08E-08
-7.71E-08
-7.67E-08
-8E-08
-8.02E-08
-7.98E-08
-7.9E-08
-8.08E-08
-8E-08
-8.06E-08
-7.96E-08
-7.98E-08
-8.02E-08
-8.25E-08
-8.29E-08
-8.31E-08
-7.96E-08
-8.25E-08
-8.23E-08
-8.27E-08
-8.33E-08
-8.33E-08
-8.21E-08
-8E-08
-8.27E-08
-8.27E-08
-8E-08
-8.31E-08
-8.23E-08
-8.21E-08
-8.29E-08
-8.21E-08
-8.06E-08
-8.31E-08
-8.21E-08
-8.31E-08
-8.23E-08
-8.35E-08
-8.19E-08
-8.33E-08
-7.96E-08
-8.21E-08
-8E-08
-8.19E-08
-8.48E-08
-8.27E-08
-8.27E-08
-8.23E-08
-8.15E-08
-8.02E-08
-8.44E-08
-8.31E-08
-8.23E-08
-8.23E-08
-8.23E-08
-8.33E-08
-8.23E-08
-8.27E-08
-8.44E-08
-8.27E-08
-8.35E-08
-8.23E-08
-8.52E-08
-8.46E-08
-8.23E-08
-8.44E-08
-8.58E-08
-8.21E-08
-8.56E-08
-8.29E-08
-8.44E-08
-8.6E-08
-8.5E-08
-8.79E-08
-8.27E-08
-8.44E-08
-8.58E-08
-8.54E-08
-8.48E-08
-8.6E-08
-8.56E-08
-8.44E-08
-8.46E-08
-8.6E-08
-8.48E-08
-8.48E-08
-8.5E-08
-8.46E-08
-8.38E-08
-8.54E-08
-8.48E-08
-8.54E-08
-8.77E-08
-8.71E-08
-8.73E-08
-8.56E-08
-8.5E-08
-0.99430579
-0.9867563
-0.98616636
-0.986166095
-0.986756295
-0.98616636
-0.98646887
-0.987061795
-0.986467695
-0.986755775
-0.98646835
-0.986166485
-8.5E-08
-8.69E-08
-8.75E-08
-8.73E-08
-9E-08
-8.79E-08
-8.73E-08
-8.54E-08
-8.81E-08
-8.75E-08
-8.81E-08
-8.75E-08
-8.79E-08
-8.48E-08
-8.44E-08
-8.79E-08
-8.54E-08
-8.75E-08
-8.79E-08
-8.85E-08
-8.81E-08
-8.79E-08
-8.79E-08
-8.29E-08
-8.46E-08
-8.46E-08
-8.75E-08
-8.77E-08
-8.77E-08
-8.75E-08
-8.77E-08
-8.5E-08
-8.5E-08
-8.77E-08
-8.44E-08
-8.58E-08
-8.5E-08
-8.23E-08
-8.42E-08
-8.62E-08
-8.62E-08
-8.54E-08
-8.33E-08
-8.81E-08
-8.5E-08
-8.44E-08
-8.46E-08
-8.29E-08
-8.56E-08
-8.46E-08
-8.31E-08
-8.48E-08
-8.29E-08
-8.52E-08
-8.46E-08
-8.58E-08
-8.23E-08
-8.42E-08
-8.21E-08
-8.27E-08
-8.52E-08
-8.29E-08
-8.21E-08
-8.15E-08
-8.5E-08
-8.21E-08
-8.56E-08
-8.27E-08
-8.25E-08
-8.46E-08
-8.23E-08
-8.15E-08
-8.31E-08
-8.48E-08
-8.31E-08
-8.5E-08
-8.52E-08
-8.17E-08
-8.15E-08
-8.35E-08
-8.17E-08
-8.25E-08
-8.27E-08
-8.31E-08
-8.27E-08
-8.54E-08
-8.46E-08
-8.52E-08
-8.52E-08
-8.29E-08
-8.25E-08
-8.25E-08
-8.31E-08
-8.13E-08
-8.21E-08
-8.48E-08
-8.31E-08
-8.29E-08
-8.54E-08
-8.19E-08
-8.48E-08
-8.48E-08
-8.48E-08
-8.25E-08
-8.5E-08
-8.52E-08
-8.58E-08
-8.54E-08
-8.54E-08
-8.31E-08
-8.52E-08
-8.56E-08
-8.56E-08
-8.6E-08
-8.46E-08
-8.48E-08
-8.33E-08
-8.38E-08
-8.25E-08
-8.42E-08
-8.5E-08
-8.6E-08
-8.52E-08
-8.29E-08
-8.54E-08
-8.5E-08
-8.46E-08
-8.33E-08
-8.44E-08
-8.5E-08
-8.23E-08
-8.25E-08
-8.42E-08
-8.29E-08
-8.54E-08
-8.5E-08
-8.29E-08
-8.52E-08
-8.42E-08
-8.58E-08
-8.46E-08
-8.44E-08
-8.27E-08
-8.42E-08
-8.21E-08
-8.27E-08
-8.44E-08
-8.52E-08
-8.54E-08
-8.33E-08
-8.52E-08
-8.44E-08
-8.48E-08
-8.5E-08
-8.52E-08
-8.33E-08
-8.54E-08
-8.48E-08
-8.48E-08
-8.54E-08
-8.27E-08
-8.69E-08
-8.52E-08
-8.48E-08
-8.65E-08
-8.54E-08
-8.56E-08
-8.73E-08
-8.46E-08
-8.79E-08
-8.44E-08
-8.48E-08
-8.67E-08
-8.79E-08
-8.52E-08
-8.65E-08
-8.56E-08
-8.67E-08
-8.54E-08
-8.67E-08
-8.75E-08
-8.44E-08
-8.77E-08
-8.5E-08
-8.67E-08
-8.69E-08
-8.81E-08
-8.75E-08
-8.73E-08
-8.71E-08
-8.46E-08
-8.79E-08
-8.79E-08
-8.52E-08
-8.46E-08
-8.79E-08
-8.71E-08
-8.48E-08
-8.67E-08
-8.73E-08
-8.71E-08
-8.48E-08
-8.79E-08
-8.75E-08
-8.69E-08
-8.65E-08
-8.83E-08
-8.46E-08
-8.75E-08
-8.54E-08
-8.65E-08
-8.83E-08
-8.46E-08
-8.56E-08
-8.48E-08
-8.79E-08
-8.52E-08
-8.27E-08
-8.4E-08
-8.23E-08
-8.56E-08
-8.25E-08
-8.42E-08
-8.23E-08
-8.42E-08
-8.27E-08
-8.15E-08
-8.27E-08
-8.23E-08
-8.27E-08
-8.21E-08
-8.52E-08
-8.27E-08
-8.33E-08
-8E-08
-7.96E-08
-8.31E-08
-7.96E-08
-7.9E-08
-8E-08
-7.98E-08
-8.25E-08
-7.98E-08
-8.04E-08
-7.96E-08
-8.02E-08
-7.71E-08
-8.04E-08
-7.71E-08
-7.79E-08
-7.77E-08
-8.02E-08
-7.77E-08
-7.87E-08
-7.75E-08
-7.73E-08
-8.12E-08
-8.04E-08
-7.77E-08
-7.65E-08
-8.02E-08
-8.04E-08
-7.71E-08
-7.88E-08
-8.06E-08
-7.71E-08
-7.73E-08
-8E-08
-8.02E-08
-7.69E-08
-8.02E-08
-8.06E-08
-7.81E-08
-7.65E-08
-7.81E-08
-8E-08
-7.71E-08
-7.75E-08
-7.69E-08
-7.83E-08
-7.75E-08
-7.48E-08
-7.71E-08
-7.71E-08
-7.79E-08
-7.85E-08
-7.77E-08
-7.38E-08
-7.94E-08
-7.69E-08
-7.48E-08
-7.69E-08
-7.71E-08
-7.73E-08
-7.71E-08
-7.75E-08
-7.79E-08
-7.73E-08
-7.73E-08
-7.81E-08
-7.85E-08
-7.73E-08
-7.5E-08
-7.67E-08
-7.75E-08
-7.83E-08
-7.65E-08
-7.73E-08
-7.83E-08
-7.73E-08
-7.81E-08
-7.71E-08
-7.85E-08
-7.83E-08
-7.71E-08
-7.69E-08
-7.5E-08
-7.46E-08
-7.42E-08
-7.65E-08
-7.85E-08
-7.75E-08
-7.81E-08
-7.48E-08
-7.71E-08
-7.71E-08
-7.85E-08
-8.04E-08
-7.79E-08
-7.73E-08
-7.81E-08
-7.73E-08
-7.63E-08
-7.73E-08
-7.67E-08
-7.5E-08
-7.69E-08
-7.73E-08
-7.67E-08
-7.75E-08
-7.96E-08
-7.79E-08
-7.63E-08
-7.71E-08
-7.67E-08
-7.71E-08
-7.77E-08
-8E-08
-7.75E-08
-7.73E-08
-7.71E-08
-7.52E-08
-7.69E-08
-7.75E-08
-7.77E-08
-7.87E-08
-7.58E-08
-7.69E-08
-7.71E-08
-7.85E-08
-7.96E-08
-7.77E-08
-7.81E-08
-7.85E-08
-7.81E-08
-7.81E-08
-7.65E-08
-7.67E-08
-7.87E-08
-7.83E-08
-7.98E-08
-7.79E-08
-7.98E-08
-7.73E-08
-7.98E-08
-7.77E-08
-7.75E-08
-8E-08
-7.75E-08
-7.67E-08
-7.77E-08
-8E-08
-7.73E-08
-7.69E-08
-8.06E-08
-8.06E-08
-7.81E-08
-7.9E-08
-8.08E-08
-7.79E-08
-7.73E-08
-7.79E-08
-7.73E-08
-7.92E-08
-7.79E-08
-7.75E-08
-8E-08
-7.77E-08
-7.67E-08
-7.77E-08
-7.88E-08
-7.77E-08
-7.63E-08
-7.75E-08
-8.02E-08
-7.73E-08
-8.04E-08
-7.71E-08
-7.98E-08
-7.69E-08
-7.52E-08
-7.69E-08
-8E-08
-7.79E-08
-7.71E-08
-7.77E-08
-7.98E-08
-7.73E-08
-7.62E-08
-7.81E-08
-7.79E-08
-7.5E-08
-7.46E-08
-7.54E-08
-7.77E-08
-7.54E-08
-7.42E-08
-7.54E-08
-7.48E-08
-7.52E-08
-7.75E-08
-7.5E-08
-7.35E-08
-7.42E-08
-7.56E-08
-7.56E-08
-7.56E-08
-7.19E-08
-7.17E-08
-7.54E-08
-7.29E-08
-7.48E-08
-7.56E-08
-7.52E-08
-7.23E-08
-7.23E-08
-7.35E-08
-7.33E-08
-7.27E-08
-7.23E-08
-7.29E-08
-7.23E-08
-7.1E-08
-7.06E-08
-6.9E-08
-7.27E-08
-7.23E-08
-7.04E-08
-7.02E-08
-6.98E-08
-7.23E-08
-7.21E-08
-7.06E-08
-6.94E-08
-7E-08
-7.13E-08
-7E-08
-7.02E-08
-7.19E-08
-7.06E-08
-7E-08
-7.02E-08
-6.9E-08
-7.02E-08
-6.94E-08
-7.27E-08
-7.19E-08
-7.04E-08
-7.21E-08
-7.31E-08
-6.94E-08
-7.31E-08
-7.21E-08
-7.33E-08
-6.96E-08
-7.29E-08
-7.31E-08
-7E-08
-7.31E-08
-6.96E-08
-6.92E-08
-6.98E-08
-7.17E-08
-7.04E-08
-7.15E-08
-7.02E-08
-7E-08
-7.23E-08
-7.04E-08
-7.08E-08
-7.23E-08
-7E-08
-7.29E-08
-7.27E-08
-7.06E-08
-7.1E-08
-7.23E-08
-7.04E-08
-6.96E-08
-7.25E-08
-7E-08
-7.04E-08
-6.98E-08
-7.27E-08
-6.98E-08
-7.29E-08
-7.29E-08
-7.31E-08
-6.94E-08
-7.02E-08
-7.27E-08
-7.02E-08
-6.94E-08
-7.06E-08
-7.29E-08
-6.96E-08
-7.23E-08
-7.35E-08
-7.31E-08
-7.29E-08
-7.21E-08
-7.1E-08
-7.31E-08
-7.33E-08
-7.25E-08
-7.21E-08
-7.19E-08
-7.1E-08
-7.27E-08
-7.31E-08
-7.29E-08
-7.19E-08
-7.23E-08
-7.23E-08
-6.96E-08
-7.17E-08
-7.08E-08
-7.31E-08
-7.23E-08
-7.25E-08
-7.23E-08
-7.35E-08
-7.31E-08
-6.98E-08
-7.17E-08
-7.23E-08
-7.04E-08
-6.9E-08
-7.29E-08
-7.04E-08
-7.15E-08
-7.33E-08
-7.06E-08
-6.94E-08
-7.33E-08
-7.25E-08
-6.96E-08
-7.29E-08
-7.33E-08
-7.21E-08
-6.96E-08
-7.31E-08
-7.27E-08
-7.23E-08
-7.21E-08
-7.29E-08
-7.35E-08
-7.5E-08
-7.52E-08
-7.29E-08
-7.23E-08
-7.25E-08
-7.21E-08
-7.25E-08
-7.52E-08
-7.27E-08
-7.6E-08
-7.27E-08
-7.29E-08
-7.17E-08
-7.29E-08
-7.56E-08
-7.19E-08
-7.29E-08
-7.31E-08
-7.25E-08
-7.27E-08
-7.31E-08
-7.42E-08
-7.29E-08
-7.29E-08
-7.17E-08
-7.25E-08
-7.54E-08
-7.31E-08
-7.23E-08
-7.52E-08
-7.17E-08
-7.31E-08
-7.27E-08
-7.25E-08
-7.37E-08
-7.25E-08
-7.25E-08
-7.23E-08
-7.21E-08
-7.31E-08
-7.02E-08
-7.29E-08
-7.21E-08
-7.33E-08
-6.96E-08
-7.19E-08
-7.02E-08
-7.33E-08
-7E-08
-6.96E-08
-6.98E-08
-6.77E-08
-6.96E-08
-7.04E-08
-6.83E-08
-6.94E-08
-6.71E-08
-7.06E-08
-6.77E-08
-6.79E-08
-7.02E-08
-6.79E-08
-6.65E-08
-6.75E-08
-6.75E-08
-6.9E-08
-6.77E-08
-6.85E-08
-6.75E-08
-6.48E-08
-6.71E-08
-6.73E-08
-6.81E-08
-6.58E-08
-6.67E-08
-6.79E-08
-6.52E-08
-6.5E-08
-6.87E-08
-6.79E-08
-6.54E-08
-6.52E-08
-6.54E-08
-6.56E-08
-6.52E-08
-6.77E-08
-6.69E-08
-6.79E-08
-6.75E-08
-6.75E-08
-6.44E-08
-6.4E-08
-6.4E-08
-6.62E-08
-6.58E-08
-6.56E-08
-6.62E-08
-6.56E-08
-6.5E-08
-6.52E-08
-6.5E-08
-6.5E-08
-6.46E-08
-6.71E-08
-6.29E-08
-6.46E-08
-6.4E-08
-6.52E-08
-6.48E-08
-6.48E-08
-6.23E-08
-6.54E-08
-6.58E-08
-6.52E-08
-6.5E-08
-6.56E-08
-6.48E-08
-6.19E-08
-6.52E-08
-6.52E-08
-6.58E-08
-6.5E-08
-6.29E-08
-6.42E-08
-6.46E-08
-6.48E-08
-6.13E-08
-6.44E-08
-6.46E-08
-6.23E-08
-6.54E-08
-6.48E-08
-6.56E-08
-6.27E-08
-6.17E-08
-6.54E-08
-6.23E-08
-6.5E-08
-6.46E-08
-6.5E-08
-6.48E-08
-6.25E-08
-6.42E-08
-6.58E-08
-6.54E-08
-6.46E-08
-6.21E-08
-6.27E-08
-6.5E-08
-6.19E-08
-6.52E-08
-6.56E-08
-6.29E-08
-6.5E-08
-6.29E-08
-6.15E-08
-6.56E-08
-6.54E-08
-6.52E-08
-6.46E-08
-6.21E-08
-6.19E-08
-6.5E-08
-6.48E-08
-6.54E-08
-6.21E-08
-6.56E-08
-6.56E-08
-6.25E-08
-6.19E-08
-6.5E-08
-6.31E-08
-6.42E-08
-6.58E-08
-6.52E-08
-6.21E-08
-6.56E-08
-6.56E-08
-6.29E-08
-6.48E-08
-6.56E-08
-6.25E-08
-6.42E-08
-6.27E-08
-6.42E-08
-6.52E-08
-6.21E-08
-6.52E-08
-6.48E-08
-6.44E-08
-6.5E-08
-6.23E-08
-6.15E-08
-6.52E-08
-6.6E-08
-6.52E-08
-6.21E-08
-6.5E-08
-6.48E-08
-6.56E-08
-6.71E-08
-6.52E-08
-6.54E-08
-6.48E-08
-6.5E-08
-6.48E-08
-6.6E-08
-6.27E-08
-6.44E-08
-6.54E-08
-6.46E-08
-6.23E-08
-6.44E-08
-6.54E-08
-6.48E-08
-6.54E-08
-6.56E-08
-6.25E-08
-6.52E-08
-6.33E-08
-6.54E-08
-6.71E-08
-6.52E-08
-6.58E-08
-6.5E-08
-6.62E-08
-6.46E-08
-6.42E-08
-6.48E-08
-6.46E-08
-6.48E-08
-6.73E-08
-6.73E-08
-6.25E-08
-6.46E-08
-6.23E-08
-6.46E-08
-6.46E-08
-6.19E-08
-6.17E-08
-6.54E-08
-6.56E-08
-6.5E-08
-6.54E-08
-6.46E-08
-6.46E-08
-6.19E-08
-6.23E-08
-6.13E-08
-6.54E-08
-6.27E-08
-6.31E-08
-6.27E-08
-6.48E-08
-6.31E-08
-6.25E-08
-6.31E-08
-6E-08
-6.17E-08
-6.29E-08
-6.23E-08
-6.56E-08
-6.25E-08
-6E-08
-5.98E-08
-6.27E-08
-6.19E-08
-5.96E-08
-5.98E-08
-6.31E-08
-5.98E-08
-6.29E-08
-5.94E-08
-6.25E-08
-5.98E-08
-5.75E-08
-5.92E-08
-6E-08
-6.33E-08
-6.02E-08
-6E-08
-5.94E-08
-6.04E-08
-5.75E-08
-5.94E-08
-5.73E-08
-5.92E-08
-6E-08
-6.04E-08
-6.19E-08
-6E-08
-5.94E-08
-6.08E-08
-5.73E-08
-5.71E-08
-5.81E-08
-6.04E-08
-5.83E-08
-6.02E-08
-6.06E-08
-6.08E-08
-6E-08
-5.96E-08
-5.67E-08
-5.94E-08
-6.02E-08
-5.96E-08
-6.08E-08
-5.71E-08
-6.06E-08
-5.98E-08
-6.08E-08
-5.96E-08
-5.96E-08
-6.04E-08
-6.02E-08
-5.79E-08
-5.92E-08
-6.04E-08
-5.94E-08
-5.88E-08
-5.96E-08
-6.21E-08
-6E-08
-6.1E-08
-6.02E-08
-5.98E-08
-5.98E-08
-6.1E-08
-6.27E-08
-6E-08
-6.06E-08
-6E-08
-6.15E-08
-5.98E-08
-6.29E-08
-6.25E-08
-6.06E-08
-6.23E-08
-6.31E-08
-6.25E-08
-6.27E-08
-6.21E-08
-6.13E-08
-6E-08
-6.17E-08
-6.04E-08
-5.9E-08
-6.29E-08
-6E-08
-5.92E-08
-6.29E-08
-6.27E-08
-6.29E-08
-6.19E-08
-6.19E-08
-6.21E-08
-5.96E-08
-6.27E-08
-6.15E-08
-5.98E-08
-6.29E-08
-6.21E-08
-6.38E-08
-6.29E-08
-6.06E-08
-6.06E-08
-6.15E-08
-6.04E-08
-6.54E-08
-6.29E-08
-6.31E-08
-6E-08
-6.29E-08
-6.19E-08
-6.27E-08
-6.21E-08
-6.23E-08
-6.5E-08
-6.21E-08
-6.27E-08
-5.98E-08
-6.54E-08
-6.06E-08
-6.17E-08
-5.96E-08
-6.29E-08
-6.48E-08
-6.27E-08
-6.27E-08
-6.27E-08
-6.48E-08
-6.52E-08
-6.21E-08
-6.23E-08
-6.5E-08
-6.02E-08
-6.19E-08
-6.25E-08
-6.48E-08
-6E-08
-6.44E-08
-6.23E-08
-6.25E-08
-6.23E-08
-6.23E-08
-6.13E-08
-6.17E-08
-6.35E-08
-6.27E-08
-6.21E-08
-6.29E-08
-6.27E-08
-6.52E-08
-6.33E-08
-6.35E-08
-6.46E-08
-6.44E-08
-6.5E-08
-6.44E-08
-6.56E-08
-6.35E-08
-6.19E-08
-6.42E-08
-6.44E-08
-6.5E-08
-6.56E-08
-6.58E-08
-6.85E-08
-6.48E-08
-6.48E-08
-6.46E-08
-6.6E-08
-6.38E-08
-6.5E-08
-6.33E-08
-6.23E-08
-6.52E-08
-6.46E-08
-6.56E-08
-6.27E-08
-6.35E-08
-6.25E-08
-6.13E-08
-6.21E-08
-6.21E-08
-6.27E-08
-6.15E-08
-6.06E-08
-5.94E-08
-6E-08
-6.17E-08
-6.31E-08
-5.92E-08
-6.02E-08
-6.17E-08
-6.06E-08
-6E-08
-6.27E-08
-6.04E-08
-6.33E-08
-6.02E-08
-6.04E-08
-6E-08
-6.08E-08
-6E-08
-6.02E-08
-5.69E-08
-5.75E-08
-6E-08
-5.44E-08
-5.71E-08
-5.96E-08
-5.77E-08
-5.75E-08
-5.75E-08
-5.81E-08
-5.75E-08
-5.85E-08
-5.5E-08
-5.96E-08
-5.98E-08
-5.75E-08
-5.81E-08
-5.71E-08
-5.73E-08
-5.75E-08
-5.52E-08
-5.54E-08
-5.92E-08
-5.73E-08
-5.75E-08
-5.73E-08
-5.73E-08
-5.83E-08
-5.63E-08
-5.75E-08
-5.75E-08
-5.79E-08
-5.73E-08
-5.83E-08
-5.48E-08
-5.71E-08
-5.71E-08
-5.79E-08
-5.46E-08
-5.79E-08
-5.58E-08
-5.69E-08
-5.71E-08
-5.54E-08
-5.67E-08
-5.71E-08
-5.79E-08
-5.75E-08
-5.83E-08
-5.79E-08
-5.52E-08
-5.71E-08
-5.77E-08
-5.58E-08
-5.79E-08
-5.73E-08
-5.83E-08
-5.58E-08
-5.71E-08
-5.83E-08
-5.52E-08
-5.52E-08
-5.54E-08
-5.73E-08
-5.46E-08
-5.75E-08
-5.54E-08
-5.5E-08
-5.5E-08
-5.87E-08
-5.48E-08
-5.48E-08
-5.69E-08
-5.48E-08
-5.54E-08
-5.5E-08
-5.48E-08
-5.79E-08
-5.5E-08
-5.77E-08
-5.46E-08
-5.5E-08
-5.73E-08
-5.56E-08
-5.73E-08
-5.46E-08
-5.52E-08
-5.73E-08
-5.54E-08
-5.46E-08
-5.54E-08
-5.46E-08
-5.73E-08
-5.69E-08
-5.29E-08
-5.71E-08
-5.79E-08
-5.27E-08
-5.46E-08
-5.73E-08
-5.48E-08
-5.48E-08
-5.5E-08
-5.48E-08
-5.48E-08
-5.56E-08
-5.4E-08
-5.48E-08
-5.58E-08
-5.75E-08
-5.79E-08
-5.54E-08
-5.52E-08
-5.75E-08
-5.54E-08
-5.58E-08
-5.5E-08
-5.46E-08
-5.5E-08
-5.54E-08
-5.73E-08
-5.5E-08
-5.5E-08
-5.5E-08
-5.58E-08
-5.44E-08
-5.46E-08
-5.46E-08
-5.27E-08
-5.42E-08
-5.5E-08
-5.6E-08
-5.48E-08
-5.5E-08
-5.37E-08
-5.17E-08
-5.46E-08
-5.48E-08
-5.48E-08
-5.54E-08
-5.54E-08
-5.48E-08
-5.42E-08
-5.44E-08
-5.23E-08
-5.69E-08
-5.5E-08
-5.23E-08
-5.17E-08
-5.67E-08
-5.52E-08
-5.56E-08
-5.56E-08
-5.25E-08
-5.31E-08
-5.4E-08
-5.5E-08
-5.56E-08
-5.44E-08
-5.42E-08
-5.52E-08
-5.46E-08
-5.48E-08
-5.52E-08
-5.44E-08
-5.48E-08
-5.25E-08
-5.17E-08
-5.31E-08
-5.29E-08
-5.38E-08
-5.27E-08
-5.25E-08
-5.21E-08
-5.23E-08
-5.27E-08
-5.23E-08
-4.96E-08
-5.31E-08
-5.31E-08
-4.92E-08
-5.02E-08
-5.15E-08
-4.98E-08
-5.31E-08
-5.04E-08
-5.27E-08
-5.04E-08
-5.02E-08
-5.25E-08
-5.02E-08
-4.94E-08
-5E-08
-5.02E-08
-5.08E-08
-4.96E-08
-5E-08
-5.06E-08
-5E-08
-5.02E-08
-4.96E-08
-4.96E-08
-4.96E-08
-5.1E-08
-4.71E-08
-4.69E-08
-4.69E-08
-4.63E-08
-4.73E-08
-5E-08
-4.69E-08
-4.67E-08
-4.67E-08
-4.67E-08
-4.75E-08
-4.75E-08
-4.75E-08
-4.71E-08
-4.73E-08
-4.73E-08
-4.5E-08
-4.52E-08
-4.69E-08
-4.71E-08
-4.48E-08
-4.65E-08
-4.69E-08
-4.5E-08
-4.4E-08
-4.79E-08
-4.81E-08
-4.48E-08
-4.56E-08
-4.67E-08
-4.5E-08
-4.67E-08
-4.56E-08
-4.44E-08
-4.79E-08
-4.48E-08
-4.46E-08
-4.67E-08
-4.81E-08
-4.71E-08
-4.85E-08
-4.85E-08
-4.75E-08
-4.73E-08
-4.98E-08
-4.71E-08
-5.02E-08
-4.79E-08
-5E-08
-4.94E-08
-4.75E-08
-4.65E-08
-4.77E-08
-4.75E-08
-4.75E-08
-4.69E-08
-5.04E-08
-4.81E-08
-4.98E-08
-4.77E-08
-4.77E-08
-5.02E-08
-4.83E-08
-5.04E-08
-4.81E-08
-5.04E-08
-5.06E-08
-4.96E-08
-4.77E-08
-4.79E-08
-5.04E-08
-4.69E-08
-5.06E-08
-4.77E-08
-5.06E-08
-4.81E-08
-4.65E-08
-4.92E-08
-4.71E-08
-4.81E-08
-4.96E-08
-4.71E-08
-5E-08
-5.02E-08
-5.06E-08
-5.06E-08
-4.81E-08
-4.79E-08
-5.04E-08
-4.79E-08
-5.06E-08
-4.77E-08
-5E-08
-4.83E-08
-5.04E-08
-5E-08
-5.04E-08
-4.71E-08
-4.77E-08
-4.92E-08
-5.08E-08
-5.04E-08
-4.79E-08
-5.02E-08
-4.83E-08
-4.92E-08
-4.96E-08
-5.02E-08
-4.83E-08
-4.94E-08
-4.79E-08
-4.87E-08
-5E-08
-4.81E-08
-4.9E-08
-5.02E-08
-4.79E-08
-5.04E-08
-4.94E-08
-4.79E-08
-5E-08
-5.04E-08
-4.73E-08
-4.79E-08
-4.81E-08
-4.79E-08
-4.92E-08
-5.04E-08
-4.96E-08
-4.83E-08
-4.77E-08
-4.92E-08
-5.04E-08
-4.81E-08
-4.77E-08
-4.98E-08
-4.79E-08
-5.04E-08
-4.77E-08
-4.75E-08
-4.79E-08
-4.77E-08
-4.81E-08
-4.73E-08
-4.85E-08
-4.75E-08
-4.79E-08
-4.52E-08
-4.69E-08
-4.9E-08
-4.77E-08
-4.75E-08
-4.98E-08
-4.77E-08
-4.73E-08
-4.79E-08
-4.56E-08
-4.96E-08
-4.73E-08
-4.73E-08
-4.77E-08
-4.79E-08
-4.73E-08
-4.75E-08
-4.75E-08
-4.73E-08
-4.77E-08
-4.83E-08
-4.44E-08
-4.67E-08
-4.79E-08
-4.46E-08
-4.5E-08
-4.6E-08
-4.5E-08
-4.48E-08
-4.48E-08
-4.5E-08
-4.5E-08
-4.17E-08
-4.19E-08
-4.56E-08
-4.46E-08
-4.19E-08
-4.52E-08
-4.44E-08
-4.29E-08
-4.19E-08
-4.25E-08
-4.46E-08
-4.25E-08
-4.25E-08
-4.15E-08
-4.21E-08
-4.06E-08
-4.19E-08
-4.06E-08
-4.54E-08
-4E-08
-4.02E-08
-4.13E-08
-4.21E-08
-4.1E-08
-4.04E-08
-4.23E-08
-4.02E-08
-3.85E-08
-4.19E-08
-4.04E-08
-3.77E-08
-3.92E-08
-3.77E-08
-3.69E-08
-3.75E-08
-3.92E-08
-4.06E-08
-3.94E-08
-4.1E-08
-3.96E-08
-4.1E-08
-3.71E-08
-3.67E-08
-4E-08
-3.75E-08
-4E-08
-3.79E-08
-3.9E-08
-4.1E-08
-3.96E-08
-0.994305835
-0.98616432
-0.986473595
-0.986755435
-0.986166925
-0.986469565
-0.98616237
-0.98647177
-0.98675868
-0.98616614
-0.98616978
-0.9867592
-0.987061455
-0.98706028
-0.98616614
-0.987061845
-0.98675465
-0.98706158
-0.98616744
-0.98616679
-0.98646917
-0.98706119
-0.98616523
-0.98617056
-0.98616354
-0.9861677
-0.98706106
-0.98675803
-0.98616601
-0.98647294
-0.98616471
-0.986164325
-0.98647372
-0.98647034
-0.98675504
-0.98647164
-0.98646995
-0.98675478
-0.987061055
-0.98616276
-0.98675504
-0.98646878
-0.98706067
-0.986165355
-0.98616679
-0.98675595
-0.98616822
-0.98675699
-0.986471635
-0.98675673
-0.98616562
-0.98616731
-0.98616393
-0.98706223
-0.98616237
-0.98616601
-0.98616432
-0.98647372
-0.98675699
-0.98646878
-0.986468385
-0.9861664
-0.986168085
-0.98706262
-0.986471375
-0.98647281
-0.98647073
-0.98616471
-0.98646995
-0.986162365
-0.98706119
-0.986168215
-0.98617056
-0.9861664
-0.987063135
-0.98616783
-0.98616601
-0.986164315
-0.98706301
-0.98616536
-0.986756205
-0.986472545
-0.986164575
-0.98616731
-0.986759195
-0.986467995
-0.986165615
-0.98646995
-0.986165355
-0.986163795
-0.98675673
-0.986168605
-0.986469555
-0.98616523
-0.986164705
-0.986756595
-0.986471375
-0.987062225
-0.98616237
-0.986166135
-0.987061835
-0.986165225
-0.98675698
-0.98616613
-0.9867562
-0.986756205
-0.986759195
-0.98647098
-0.986469945
-0.986757895
-0.986168345
-5E-08
-5.08E-08
-5.04E-08
-4.94E-08
-5.1E-08
-4.98E-08
-5.02E-08
-4.98E-08
-4.98E-08
-4.98E-08
-5.06E-08
-5.08E-08
-5.27E-08
-4.98E-08
-5E-08
-4.9E-08
-4.94E-08
-5.02E-08
-5.02E-08
-5.08E-08
-4.98E-08
-5.02E-08
-5.33E-08
-5E-08
-5.02E-08
-5E-08
-5E-08
-5.04E-08
-4.75E-08
-4.96E-08
-5.02E-08
-5E-08
-4.98E-08
-5.02E-08
-4.9E-08
-4.92E-08
-4.94E-08
-5.17E-08
-5.29E-08
-4.96E-08
-5.27E-08
-5.23E-08
-5.35E-08
-5.21E-08
-5.08E-08
-5.17E-08
-5.29E-08
-5.29E-08
-5.27E-08
-5.35E-08
-5.27E-08
-5.23E-08
-5.48E-08
-5.29E-08
-5.56E-08
-5.21E-08
-5.27E-08
-5.54E-08
-5.19E-08
-5.27E-08
-5.54E-08
-5.31E-08
-5.4E-08
-5.5E-08
-5.44E-08
-5.56E-08
-5.38E-08
-5.46E-08
-5.46E-08
-5.6E-08
-5.48E-08
-5.5E-08
-5.54E-08
-5.83E-08
-5.54E-08
-5.48E-08
-5.73E-08
-5.44E-08
-5.4E-08
-5.56E-08
-5.75E-08
-5.81E-08
-5.69E-08
-5.46E-08
-5.69E-08
-5.48E-08
-5.4E-08
-5.67E-08
-5.71E-08
-5.48E-08
-5.42E-08
-5.69E-08
-5.69E-08
-5.71E-08
-5.75E-08
-5.71E-08
-5.71E-08
-5.77E-08
-5.54E-08
-5.42E-08
-5.71E-08
-5.73E-08
-5.73E-08
-5.83E-08
-5.88E-08
-5.77E-08
-5.75E-08
-5.94E-08
-5.94E-08
-5.79E-08
-5.75E-08
-5.79E-08
-5.92E-08
-6.06E-08
-5.94E-08
-5.75E-08
-5.92E-08
-6E-08
-6.12E-08
-6E-08
-6.02E-08
-5.98E-08
-6.31E-08
-6E-08
-6.31E-08
-6.04E-08
-6.27E-08
-6.27E-08
-6.06E-08
-5.98E-08
-5.9E-08
-5.9E-08
-0.994305815
-0.98675658
-0.98646837
-0.98616352
-0.986164695
-0.987062215
-0.986754635
-0.98616391
-0.98647292
-0.98675697
-0.986468765
-0.98706065
-0.9861682
-0.986167685
-0.98675541
-0.98616976
-0.986163915
-0.98616716
-0.98616612
-0.98706182
-0.98616521
-0.98616768
-0.986163135
-0.98647123
-0.98616508
-0.987062345
-0.98616781
-0.98646876
-0.98647123
-0.986168075
-0.98647318
-0.98646954
-0.986755145
-0.98646837
-0.9867558
-0.98647162
-0.9861643
-0.98706312
-0.98616482
-0.98676074
-0.98647201
-0.986471615
-0.98675658
-0.98675502
-0.98616313
-0.98675502
-0.98616599
-0.98616612
-0.987061815
-0.986467975
-0.986165725
-0.98675619
-0.98706143
-0.98646837
-0.98616937
-0.98675541
-0.987061945
-0.986467585
-0.986165985
-0.986163125
-0.986162735
-0.986165985
-0.986468755
-0.986471355
-0.98675658
-0.98675801
-0.986468755
-0.986468365
-0.986166375
-0.986166115
-0.986169755
-0.986169755
-0.987061815
-0.986168195
-0.986759565
-6.75E-08
-7E-08
-7.04E-08
-6.81E-08
-6.65E-08
-7.06E-08
-6.94E-08
-6.73E-08
-6.65E-08
-7.02E-08
-6.77E-08
-6.79E-08
-6.98E-08
-6.67E-08
-7E-08
-6.81E-08
-6.85E-08
-6.9E-08
-7E-08
-6.96E-08
-7.04E-08
-6.73E-08
-6.77E-08
-6.75E-08
-6.73E-08
-6.73E-08
-6.79E-08
-6.85E-08
-6.73E-08
-6.77E-08
-6.6E-08
-6.71E-08
-6.81E-08
-6.73E-08
-6.71E-08
-6.5E-08
-6.65E-08
-6.48E-08
-6.44E-08
-6.81E-08
-6.54E-08
-6.42E-08
-6.79E-08
-6.81E-08
-6.73E-08
-6.81E-08
-6.75E-08
-6.5E-08
-6.71E-08
-6.83E-08
-6.44E-08
-6.79E-08
-6.48E-08
-6.5E-08
-6.75E-08
-6.54E-08
-6.52E-08
-6.65E-08
-6.46E-08
-6.48E-08
-6.52E-08
-6.73E-08
-6.52E-08
-6.56E-08
-6.5E-08
-6.25E-08
-6.44E-08
-6.4E-08
-6.46E-08
-6.54E-08
-6.27E-08
-6.17E-08
-6.52E-08
-6.46E-08
-6.46E-08
-6.33E-08
-6.44E-08
-6.25E-08
-6.54E-08
-6.48E-08
-6.23E-08
-6.31E-08
-6.42E-08
-6.54E-08
-6.52E-08
-6.31E-08
-6.31E-08
-6.27E-08
-6.27E-08
-6.19E-08
-6.17E-08
-6.25E-08
-6.25E-08
-5.94E-08
-6.19E-08
-6.58E-08
-6.04E-08
-6.19E-08
-5.98E-08
-6.15E-08
-6.35E-08
-5.98E-08
-5.96E-08
-6.27E-08
-6.31E-08
-6.23E-08
-6.31E-08
-5.92E-08
-5.92E-08
-6.29E-08
-6.08E-08
-6E-08
-6.27E-08
-6.19E-08
-6.06E-08
-5.98E-08
-6E-08
-6.04E-08
-6.35E-08
-6E-08
-5.96E-08
-6.04E-08
-5.85E-08
-5.69E-08
-5.94E-08
-6E-08
-6.06E-08
-6.02E-08
-5.69E-08
-5.94E-08
-5.71E-08
-5.9E-08
-5.71E-08
-6.04E-08
-6.02E-08
-6E-08
-5.98E-08
-5.98E-08
-6.02E-08
-5.75E-08
-5.69E-08
-6.04E-08
-6.06E-08
-5.96E-08
-5.96E-08
-5.96E-08
-5.71E-08
-6.02E-08
-5.75E-08
-6.06E-08
-5.79E-08
-5.92E-08
-6.1E-08
-5.81E-08
-5.92E-08
-6.02E-08
-5.71E-08
-5.92E-08
-5.83E-08
-6.02E-08
-5.96E-08
-5.96E-08
-5.69E-08
-5.81E-08
-6.02E-08
-6.04E-08
-5.96E-08
-6.06E-08
-5.69E-08
-5.96E-08
-5.71E-08
-5.69E-08
-5.79E-08
-5.67E-08
-5.94E-08
-6.04E-08
-5.81E-08
-6.02E-08
-5.73E-08
-6.04E-08
-5.75E-08
-6.02E-08
-5.77E-08
-5.98E-08
-6.04E-08
-6.04E-08
-5.79E-08
-5.79E-08
-5.63E-08
-5.75E-08
-6.06E-08
-5.77E-08
-6.04E-08
-5.75E-08
-5.79E-08
-5.75E-08
-6.1E-08
-5.77E-08
-5.77E-08
-5.73E-08
-5.73E-08
-5.85E-08
-5.75E-08
-6.02E-08
-5.52E-08
-5.54E-08
-5.65E-08
-5.46E-08
-5.52E-08
-5.4E-08
-5.75E-08
-5.58E-08
-5.77E-08
-5.71E-08
-5.58E-08
-5.29E-08
-5.42E-08
-5.46E-08
-5.54E-08
-5.33E-08
-5.42E-08
-5.29E-08
-5.5E-08
-5.31E-08
-5.52E-08
-5.27E-08
-5.23E-08
-5.5E-08
-5.17E-08
-5.25E-08
-5.23E-08
-4.98E-08
-5.17E-08
-4.98E-08
-5.31E-08
-4.98E-08
-5.31E-08
-5.04E-08
-5.04E-08
-5E-08
-5.06E-08
-4.75E-08
-4.94E-08
-5E-08
-5E-08
-5.1E-08
-4.73E-08
-5.06E-08
-4.75E-08
-4.92E-08
-4.79E-08
-4.69E-08
-4.75E-08
-4.71E-08
-5E-08
-4.73E-08
-4.77E-08
-4.77E-08
-5.02E-08
-4.96E-08
-5.08E-08
-4.81E-08
-4.81E-08
-4.77E-08
-4.79E-08
-4.75E-08
-5.06E-08
-4.79E-08
-4.79E-08
-4.75E-08
-4.94E-08
-4.79E-08
-4.75E-08
-4.77E-08
-4.75E-08
-4.77E-08
-5.02E-08
-4.77E-08
-4.6E-08
-4.67E-08
-4.63E-08
-4.75E-08
-4.75E-08
-4.71E-08
-4.75E-08
-4.52E-08
-4.69E-08
-4.73E-08
-4.73E-08
-4.85E-08
-4.73E-08
-4.79E-08
-4.56E-08
-4.56E-08
-4.69E-08
-4.71E-08
-4.54E-08
-4.54E-08
-4.56E-08
-4.54E-08
-4.67E-08
-4.73E-08
-4.81E-08
-4.73E-08
-4.81E-08
-4.75E-08
-4.69E-08
-4.71E-08
-4.73E-08
-4.69E-08
-4.71E-08
-4.42E-08
-4.44E-08
-4.71E-08
-4.73E-08
-4.71E-08
-4.42E-08
-4.67E-08
-4.71E-08
-4.71E-08
-4.79E-08
-4.77E-08
-4.54E-08
-4.56E-08
-4.54E-08
-4.42E-08
-4.79E-08
-4.44E-08
-4.46E-08
-4.5E-08
-4.38E-08
-4.46E-08
-4.4E-08
-4.44E-08
-4.4E-08
-4.6E-08
-4.56E-08
-4.75E-08
-4.44E-08
-4.54E-08
-4.46E-08
-4.48E-08
-4.5E-08
-4.73E-08
-4.52E-08
-4.52E-08
-4.5E-08
-4.52E-08
-4.48E-08
-4.5E-08
-4.29E-08
-4.44E-08
-4.48E-08
-4.52E-08
-4.62E-08
-4.71E-08
-4.5E-08
-4.56E-08
-4.33E-08
-4.44E-08
-0.99430583
-0.98675946
-0.98616276
-0.98647138
-0.98706223
-0.986468
-0.98647333
-0.9867566
-0.98646878
-0.98647125
-0.987062745
-0.98616224
-4.25E-08
-4.23E-08
-4.52E-08
-4.25E-08
-4.25E-08
-4.31E-08
-4.25E-08
-4.25E-08
-4.48E-08
-4.29E-08
-4.25E-08
-4.25E-08
-4.06E-08
-4.21E-08
-4.23E-08
-4.21E-08
-4.46E-08
-4.29E-08
-4.21E-08
-4.17E-08
-4.23E-08
-4.17E-08
-4.35E-08
-4.25E-08
-4.23E-08
-4.54E-08
-4.31E-08
-3.98E-08
-4.19E-08
-4.33E-08
-4.37E-08
-4.35E-08
-4.31E-08
-4.23E-08
-4.29E-08
-4.25E-08
-4.25E-08
-3.98E-08
-4.06E-08
-3.92E-08
-4.31E-08
-4.21E-08
-4.25E-08
-4.04E-08
-4.06E-08
-4.15E-08
-4.04E-08
-4E-08
-4.02E-08
-3.98E-08
-3.98E-08
-4.1E-08
-3.75E-08
-4.04E-08
-3.71E-08
-4.02E-08
-3.81E-08
-3.77E-08
-3.6E-08
-3.42E-08
-3.44E-08
-3.67E-08
-3.75E-08
-3.56E-08
-3.81E-08
-3.75E-08
-3.58E-08
-3.75E-08
-3.52E-08
-3.52E-08
-3.56E-08
-3.44E-08
-3.46E-08
-3.58E-08
-3.48E-08
-3.29E-08
-3.29E-08
-3.42E-08
-3.31E-08
-3.52E-08
-3.25E-08
-3.25E-08
-3.27E-08
-3.52E-08
-3.54E-08
-3.17E-08
-3.25E-08
-3.25E-08
-3.25E-08
-3.27E-08
-3.19E-08
-3.31E-08
-3.23E-08
-2.94E-08
-3.17E-08
-3.35E-08
-3.02E-08
-3E-08
-2.9E-08
-2.94E-08
-3.06E-08
-3.02E-08
-3.27E-08
-2.98E-08
-3.25E-08
-3.29E-08
-3.21E-08
-3.35E-08
-3.21E-08
-3E-08
-3.31E-08
-3.31E-08
-3.23E-08
-2.96E-08
-2.9E-08
-3.29E-08
-3E-08
-3.17E-08
-3.02E-08
-3.19E-08
-3.02E-08
-3.17E-08
-3.23E-08
-3.23E-08
-3.17E-08
-3.58E-08
-3.19E-08
-3.48E-08
-3.19E-08
-3.23E-08
-3.19E-08
-3.25E-08
-3.17E-08
-3.25E-08
-3.52E-08
-3.48E-08
-3.35E-08
-3.4E-08
-3.29E-08
-3.56E-08
-3.5E-08
-3.54E-08
-3.77E-08
-3.48E-08
-3.52E-08
-3.31E-08
-3.44E-08
-3.46E-08
-3.81E-08
-3.5E-08
-3.25E-08
-3.44E-08
-3.62E-08
-3.58E-08
-3.25E-08
-3.21E-08
-3.4E-08
-3.48E-08
-3.58E-08
-3.35E-08
-3.29E-08
-3.54E-08
-3.5E-08
-3.35E-08
-3.54E-08
-3.52E-08
-3.46E-08
-3.46E-08
-3.48E-08
-3.69E-08
-3.5E-08
-3.19E-08
-3.44E-08
-3.46E-08
-3.48E-08
-3.54E-08
-3.6E-08
-3.48E-08
-3.52E-08
-3.48E-08
-3.71E-08
-3.5E-08
-3.46E-08
-3.58E-08
-3.52E-08
-3.52E-08
-3.48E-08
-3.48E-08
-3.48E-08
-3.48E-08
-3.52E-08
-3.77E-08
-3.5E-08
-3.48E-08
-3.58E-08
-3.5E-08
-3.4E-08
-3.58E-08
-3.77E-08
-3.54E-08
-3.44E-08
-3.5E-08
-3.25E-08
-3.46E-08
-3.52E-08
-3.75E-08
-3.54E-08
-3.4E-08
-3.21E-08
-3.46E-08
-3.56E-08
-3.48E-08
-3.42E-08
-3.79E-08
-3.52E-08
-3.48E-08
-3.4E-08
-3.48E-08
-3.5E-08
-3.5E-08
-3.75E-08
-3.71E-08
-3.77E-08
-3.71E-08
-3.79E-08
-3.46E-08
-3.46E-08
-3.44E-08
-3.52E-08
-3.56E-08
-3.77E-08
-3.79E-08
-3.5E-08
-3.44E-08
-3.46E-08
-3.52E-08
-3.75E-08
-3.6E-08
-3.81E-08
-3.6E-08
-3.52E-08
-0.994305835
-0.986469955
-0.986162375
-0.98647165
-0.986759205
-0.986166405
-0.986168095
-0.986164715
-0.98706224
-0.987060285
-0.986468785
-3.75E-08
-4E-08
-3.69E-08
-3.81E-08
-3.75E-08
-3.88E-08
-4.06E-08
-3.69E-08
-4.04E-08
-3.79E-08
-3.75E-08
-3.77E-08
-3.69E-08
-3.79E-08
-3.81E-08
-3.67E-08
-3.85E-08
-3.85E-08
-3.69E-08
-3.46E-08
-3.77E-08
-3.54E-08
-3.54E-08
-3.79E-08
-3.54E-08
-3.52E-08
-3.56E-08
-3.4E-08
-3.38E-08
-3.5E-08
-3.52E-08
-3.63E-08
-3.52E-08
-3.38E-08
-3.58E-08
-3.46E-08
-3.46E-08
-3.46E-08
-3.48E-08
-3.29E-08
-3.42E-08
-3.46E-08
-3.25E-08
-3.42E-08
-3.56E-08
-3.33E-08
-3.42E-08
-3.46E-08
-3.29E-08
-3.52E-08
-3.52E-08
-3.29E-08
-3.17E-08
-3.25E-08
-3.5E-08
-3.58E-08
-3.27E-08
-3.31E-08
-3.23E-08
-3.48E-08
-3.29E-08
-3.27E-08
-3.31E-08
-3.1E-08
-3.46E-08
-3.27E-08
-3.25E-08
-3.1E-08
-3.56E-08
-3.27E-08
-3.25E-08
-3.33E-08
-3.25E-08
-3E-08
-3.06E-08
-3.15E-08
-3.23E-08
-3.23E-08
-3.21E-08
-3.25E-08
-3.08E-08
-3.21E-08
-3.29E-08
-2.96E-08
-3.27E-08
-3.12E-08
-3.29E-08
-3.19E-08
-3.21E-08
-3.25E-08
-3.29E-08
-3.29E-08
-3.31E-08
-3.31E-08
-3.08E-08
-3.17E-08
-3.21E-08
-3.23E-08
-3.27E-08
-3.06E-08
-3.15E-08
-3.04E-08
-3.04E-08
-3.19E-08
-3.02E-08
-2.98E-08
-3.33E-08
-3.02E-08
-3.21E-08
-3.27E-08
-3.04E-08
-2.96E-08
-3.25E-08
-3.23E-08
-3.25E-08
-3.19E-08
-2.94E-08
-2.98E-08
-2.92E-08
-3.1E-08
-3.08E-08
-3.04E-08
-3.08E-08
-3.06E-08
-2.9E-08
-3.04E-08
-3.1E-08
-3.12E-08
-2.98E-08
-2.98E-08
-3.25E-08
-3.04E-08
-3.06E-08
-2.96E-08
-3.08E-08
-3E-08
-3.02E-08
-3E-08
-3.1E-08
-2.96E-08
-3.1E-08
-2.94E-08
-3.02E-08
-2.98E-08
-2.98E-08
-2.83E-08
-2.94E-08
-2.96E-08
-2.73E-08
-2.92E-08
-3E-08
-2.75E-08
-3.06E-08
-2.96E-08
-2.75E-08
-3.04E-08
-2.81E-08
-3.06E-08
-3.06E-08
-3.08E-08
-3.08E-08
-2.96E-08
-3.25E-08
-3.25E-08
-3E-08
-2.98E-08
-3.1E-08
-3.04E-08
-2.96E-08
-3.06E-08
-2.69E-08
-3.06E-08
-3E-08
-2.96E-08
-2.98E-08
-3.08E-08
-2.96E-08
-2.81E-08
-2.69E-08
-3.06E-08
-2.96E-08
-3.06E-08
-2.96E-08
-2.77E-08
-2.94E-08
-2.79E-08
-2.92E-08
-2.96E-08
-2.98E-08
-2.81E-08
-2.92E-08
-2.73E-08
-2.77E-08
-3.06E-08
-3.04E-08
-2.83E-08
-2.98E-08
-2.94E-08
-2.79E-08
-2.71E-08
-2.98E-08
-2.75E-08
-2.75E-08
-2.79E-08
-2.71E-08
-2.73E-08
-2.75E-08
-2.73E-08
-2.73E-08
-2.73E-08
-2.71E-08
-2.81E-08
-2.56E-08
-2.75E-08
-2.54E-08
-2.5E-08
-2.5E-08
-2.56E-08
-2.73E-08
-2.52E-08
-2.52E-08
-2.48E-08
-2.52E-08
-2.23E-08
-2.56E-08
-2.46E-08
-2.21E-08
-2.4E-08
-2.31E-08
-2.25E-08
-2.25E-08
-2.23E-08
-2.15E-08
-2.37E-08
-2.35E-08
-2.33E-08
-2.31E-08
-2.08E-08
-1.94E-08
-2.19E-08
-2.21E-08
-2.04E-08
-1.88E-08
-2.27E-08
-2.02E-08
-2.02E-08
-2.15E-08
-2.02E-08
-1.98E-08
-2.02E-08
-2E-08
-2.1E-08
-1.96E-08
-1.73E-08
-1.69E-08
-2.19E-08
-2E-08
-1.98E-08
-1.85E-08
-1.94E-08
-1.98E-08
-2.06E-08
-1.96E-08
-2E-08
-2.02E-08
-2E-08
-1.96E-08
-2E-08
-1.88E-08
-2E-08
-2.02E-08
-2E-08
-1.92E-08
-2.27E-08
-2.02E-08
-2.27E-08
-1.96E-08
-2.15E-08
-2.29E-08
-1.94E-08
-2.29E-08
-1.98E-08
-2.19E-08
-2.33E-08
-1.98E-08
-1.96E-08
-2.17E-08
-2.23E-08
-2.23E-08
-2.54E-08
-2.29E-08
-2.15E-08
-2.21E-08
-2.4E-08
-2.52E-08
-2.29E-08
-2.31E-08
-2.46E-08
-2.48E-08
-2.56E-08
-2.33E-08
-2.4E-08
-2.52E-08
-2.67E-08
-2.77E-08
-2.5E-08
-2.75E-08
-2.52E-08
-2.73E-08
-2.44E-08
-2.4E-08
-2.54E-08
-2.52E-08
-2.44E-08
-2.77E-08
-2.81E-08
-2.56E-08
-2.65E-08
-2.79E-08
-2.71E-08
-2.71E-08
-2.48E-08
-2.96E-08
-2.5E-08
-2.71E-08
-2.73E-08
-2.48E-08
-2.71E-08
-2.67E-08
-2.73E-08
-2.73E-08
-2.67E-08
-2.67E-08
-2.92E-08
-2.77E-08
-3E-08
-3.04E-08
-2.77E-08
-2.77E-08
-2.75E-08
-3.02E-08
-2.81E-08
-3.02E-08
-2.96E-08
-3.04E-08
-3.06E-08
-3.06E-08
-3E-08
-3.04E-08
-2.98E-08
-2.98E-08
-2.96E-08
-2.96E-08
-3.02E-08
-3.02E-08
-3.04E-08
-3E-08
-2.96E-08
-3.02E-08
-0.99430584
-0.987062245
-0.98616238
-0.986169015
-0.986756225
-0.98706198
-0.986753885
-0.9861668
-0.98646996
-0.986471005
-0.986757
-0.986163555
-0.9861642
-0.9861655
-0.98675882
-0.98706146
-0.986754665
-0.98647217
-0.9864736
-0.98706315
-0.98675674
-0.98616277
-0.986758045
-3.25E-08
-3.23E-08
-3.27E-08
-3.5E-08
-3.29E-08
-3.52E-08
-3.52E-08
-3.19E-08
-3.52E-08
-3.25E-08
-3.21E-08
-3.54E-08
-3.23E-08
-3.42E-08
-3.42E-08
-3.5E-08
-3.25E-08
-3.46E-08
-3.48E-08
-3.46E-08
-3.48E-08
-3.52E-08
-3.5E-08
-3.62E-08
-3.54E-08
-3.5E-08
-3.79E-08
-3.73E-08
-3.81E-08
-3.48E-08
-3.56E-08
-3.77E-08
-3.75E-08
-3.65E-08
-3.75E-08
-4.02E-08
-3.79E-08
-3.77E-08
-3.5E-08
-3.67E-08
-3.79E-08
-0.994305835
-0.986472815
-0.986757385
-0.986468395
-0.987061585
-0.986161595
-0.98616562
-0.986167185
-0.986755565
-0.987060675
-0.98675764
-0.986163025
-0.98675556
-0.986165625
-0.986164325
-0.98675738
-0.987060675
-0.986162375
-0.98616315
-0.98675764
-0.986166015
-0.9867566
-0.98616614
-0.986163805
-0.98675712
-0.986755435
-0.98616679
-0.986469175
-0.986163155
-0.986468
-0.98647333
-0.986167185
-0.987061065
-0.98646839
-0.98706145
-0.986468005
-0.9861677
-0.98646878
-0.98706067
-0.986468005
-0.98675998
-0.98646722
-0.98616471
-0.98647281
-0.98675738
-0.9870608
-0.98616341
-0.98616549
-0.98616692
-0.98616679
-0.9861664
-0.9861651
-4.5E-08
-4.56E-08
-4.48E-08
-4.5E-08
-4.81E-08
-4.38E-08
-4.77E-08
-4.38E-08
-4.5E-08
-4.46E-08
-4.67E-08
-4.52E-08
-4.48E-08
-4.75E-08
-4.52E-08
-4.67E-08
-4.77E-08
-4.52E-08
-4.5E-08
-4.63E-08
-4.52E-08
-4.5E-08
-4.77E-08
-4.79E-08
-4.54E-08
-4.42E-08
-4.13E-08
-4.71E-08
-4.77E-08
-4.5E-08
-4.46E-08
-4.52E-08
-4.52E-08
-4.5E-08
-4.85E-08
-4.5E-08
-4.54E-08
-4.46E-08
-4.52E-08
-4.46E-08
-4.48E-08
-4.5E-08
-4.38E-08
-4.5E-08
-4.75E-08
-4.52E-08
-4.21E-08
-4.44E-08
-4.46E-08
-4.58E-08
-4.52E-08
-4.46E-08
-4.27E-08
-4.44E-08
-4.46E-08
-4.46E-08
-4.6E-08
-4.48E-08
-4.6E-08
-4.44E-08
-4.56E-08
-4.48E-08
-4.6E-08
-4.46E-08
-4.19E-08
-4.42E-08
-4.56E-08
-4.21E-08
-4.44E-08
-4.58E-08
-4.21E-08
-4.25E-08
-4.19E-08
-4.25E-08
-4.62E-08
-4.54E-08
-4.27E-08
-4.31E-08
-4.54E-08
-4.33E-08
-4.23E-08
-4.48E-08
-4.27E-08
-4.17E-08
-4.52E-08
-4.31E-08
-4.25E-08
-4.13E-08
-4.21E-08
-4.52E-08
-4.27E-08
-4.25E-08
-4.21E-08
-4.37E-08
-4.25E-08
-4.35E-08
-4.08E-08
-4.29E-08
-4.29E-08
-4.25E-08
-5.2E-09
-4.33E-08
-4.33E-08
-4.21E-08
-4.31E-08
-3.96E-08
-4.15E-08
-4.21E-08
-4.19E-08
-4.25E-08
-4.21E-08
-4.27E-08
-4.21E-08
-4.06E-08
-4.25E-08
-4.06E-08
-4.06E-08
-4.06E-08
-3.88E-08
-4.17E-08
-4.27E-08
-4.29E-08
-4.06E-08
-4.27E-08
-4.04E-08
-4E-08
-4.23E-08
-4.29E-08
-4.33E-08
-4.21E-08
-4.04E-08
-4.06E-08
-3.88E-08
-4.21E-08
-3.98E-08
-3.98E-08
-4.06E-08
-3.94E-08
-4.21E-08
-4.02E-08
-4E-08
-4.02E-08
-4.29E-08
-4.1E-08
-4.02E-08
-3.9E-08
-4.19E-08
-4.19E-08
-4.27E-08
-3.96E-08
-4.25E-08
-4.06E-08
-4.25E-08
-4.21E-08
-4.06E-08
-3.92E-08
-3.92E-08
-4.29E-08
-4.33E-08
-3.98E-08
-4.17E-08
-4.12E-08
-4.31E-08
-4.33E-08
-4.21E-08
-4.21E-08
-4.21E-08
-4.35E-08
-3.96E-08
-4.13E-08
-4.04E-08
-4.33E-08
-4.21E-08
-4.06E-08
-4E-08
-3.98E-08
-4.33E-08
-3.94E-08
-4.02E-08
-4.02E-08
-4.17E-08
-4.21E-08
-4.04E-08
-4.06E-08
-4.17E-08
-4.29E-08
-4.06E-08
-4E-08
-4.06E-08
-3.9E-08
-3.9E-08
-4.23E-08
-3.94E-08
-4.23E-08
-3.92E-08
-3.94E-08
-4.1E-08
-4E-08
-3.88E-08
-4.04E-08
-4.21E-08
-4.02E-08
-3.98E-08
-4.02E-08
-4.04E-08
-4E-08
-3.98E-08
-3.88E-08
-4.29E-08
-4.04E-08
-3.9E-08
-4.06E-08
-4E-08
-3.96E-08
-3.71E-08
-3.63E-08
-3.79E-08
-4.02E-08
-3.96E-08
-4.02E-08
-3.71E-08
-3.77E-08
-3.83E-08
-3.96E-08
-3.77E-08
-3.85E-08
-3.81E-08
-3.79E-08
-3.52E-08
-3.44E-08
-3.56E-08
-3.75E-08
-3.77E-08
-3.27E-08
-3.42E-08
-3.52E-08
-3.54E-08
-3.25E-08
-3.17E-08
-3.56E-08
-3.35E-08
-3.25E-08
-3.5E-08
-3.29E-08
-3.25E-08
-3.29E-08
-3.29E-08
-3.35E-08
-3.23E-08
-2.98E-08
-3.15E-08
-2.98E-08
-3.06E-08
-3.31E-08
-3E-08
-3.04E-08
-3.25E-08
-3.02E-08
-2.98E-08
-2.96E-08
-2.9E-08
-3.04E-08
-3.23E-08
-3.04E-08
-2.94E-08
-3.08E-08
-3.25E-08
-2.94E-08
-3.27E-08
-3.31E-08
-3.21E-08
-2.94E-08
-2.94E-08
-3.08E-08
-3.35E-08
-3.27E-08
-3.29E-08
-3.02E-08
-2.94E-08
-2.92E-08
-3.02E-08
-3E-08
-3E-08
-2.96E-08
-3.1E-08
-3E-08
-2.9E-08
-3.02E-08
-2.98E-08
-3E-08
-3E-08
-3.25E-08
-3.02E-08
-3.02E-08
-2.73E-08
-3.04E-08
-2.96E-08
-3E-08
-3.27E-08
-3.02E-08
-3E-08
-3E-08
-3E-08
-3E-08
-3.02E-08
-2.9E-08
-2.98E-08
-3.1E-08
-3E-08
-3.21E-08
-3.06E-08
-3E-08
-3.25E-08
-2.98E-08
-3.02E-08
-2.98E-08
-3.06E-08
-2.98E-08
-3.25E-08
-3.31E-08
-3.06E-08
-3E-08
-3E-08
-2.94E-08
-3.23E-08
-3.06E-08
-3.29E-08
-3.21E-08
-3.04E-08
-3.02E-08
-3.15E-08
-3E-08
-3.27E-08
-3.21E-08
-3.04E-08
-2.92E-08
-3.1E-08
-2.96E-08
-2.98E-08
-3E-08
-2.96E-08
-3.02E-08
-3.25E-08
-3.04E-08
-2.96E-08
-3.08E-08
-2.96E-08
-3.08E-08
-2.9E-08
-3E-08
-3.02E-08
-2.77E-08
-3.04E-08
-3.08E-08
-2.83E-08
-2.77E-08
-2.79E-08
-2.92E-08
-2.75E-08
-2.75E-08
-2.92E-08
-2.75E-08
-3E-08
-2.77E-08
-2.75E-08
-2.94E-08
-2.77E-08
-2.67E-08
-2.77E-08
-3E-08
-2.77E-08
-2.69E-08
-2.81E-08
-2.67E-08
-2.92E-08
-2.77E-08
-2.77E-08
-3.02E-08
-2.71E-08
-3.04E-08
-3.06E-08
-3.06E-08
-2.96E-08
-2.96E-08
-2.98E-08
-3.02E-08
-3.04E-08
-3.1E-08
-3.17E-08
-2.94E-08
-3E-08
-3.02E-08
-3.25E-08
-3.08E-08
-3.06E-08
-3.25E-08
-3.31E-08
-2.96E-08
-3.13E-08
-3.35E-08
-3.02E-08
-3.21E-08
-3.21E-08
-3.04E-08
-2.9E-08
-3.29E-08
-3.33E-08
-3.21E-08
-3E-08
-3E-08
-2.98E-08
-3.04E-08
-3.37E-08
-3.08E-08
-3.21E-08
-2.92E-08
-2.98E-08
-3E-08
-2.77E-08
-2.92E-08
-2.98E-08
-3.06E-08
-3.29E-08
-3.02E-08
-3E-08
-2.98E-08
-3E-08
-2.85E-08
-3.04E-08
-3.1E-08
-2.71E-08
-2.88E-08
-2.69E-08
-2.65E-08
-2.69E-08
-2.65E-08
-2.65E-08
-2.67E-08
-2.75E-08
-2.98E-08
-3.02E-08
-2.75E-08
-2.73E-08
-2.75E-08
-2.77E-08
-2.5E-08
-2.67E-08
-2.71E-08
-2.5E-08
-2.54E-08
-2.67E-08
-2.69E-08
-2.81E-08
-2.71E-08
-2.77E-08
-2.48E-08
-2.17E-08
-2.42E-08
-2.58E-08
-2.5E-08
-2.48E-08
-2.21E-08
-2.4E-08
-2.33E-08
-2.25E-08
-2.44E-08
-2.19E-08
-2.56E-08
-2.21E-08
-2.44E-08
-2.31E-08
-2.25E-08
-2.27E-08
-2.15E-08
-2.33E-08
-2.48E-08
-2.29E-08
-2.25E-08
-2.29E-08
-2.35E-08
-2.23E-08
-1.96E-08
-2.17E-08
-2.29E-08
-2.19E-08
-1.96E-08
-2.31E-08
-2.25E-08
-2.33E-08
-2.25E-08
-2.29E-08
-2.19E-08
-2.35E-08
-2.27E-08
-2.29E-08
-2.27E-08
-1.96E-08
-2.27E-08
-2.08E-08
-2.29E-08
-2.19E-08
-1.94E-08
-2.02E-08
-2.31E-08
-2.02E-08
-2.06E-08
-2E-08
-2E-08
-2.25E-08
-2.02E-08
-2.02E-08
-2E-08
-1.83E-08
-1.94E-08
-1.98E-08
-1.96E-08
-1.96E-08
-1.71E-08
-2.06E-08
-1.96E-08
-2.08E-08
-2.1E-08
-2.12E-08
-1.96E-08
-1.73E-08
-1.9E-08
-1.96E-08
-1.79E-08
-1.92E-08
-1.98E-08
-2.08E-08
-1.71E-08
-2.08E-08
-1.96E-08
-1.98E-08
-2.1E-08
-2E-08
-1.83E-08
-1.92E-08
-1.98E-08
-2.06E-08
-2.04E-08
-1.85E-08
-1.94E-08
-1.96E-08
-1.77E-08
-1.67E-08
-1.96E-08
-1.96E-08
-2.02E-08
-1.96E-08
-1.79E-08
-2.02E-08
-1.83E-08
-1.81E-08
-1.79E-08
-1.67E-08
-1.65E-08
-1.67E-08
-1.75E-08
-1.63E-08
-1.46E-08
-1.96E-08
-1.77E-08
-2E-08
-1.71E-08
-1.96E-08
-1.81E-08
-1.75E-08
-1.77E-08
-1.96E-08
-2.06E-08
-1.42E-08
-1.69E-08
-1.69E-08
-1.58E-08
-1.79E-08
-1.98E-08
-2.02E-08
-1.77E-08
-1.79E-08
-1.71E-08
-1.58E-08
-1.48E-08
-1.79E-08
-1.48E-08
-1.58E-08
-1.54E-08
-1.81E-08
-1.42E-08
-1.52E-08
-1.75E-08
-1.44E-08
-1.52E-08
-1.5E-08
-1.85E-08
-1.54E-08
-1.56E-08
-1.48E-08
-1.54E-08
-1.44E-08
-1.48E-08
-1.52E-08
-1.5E-08
-1.56E-08
-1.6E-08
-1.56E-08
-1.52E-08
-1.25E-08
-1.46E-08
-1.38E-08
-1.54E-08
-1.54E-08
-1.46E-08
-1.54E-08
-1.25E-08
-1.19E-08
-1.27E-08
-1.54E-08
-1.54E-08
-1.52E-08
-9.4E-09
-1.17E-08
-1.21E-08
-1.52E-08
-1.25E-08
-1.25E-08
-1.23E-08
-1.35E-08
-9.6E-09
-9.8E-09
-9.6E-09
-1E-08
-9.8E-09
-7.1E-09
-7.9E-09
-7.9E-09
-1.02E-08
-7.9E-09
-1E-08
-1.08E-08
-8.3E-09
-1.02E-08
-1.06E-08
-4.8E-09
-7.1E-09
-6.5E-09
-8.3E-09
-8.5E-09
-5.8E-09
-8.1E-09
-8.3E-09
-6E-09
-5.6E-09
-5.6E-09
-4.4E-09
-5E-09
-5E-09
-5E-09
-5E-09
-5.4E-09
-5E-09
-5E-09
5.8E-09
-5E-09
-6.7E-09
-7.5E-09
-8.1E-09
-5E-09
6.9E-09
-5E-09
-7.5E-09
-6.9E-09
-8.3E-09
-4.8E-09
-8.1E-09
-8.3E-09
-4.6E-09
-6.7E-09
-8.3E-09
-4.6E-09
-7.1E-09
-8.5E-09
-4.6E-09
-6.7E-09
-5.4E-09
-6.7E-09
-5.8E-09
-6.9E-09
-4.8E-09
-6.7E-09
-7.1E-09
-8.3E-09
-7.3E-09
-1.04E-08
-7.9E-09
-1.06E-08
-7.7E-09
-9.2E-09
-7.1E-09
-1E-08
-9.8E-09
-8.1E-09
-9.6E-09
-1E-08
-9.8E-09
-9.8E-09
-1E-08
-9.6E-09
-6.9E-09
-6.5E-09
-1.06E-08
-1.08E-08
-7.9E-09
-7.7E-09
-7.9E-09
-1.04E-08
-1.02E-08
-1.23E-08
-9.4E-09
-1.06E-08
-9.6E-09
-9.6E-09
-1E-08
-9.8E-09
-1.04E-08
-1.23E-08
-1.27E-08
-1.21E-08
-1.25E-08
-1.21E-08
-1.27E-08
-1.21E-08
-1.25E-08
-1.27E-08
-1.5E-08
-1.27E-08
-1.23E-08
-1E-08
-1.19E-08
-1.21E-08
-1.25E-08
-1.29E-08
-1.31E-08
-1.13E-08
-1.4E-08
-1.23E-08
-1.56E-08
-1.58E-08
-1.58E-08
-1.56E-08
-1.58E-08
-1.56E-08
-1.52E-08
-1.5E-08
-1.73E-08
-1.71E-08
-1.52E-08
-1.48E-08
-1.56E-08
-1.75E-08
-1.52E-08
-1.67E-08
-1.56E-08
-1.48E-08
-1.75E-08
-1.71E-08
-1.77E-08
-1.83E-08
-1.42E-08
-1.77E-08
-1.48E-08
-1.69E-08
-2.02E-08
-1.77E-08
-1.67E-08
-1.67E-08
-1.63E-08
-1.67E-08
-1.77E-08
-1.96E-08
-2.04E-08
-1.71E-08
-1.79E-08
-2.02E-08
-1.96E-08
-1.79E-08
-2.06E-08
-1.77E-08
-2.06E-08
-1.81E-08
-2.04E-08
-1.96E-08
-1.73E-08
-1.94E-08
-1.96E-08
-1.79E-08
-1.96E-08
-1.98E-08
-2.06E-08
-1.87E-08
-1.96E-08
-1.98E-08
-2.08E-08
-2E-08
-2.02E-08
-1.96E-08
-1.98E-08
-2.02E-08
-2E-08
-2.06E-08
-2.12E-08
-1.98E-08
-2.21E-08
-2.02E-08
-1.98E-08
-1.98E-08
-2E-08
-1.98E-08
-1.96E-08
-1.96E-08
-2.08E-08
-2.04E-08
-1.73E-08
-1.92E-08
-2.1E-08
-2.08E-08
-1.71E-08
-1.92E-08
-2.08E-08
-2.08E-08
-2.1E-08
-1.83E-08
-1.94E-08
-1.96E-08
-2.04E-08
-1.83E-08
-1.94E-08
-1.79E-08
-2.02E-08
-1.73E-08
-2.06E-08
-1.71E-08
-1.92E-08
-1.81E-08
-1.92E-08
-2.08E-08
-1.79E-08
-1.9E-08
-1.77E-08
-1.67E-08
-1.77E-08
-2E-08
-1.71E-08
-1.77E-08
-1.73E-08
-2.02E-08
-2.04E-08
-1.77E-08
-1.63E-08
-1.87E-08
-1.79E-08
-1.79E-08
-1.79E-08
-1.75E-08
-1.75E-08
-1.85E-08
-1.38E-08
-1.69E-08
-1.73E-08
-1.75E-08
-1.71E-08
-1.79E-08
-1.83E-08
-1.83E-08
-1.81E-08
-1.75E-08
-1.73E-08
-1.98E-08
-1.79E-08
-2.12E-08
-1.77E-08
-1.81E-08
-1.75E-08
-2.02E-08
-1.77E-08
-1.75E-08
-1.77E-08
-1.75E-08
-1.79E-08
-2.04E-08
-2.02E-08
-2.06E-08
-1.79E-08
-1.87E-08
-1.67E-08
-1.73E-08
-1.98E-08
-1.81E-08
-1.54E-08
-1.67E-08
-1.75E-08
-1.77E-08
-1.83E-08
-1.67E-08
-1.75E-08
-1.79E-08
-1.73E-08
-1.73E-08
-1.81E-08
-1.46E-08
-1.77E-08
-1.73E-08
-1.56E-08
-1.56E-08
-1.71E-08
-1.73E-08
-1.81E-08
-1.67E-08
-1.73E-08
-2.08E-08
-1.77E-08
-1.75E-08
-1.77E-08
-1.71E-08
-1.67E-08
-1.73E-08
-1.73E-08
-1.71E-08
-1.77E-08
-1.79E-08
-1.71E-08
-1.73E-08
-1.79E-08
-1.62E-08
-1.98E-08
-1.77E-08
-1.56E-08
-2.02E-08
-1.77E-08
-1.5E-08
-1.67E-08
-1.46E-08
-1.81E-08
-1.75E-08
-1.79E-08
-1.46E-08
-1.69E-08
-1.83E-08
-1.52E-08
-1.69E-08
-1.85E-08
-1.75E-08
-1.77E-08
-1.65E-08
-1.73E-08
-1.5E-08
-1.42E-08
-1.81E-08
-1.73E-08
-1.98E-08
-1.5E-08
-1.63E-08
-1.79E-08
-1.77E-08
-1.75E-08
-1.67E-08
-1.77E-08
-1.71E-08
-1.5E-08
-1.79E-08
-1.83E-08
-1.71E-08
-1.73E-08
-1.56E-08
-1.48E-08
-1.42E-08
-1.67E-08
-1.87E-08
-1.48E-08
-1.81E-08
-1.56E-08
-1.73E-08
-1.44E-08
-1.81E-08
-1.56E-08
-1.65E-08
-1.75E-08
-1.56E-08
-1.4E-08
-1.81E-08
-1.48E-08
-1.67E-08
-1.5E-08
-1.67E-08
-1.83E-08
-1.69E-08
-1.73E-08
-1.54E-08
-1.75E-08
-1.79E-08
-1.5E-08
-1.46E-08
-1.44E-08
-1.58E-08
-1.52E-08
-1.44E-08
-1.56E-08
-1.52E-08
-1.48E-08
-1.73E-08
-1.83E-08
-1.44E-08
-1.54E-08
-1.5E-08
-1.52E-08
-1.44E-08
-1.48E-08
-1.56E-08
-1.48E-08
-1.48E-08
-1.56E-08
-1.52E-08
-1.19E-08
-1.23E-08
-1.21E-08
-1.29E-08
-1.06E-08
-1.02E-08
-1.02E-08
-1.31E-08
-1.04E-08
-1.29E-08
-1.33E-08
-1.27E-08
-9.6E-09
-1.25E-08
-1.19E-08
-1.19E-08
-8.8E-09
-1.02E-08
-1.35E-08
-1.31E-08
-1.04E-08
-9.4E-09
-1.23E-08
-1.25E-08
-1.02E-08
-1.1E-08
-7.3E-09
-6.7E-09
-1.02E-08
-9.8E-09
-8.8E-09
-9.8E-09
-7.7E-09
-7.9E-09
-7.5E-09
-7.5E-09
-7.7E-09
-1E-08
-7.5E-09
-7.1E-09
-4.4E-09
-6.7E-09
-6.9E-09
-8.7E-09
-7.3E-09
-8.1E-09
-7.1E-09
-7.5E-09
-7.3E-09
-8.5E-09
-8.3E-09
-8.5E-09
-8.5E-09
-7.3E-09
-6.9E-09
-7.1E-09
-7.5E-09
-7.9E-09
-7.3E-09
-7.5E-09
-7.7E-09
-7.1E-09
-7.3E-09
-7.3E-09
-1.04E-08
-7.3E-09
-5.2E-09
-6.9E-09
-1.06E-08
-7.7E-09
-6.3E-09
-7.5E-09
-7.1E-09
-9.8E-09
-7.7E-09
-1.02E-08
-7.7E-09
-8.3E-09
-7.5E-09
-7.1E-09
-8.3E-09
-7.5E-09
-7.1E-09
-8.3E-09
-7.5E-09
-7.1E-09
-6.9E-09
-7.1E-09
-7.1E-09
-5E-09
-5E-09
-7.5E-09
-7.1E-09
-8.1E-09
-5.8E-09
-5E-09
-6.7E-09
-7.3E-09
-7.1E-09
-5E-09
-6.7E-09
-6.9E-09
-4.8E-09
-7.1E-09
-8.3E-09
-4.8E-09
-8.1E-09
-7.3E-09
-8.5E-09
-4.6E-09
-4.6E-09
-8.1E-09
-8.3E-09
-7.5E-09
-7.5E-09
-7.1E-09
-6.9E-09
-4.6E-09
-6.9E-09
-7.1E-09
-8.5E-09
-7.3E-09
-7.1E-09
-7.1E-09
-7.3E-09
-6.9E-09
-7.3E-09
-5.2E-09
-6.9E-09
-7.3E-09
-7.1E-09
-8.5E-09
-7.1E-09
-1.02E-08
-7.5E-09
-7.5E-09
-5.6E-09
-6.7E-09
-7.3E-09
-7.3E-09
-9.8E-09
-7.5E-09
-4.6E-09
-6.9E-09
-7.5E-09
-5E-09
-7.1E-09
-7.5E-09
-5.8E-09
-7.1E-09
-7.3E-09
-1.1E-08
-7.5E-09
-8.1E-09
-7.3E-09
-7.3E-09
-8.5E-09
-5.8E-09
-6.9E-09
-1.06E-08
-7.3E-09
-8.3E-09
-7.1E-09
-7.3E-09
-7.1E-09
-7.1E-09
-8.5E-09
-7.5E-09
-7.1E-09
-8.5E-09
-8.7E-09
1.02E-08
-6.3E-09
-7.5E-09
-7.3E-09
-7.3E-09
-8.3E-09
-7.9E-09
-7.3E-09
-4.8E-09
-7.1E-09
-7.3E-09
-9.8E-09
-7.5E-09
-4.8E-09
-6.9E-09
-5.2E-09
-7.1E-09
-7.1E-09
-7.5E-09
-7.3E-09
-7.5E-09
-4.4E-09
-6.7E-09
-7.3E-09
-5E-09
-8.1E-09
-8.3E-09
-7.1E-09
-7.5E-09
-7.9E-09
-7.1E-09
-7.5E-09
-5E-09
-5.6E-09
5.6E-09
8.5E-09
4.8E-09
4.8E-09
4.6E-09
4.6E-09
7.3E-09
7.3E-09
5E-09
6.2E-09
7.1E-09
4.8E-09
6E-09
5E-09
4.8E-09
5E-09
5E-09
4.8E-09
5E-09
5E-09
7.7E-09
4.8E-09
4.8E-09
7.3E-09
4.8E-09
7.1E-09
5E-09
4.6E-09
4.8E-09
7.7E-09
6.9E-09
1.04E-08
7.1E-09
8.1E-09
9.2E-09
8.1E-09
7.5E-09
9.6E-09
9.6E-09
9.6E-09
1.08E-08
1.1E-08
1.04E-08
8.5E-09
7.1E-09
1.02E-08
1.08E-08
7.1E-09
6.7E-09
7.1E-09
5.4E-09
7.9E-09
7.9E-09
6.9E-09
8.1E-09
8.1E-09
6.7E-09
4.4E-09
7.7E-09
7.5E-09
6.3E-09
7.9E-09
7.5E-09
7.7E-09
6.9E-09
7.9E-09
7.1E-09
6.7E-09
6.7E-09
8.1E-09
9.4E-09
7.1E-09
7.9E-09
7.1E-09
6.7E-09
8.3E-09
7.3E-09
5.6E-09
7.7E-09
9.4E-09
8.3E-09
7.9E-09
4.2E-09
5.2E-09
7.9E-09
6.5E-09
5.4E-09
5.2E-09
7.7E-09
7.3E-09
4.8E-09
5.2E-09
5E-09
8.1E-09
6E-09
5.2E-09
5.2E-09
5.4E-09
6.3E-09
7.7E-09
6.2E-09
5.2E-09
7.7E-09
4.2E-09
5.4E-09
7.5E-09
7.5E-09
6.9E-09
4E-09
5.4E-09
7.5E-09
7.7E-09
7.7E-09
6.5E-09
5.6E-09
7.5E-09
4.2E-09
7.9E-09
7.5E-09
6.3E-09
8.1E-09
9.2E-09
8.1E-09
7.7E-09
7.9E-09
9.2E-09
7.3E-09
7.3E-09
8.1E-09
7.9E-09
6.9E-09
7.7E-09
7.7E-09
7.9E-09
6.5E-09
7.7E-09
1.02E-08
8.5E-09
4.8E-09
1.04E-08
4.8E-09
7.7E-09
6.9E-09
7.9E-09
9.6E-09
8.5E-09
6.9E-09
7.9E-09
7.1E-09
7.9E-09
6.9E-09
7.1E-09
1.04E-08
1.08E-08
6.9E-09
9.8E-09
1.1E-08
8.7E-09
7.7E-09
7.1E-09
6.7E-09
1.02E-08
8.3E-09
8.1E-09
6.9E-09
9.6E-09
7.1E-09
7.9E-09
9.4E-09
6.9E-09
8.1E-09
9.4E-09
1.12E-08
1E-08
9.8E-09
7.3E-09
9.6E-09
7.3E-09
9.6E-09
8.7E-09
1.06E-08
1.04E-08
9.6E-09
1E-08
1.02E-08
1.02E-08
1E-08
8.7E-09
8.1E-09
7.9E-09
7.1E-09
4E-09
7.7E-09
5.2E-09
7.9E-09
7.5E-09
4E-09
4E-09
5.2E-09
4.8E-09
4E-10
7.9E-09
5.2E-09
7.5E-09
4.8E-09
7.7E-09
7.5E-09
7.3E-09
7.5E-09
4.6E-09
4.8E-09
6E-09
6.2E-09
8.5E-09
8.1E-09
-7.5E-09
4.4E-09
4.6E-09
-7.9E-09
8.1E-09
-7.5E-09
-7.5E-09
-7.9E-09
4.4E-09
-5.6E-09
-4.2E-09
-5.6E-09
-4.4E-09
-4.4E-09
-7.1E-09
-7.3E-09
-4.6E-09
-6.7E-09
-6E-09
-6.9E-09
-6.3E-09
-6.3E-09
-8.7E-09
-7.5E-09
-7.3E-09
-7.7E-09
-7.7E-09
-7.7E-09
-7.3E-09
-7.1E-09
-7.7E-09
-7.7E-09
-7.3E-09
-7.3E-09
-1E-08
-7.9E-09
-4.6E-09
-6.7E-09
-7.5E-09
-8.3E-09
-7.3E-09
-9.8E-09
-7.9E-09
-1E-08
-7.7E-09
-7.7E-09
-9E-09
-7.5E-09
-7.3E-09
-1E-08
-7.7E-09
-1E-08
-6.9E-09
-5.8E-09
-6.9E-09
-7.3E-09
-9.8E-09
-1.04E-08
-7.9E-09
-8.1E-09
-9.6E-09
-7.5E-09
-7.7E-09
-5.4E-09
-7.1E-09
-8.5E-09
-7.5E-09
-7.1E-09
-7.9E-09
-7.5E-09
-8.5E-09
-7.5E-09
-9.8E-09
-1.04E-08
-9.6E-09
-7.9E-09
-6.5E-09
-7.7E-09
-8.8E-09
-1.06E-08
-1.02E-08
-8.1E-09
-9.6E-09
-7.1E-09
-1.1E-08
-4.8E-09
-9.6E-09
-1.1E-08
-7.1E-09
-7.3E-09
-7.7E-09
-7.9E-09
-1E-08
-9.6E-09
-7.3E-09
-6.9E-09
-8.5E-09
-7.5E-09
-9.8E-09
-7.5E-09
-9E-09
-1.04E-08
-6.9E-09
-6.7E-09
-7.7E-09
-8.1E-09
-7.7E-09
-1E-08
-7.9E-09
-7.1E-09
-1.02E-08
-7.9E-09
-6.5E-09
-9.8E-09
-7.1E-09
-7.5E-09
-7.1E-09
-7.5E-09
-9E-09
-1.06E-08
-8.1E-09
-7.1E-09
-7.7E-09
-7.5E-09
-7.3E-09
-7.9E-09
-7.7E-09
-7.7E-09
-7.5E-09
-9.8E-09
-9.8E-09
-7.7E-09
-7.3E-09
-7.9E-09
-7.7E-09
-1E-08
-1.02E-08
-7.3E-09
-9.4E-09
-7.1E-09
-1.06E-08
-7.1E-09
-9.8E-09
-1E-08
-6.9E-09
-7.5E-09
-1E-08
-1.02E-08
-1.25E-08
-7.5E-09
-7.5E-09
-1.17E-08
-9.8E-09
-9.8E-09
-9.4E-09
-6.9E-09
-6.7E-09
-6.7E-09
-6.9E-09
-9.2E-09
-9.2E-09
-1.1E-08
-1.08E-08
-9.8E-09
-1.31E-08
-1.27E-08
-1.29E-08
-1E-08
-9.2E-09
-9.2E-09
-1.02E-08
-1.23E-08
-1.04E-08
-7.5E-09
-9.2E-09
-1.08E-08
-7.7E-09
-8.1E-09
-1.06E-08
-1.02E-08
-1.1E-08
-1E-08
-1.04E-08
-9.6E-09
-1.08E-08
-1.08E-08
-9.6E-09
-1.04E-08
-6.9E-09
-7.3E-09
-1.12E-08
-1.02E-08
-7.7E-09
-1E-08
-1.06E-08
-1.02E-08
-7.5E-09
-7.7E-09
-7.5E-09
-7.3E-09
-1.04E-08
-7.7E-09
-7.3E-09
-7.5E-09
-7.3E-09
-7.1E-09
-8.3E-09
-5E-09
-8.1E-09
-5E-09
-5.6E-09
