1.57525E-05
1.57637E-05
1.57746E-05
2.066E-05
2.07942E-05
2.09333E-05
2.10671E-05
2.12025E-05
2.13377E-05
2.1475E-05
2.16098E-05
2.17452E-05
2.188E-05
0.37493373
0.37493379
0.37493385
1.633E-07
2.185E-07
2.733E-07
3.298E-07
2.1073E-06
3.7033E-06
5.1377E-06
6.4104E-06
7.5717E-06
8.6248E-06
9.6792E-06
1.07344E-05
1.17906E-05
1.28496E-05
1.3906E-05
1.49677E-05
1.60246E-05
1.70852E-05
1.81473E-05
1.91629E-05
2.01123E-05
2.10677E-05
2.20202E-05
2.29748E-05
3.2975E-06
4.6279E-06
6.1321E-06
7.635E-06
9.1398E-06
1.06454E-05
1.21494E-05
1.36546E-05
1.51183E-05
1.64329E-05
1.75704E-05
1.8464E-05
1.87854E-05
1.853E-05
1.82904E-05
1.80475E-05
1.78673E-05
1.5805E-05
1.5835E-05
1.59102E-05
1.59227E-05
1.59321E-05
1.59479E-05
1.596E-05
1.85073E-05
1.85196E-05
1.82819E-05
1.804E-05
1.77973E-05
1.76171E-05
1.74415E-05
1.73273E-05
1.72156E-05
1.71027E-05
1.70494E-05
1.69975E-05
1.69477E-05
1.68958E-05
1.68456E-05
1.6795E-05
1.67454E-05
1.66919E-05
1.66427E-05
1.65925E-05
1.65402E-05
1.64927E-05
1.64427E-05
1.63894E-05
1.63367E-05
1.62875E-05
1.62381E-05
1.61848E-05
1.61342E-05
1.60815E-05
1.60329E-05
1.59829E-05
1.5929E-05
1.58804E-05
1.58304E-05
1.57785E-05
1.57273E-05
1.56779E-05
1.56308E-05
1.55783E-05
1.55263E-05
1.54748E-05
1.54219E-05
1.53754E-05
1.5325E-05
1.52735E-05
1.52375E-05
1.43267E-05
1.42783E-05
1.39362E-05
1.39773E-05
1.41129E-05
1.42494E-05
1.43221E-05
1.4399E-05
1.44694E-05
1.4545E-05
1.45571E-05
1.45694E-05
1.458E-05
1.45917E-05
1.4605E-05
1.46123E-05
-0.986426155
-0.986426325
-0.9864274
-0.98647223
-0.986469165
-0.98675156
-5.6975E-06
-7.6123E-06
-9.5256E-06
-1.16202E-05
-1.37221E-05
-1.58292E-05
-1.79327E-05
-2.00352E-05
-2.21396E-05
-2.42392E-05
-2.63481E-05
-2.84475E-05
-3.05519E-05
4.0727E-06
4.0219E-06
3.9688E-06
3.9181E-06
3.8673E-06
5.225E-06
6.6754E-06
8.125E-06
9.544E-06
1.07727E-05
1.18506E-05
1.27675E-05
1.35098E-05
1.40902E-05
1.45525E-05
1.49396E-05
1.52621E-05
1.55081E-05
1.56921E-05
1.58275E-05
1.59373E-05
1.60152E-05
1.60675E-05
1.60777E-05
1.60904E-05
1.64385E-05
1.645E-05
1.64617E-05
1.64748E-05
1.64846E-05
1.64952E-05
1.65083E-05
1.65204E-05
1.65292E-05
1.65419E-05
1.65542E-05
1.65681E-05
1.65806E-05
1.65273E-05
1.65367E-05
1.64892E-05
1.64344E-05
1.48575E-05
1.4804E-05
1.506E-05
1.53175E-05
1.55804E-05
1.57785E-05
1.59298E-05
1.51954E-05
1.53146E-05
1.54829E-05
1.56202E-05
1.56948E-05
1.57698E-05
1.58425E-05
1.59204E-05
1.59923E-05
1.60694E-05
1.61423E-05
1.61581E-05
1.61698E-05
1.61833E-05
1.61929E-05
1.62048E-05
1.62179E-05
1.61638E-05
1.61127E-05
1.61281E-05
1.60775E-05
1.60267E-05
1.59777E-05
1.59873E-05
1.59394E-05
1.58871E-05
1.58381E-05
1.58469E-05
1.57973E-05
1.57479E-05
1.57552E-05
1.571E-05
1.56573E-05
1.56048E-05
1.56181E-05
1.55642E-05
1.55179E-05
1.54679E-05
1.54775E-05
1.54279E-05
1.53752E-05
1.53844E-05
1.53325E-05
1.52825E-05
1.52348E-05
1.52475E-05
1.51983E-05
1.51458E-05
1.87881E-05
1.87977E-05
1.88106E-05
1.88212E-05
2.01575E-05
1.976E-05
1.93869E-05
1.9015E-05
1.87065E-05
1.84681E-05
1.82219E-05
1.79804E-05
1.78021E-05
1.76227E-05
1.74446E-05
1.72175E-05
1.7105E-05
1.699E-05
1.6876E-05
1.67627E-05
1.66483E-05
1.65975E-05
1.6544E-05
1.64946E-05
1.44127E-05
1.77444E-05
1.79423E-05
1.81433E-05
1.8339E-05
1.81683E-05
1.79925E-05
1.78152E-05
1.76987E-05
1.75825E-05
1.74698E-05
1.73544E-05
1.72419E-05
1.71275E-05
1.70117E-05
1.69623E-05
1.69127E-05
1.68604E-05
1.47771E-05
1.49371E-05
1.50752E-05
1.52065E-05
1.53454E-05
1.54223E-05
1.54958E-05
1.55698E-05
1.56425E-05
1.56579E-05
1.56706E-05
1.56798E-05
1.56902E-05
1.57046E-05
1.57177E-05
1.4681E-05
1.47946E-05
1.49298E-05
1.50075E-05
1.50827E-05
1.51544E-05
1.523E-05
1.52427E-05
1.52523E-05
1.52623E-05
1.52748E-05
1.52869E-05
1.52973E-05
1.53104E-05
1.53227E-05
1.53371E-05
1.53498E-05
1.53623E-05
1.53133E-05
1.53229E-05
1.52727E-05
1.52198E-05
1.52302E-05
1.51794E-05
1.51294E-05
1.50765E-05
1.50933E-05
1.50406E-05
1.49871E-05
1.49981E-05
1.49498E-05
1.48952E-05
1.48473E-05
1.2765E-05
1.29846E-05
1.31821E-05
1.33775E-05
1.3515E-05
1.36519E-05
1.37277E-05
1.38025E-05
1.3874E-05
1.39492E-05
1.4025E-05
1.40379E-05
1.40471E-05
1.40604E-05
1.40715E-05
1.40848E-05
1.40975E-05
1.41077E-05
1.4119E-05
1.41308E-05
1.41454E-05
1.41548E-05
1.41042E-05
1.4055E-05
1.4065E-05
1.3999E-05
1.57348E-05
1.55277E-05
1.52854E-05
1.51042E-05
1.49252E-05
1.47479E-05
1.46348E-05
1.45229E-05
1.44071E-05
1.42944E-05
1.41804E-05
1.40654E-05
1.40125E-05
1.39594E-05
1.39102E-05
-1.38625E-05
1.56521E-05
1.53821E-05
1.51396E-05
1.48969E-05
1.46548E-05
1.44777E-05
1.42994E-05
1.41221E-05
1.40075E-05
1.38929E-05
1.37825E-05
1.36658E-05
1.35521E-05
1.34402E-05
1.33848E-05
1.33344E-05
1.32854E-05
1.32335E-05
1.31833E-05
1.31319E-05
1.30802E-05
1.30331E-05
1.298E-05
1.293E-05
1.28817E-05
1.28308E-05
1.27771E-05
1.27294E-05
1.26777E-05
1.26252E-05
1.25771E-05
1.2525E-05
1.05383E-05
1.06971E-05
1.08925E-05
1.10329E-05
1.117E-05
1.12446E-05
1.13183E-05
1.13908E-05
1.14679E-05
1.15498E-05
1.15629E-05
1.15754E-05
1.1584E-05
1.15944E-05
1.16075E-05
1.16192E-05
1.16331E-05
1.16446E-05
1.16548E-05
1.16679E-05
1.16796E-05
1.16329E-05
1.1581E-05
1.15896E-05
1.15402E-05
1.14898E-05
1.14992E-05
1.14494E-05
1.13967E-05
1.13467E-05
1.13575E-05
9.2769E-06
9.4381E-06
9.6352E-06
9.8329E-06
9.9692E-06
1.01052E-05
1.02423E-05
1.03171E-05
1.03935E-05
1.04654E-05
1.05398E-05
1.05544E-05
1.05654E-05
1.05767E-05
1.05885E-05
1.06E-05
9.5873E-06
9.7052E-06
9.8419E-06
9.9171E-06
9.9908E-06
1.00658E-05
1.01394E-05
1.015E-05
1.01925E-05
1.02073E-05
1.02173E-05
1.0231E-05
1.02431E-05
1.02508E-05
1.0265E-05
1.02752E-05
1.02883E-05
1.02381E-05
1.01875E-05
1.01396E-05
1.01483E-05
1.00973E-05
1.00467E-05
9.9979E-06
1.00069E-05
9.9583E-06
9.9044E-06
9.9148E-06
9.8975E-06
9.8473E-06
9.7975E-06
9.7462E-06
9.7573E-06
9.7075E-06
9.6546E-06
9.605E-06
9.6156E-06
9.5669E-06
9.5148E-06
9.4629E-06
9.4746E-06
9.4279E-06
9.3748E-06
9.3252E-06
9.3377E-06
9.2875E-06
9.2375E-06
9.1862E-06
9.1983E-06
9.1446E-06
9.0423E-06
9.0519E-06
9.0654E-06
9.0152E-06
8.9629E-06
8.9733E-06
8.9223E-06
7.8721E-06
8.944E-06
8.8969E-06
8.8462E-06
8.7958E-06
8.7427E-06
8.6925E-06
8.67E-06
8.6206E-06
8.5696E-06
8.5175E-06
8.5306E-06
8.4777E-06
8.4283E-06
8.3783E-06
8.3875E-06
8.3373E-06
8.2873E-06
8.2971E-06
8.2477E-06
8.1971E-06
8.1454E-06
8.1565E-06
8.1075E-06
8.0546E-06
8.0075E-06
7.9548E-06
7.9654E-06
7.9175E-06
7.865E-06
7.8744E-06
7.8252E-06
7.774E-06
7.7858E-06
7.7377E-06
7.6858E-06
7.6323E-06
7.6448E-06
7.5946E-06
7.5477E-06
7.495E-06
7.5058E-06
7.4554E-06
7.4052E-06
7.4152E-06
7.395E-06
7.3454E-06
7.296E-06
7.2427E-06
7.2519E-06
7.2025E-06
7.1519E-06
7.1E-06
7.1108E-06
7.0592E-06
7.0075E-06
6.9606E-06
6.9698E-06
6.9221E-06
6.87E-06
6.8223E-06
6.8296E-06
6.7823E-06
6.7304E-06
6.739E-06
6.6931E-06
6.6383E-06
6.5898E-06
6.5971E-06
6.5473E-06
6.5008E-06
6.4471E-06
4.8642E-06
5.0335E-06
5.17E-06
5.3081E-06
5.44E-06
5.516E-06
5.5898E-06
5.6656E-06
5.7379E-06
5.7496E-06
5.7621E-06
5.7758E-06
5.7879E-06
5.7973E-06
5.8133E-06
5.8208E-06
5.8346E-06
5.8454E-06
5.8554E-06
5.8052E-06
5.8144E-06
5.7654E-06
5.7127E-06
5.6625E-06
5.675E-06
5.6273E-06
5.575E-06
5.5279E-06
5.5383E-06
5.4856E-06
5.435E-06
5.4419E-06
5.3927E-06
5.3429E-06
5.2917E-06
5.3029E-06
5.2537E-06
3.1765E-06
3.3215E-06
3.5227E-06
3.7165E-06
3.8546E-06
3.9915E-06
4.1269E-06
4.2029E-06
4.2752E-06
4.3508E-06
4.4256E-06
4.4379E-06
4.4492E-06
4.4615E-06
4.4742E-06
2.3935E-06
2.6121E-06
2.8715E-06
3.07E-06
3.2677E-06
3.4029E-06
3.5381E-06
3.6121E-06
3.6902E-06
3.7635E-06
3.8371E-06
3.9123E-06
-0.986754555
-0.393894945
-0.393893315
-0.393588055
-0.394181405
-0.39418651
-0.394184715
-0.393597535
-0.39359678
-0.393595575
3.7679E-06
5.2444E-06
6.5646E-06
7.74E-06
8.7896E-06
9.7215E-06
1.05517E-05
1.12879E-05
1.19371E-05
1.25129E-05
1.30169E-05
1.34619E-05
1.38558E-05
1.41992E-05
1.44971E-05
1.47594E-05
1.49867E-05
1.5184E-05
1.53548E-05
1.55E-05
1.56285E-05
1.57352E-05
1.58248E-05
1.58992E-05
1.59621E-05
1.60152E-05
1.60577E-05
1.60896E-05
1.61156E-05
1.61327E-05
1.61444E-05
1.61529E-05
1.61525E-05
1.61463E-05
1.61427E-05
1.61319E-05
1.612E-05
1.61033E-05
1.60854E-05
1.60665E-05
1.60504E-05
1.603E-05
1.60071E-05
1.5981E-05
1.59519E-05
1.59254E-05
1.58954E-05
1.58683E-05
1.58344E-05
1.58027E-05
1.57698E-05
1.57356E-05
1.57031E-05
1.56723E-05
1.56385E-05
1.5604E-05
1.55673E-05
1.55331E-05
1.54983E-05
1.54677E-05
1.54323E-05
1.53967E-05
1.53652E-05
1.53304E-05
1.52952E-05
1.52619E-05
1.52265E-05
1.51919E-05
1.51583E-05
1.51225E-05
1.509E-05
1.50573E-05
1.502E-05
1.49877E-05
1.49519E-05
1.49179E-05
-0.89458959
-0.895178245
2.677E-07
3.396E-07
4.148E-07
4.877E-07
5.615E-07
1.825E-06
3.1092E-06
4.3954E-06
5.9775E-06
7.525E-06
8.8954E-06
1.00729E-05
1.1095E-05
1.19704E-05
1.27048E-05
1.33142E-05
1.38031E-05
1.41998E-05
1.45275E-05
1.48348E-05
1.51254E-05
1.53644E-05
1.55344E-05
1.56671E-05
1.57823E-05
1.58779E-05
1.59552E-05
-0.7179887
-0.71858469
-0.718295255
-0.718293095
2.244E-07
2.996E-07
3.725E-07
4.475E-07
5.202E-07
2.2577E-06
3.8758E-06
5.3248E-06
6.6121E-06
7.789E-06
8.8021E-06
9.7079E-06
1.04952E-05
1.12252E-05
1.18421E-05
1.24E-05
1.28946E-05
1.33354E-05
1.37154E-05
1.40325E-05
1.4355E-05
1.4636E-05
1.48321E-05
1.50302E-05
1.5164E-05
1.52996E-05
1.54367E-05
1.551E-05
1.5585E-05
1.56567E-05
1.57317E-05
1.58825E-05
1.58948E-05
1.59044E-05
1.59181E-05
1.59294E-05
1.594E-05
1.48804E-05
1.4996E-05
1.51275E-05
1.5205E-05
1.52831E-05
1.53548E-05
1.54277E-05
1.54419E-05
1.54548E-05
1.54652E-05
1.54773E-05
1.54888E-05
1.34721E-05
1.36931E-05
1.38923E-05
1.40873E-05
1.42246E-05
1.43617E-05
1.45121E-05
1.45873E-05
1.46602E-05
1.47346E-05
1.48069E-05
1.48823E-05
1.48956E-05
1.49071E-05
1.49202E-05
1.53671E-05
1.47769E-05
1.47898E-05
1.48021E-05
1.48125E-05
1.48248E-05
1.48377E-05
1.48508E-05
1.48629E-05
1.48719E-05
1.48823E-05
1.48323E-05
1.47821E-05
1.47923E-05
1.47458E-05
-0.98645808
-0.986158385
-0.987050655
-0.98674536
0.98646241
-7.75E-08
-1.31E-07
-1.783E-07
-2.294E-07
-2.8E-07
-2.2929E-06
-4.3423E-06
-6.3923E-06
-8.4427E-06
-1.04937E-05
-1.254E-05
-1.45921E-05
-1.66398E-05
-1.86931E-05
-2.07431E-05
-2.27929E-05
-2.48406E-05
-2.68927E-05
-2.89402E-05
-3.09898E-05
-3.304E-05
-3.509E-05
-3.71402E-05
-3.919E-05
-4.12375E-05
-4.32894E-05
-4.53398E-05
-4.73908E-05
-4.94404E-05
-5.14898E-05
-5.35398E-05
-5.55908E-05
-5.76371E-05
-5.969E-05
-6.17381E-05
-6.37906E-05
-6.58377E-05
-6.78863E-05
-6.99375E-05
-7.19875E-05
-7.40375E-05
-7.60848E-05
-7.81369E-05
-8.01875E-05
-8.2235E-05
-8.42871E-05
-8.63383E-05
-8.83854E-05
-9.0434E-05
-9.24856E-05
-9.45354E-05
-9.6585E-05
-9.86346E-05
-0.0001006858
-0.0001027346
-0.0001047821
-0.0001068319
-0.0001088815
-0.000110935
-0.0001129821
-0.0001150323
-0.99418661
-0.98634621
-0.986637055
0
0.994303265
0.987059405
0.994303265
0.987055115
0.986750915
0.986754295
-0.0001549048
-0.0001531452
-0.0001513225
-0.0001494977
-0.0001476723
-0.0001458477
-0.0001440267
-0.0001422027
-0.0001403808
-0.000138555
-0.0001367298
-0.0001349073
-0.0001330821
-0.0001312602
-0.0001294348
-0.0001276098
-0.0001257865
-0.0001239652
-0.0001221396
-0.0001257323
0.994303595
0.98674656
0.986156875
0.986158695
1.1005E-05
1.16946E-05
1.28102E-05
1.32531E-05
1.363E-05
1.4011E-05
1.43302E-05
1.45865E-05
1.48448E-05
1.50446E-05
1.52417E-05
1.53775E-05
1.55144E-05
1.55892E-05
1.56617E-05
1.57369E-05
1.58092E-05
1.58858E-05
1.58981E-05
1.59077E-05
1.59194E-05
1.59327E-05
1.59454E-05
1.5955E-05
1.59679E-05
1.59785E-05
1.59894E-05
1.60015E-05
1.59496E-05
1.59629E-05
1.59129E-05
1.58604E-05
1.58725E-05
1.58225E-05
1.57729E-05
1.572E-05
1.57317E-05
1.56856E-05
1.56346E-05
1.55806E-05
1.5595E-05
1.55433E-05
1.54923E-05
1.55027E-05
1.54502E-05
1.54002E-05
1.53519E-05
1.53619E-05
1.53133E-05
1.52602E-05
1.5211E-05
1.52194E-05
1.51694E-05
1.51169E-05
1.51308E-05
1.50792E-05
1.50279E-05
1.49769E-05
1.49879E-05
1.49371E-05
1.4885E-05
1.48952E-05
1.48475E-05
1.47923E-05
1.47454E-05
1.47552E-05
1.47056E-05
1.46533E-05
1.46025E-05
1.46154E-05
1.4565E-05
1.45154E-05
1.45244E-05
1.44756E-05
1.44256E-05
1.43723E-05
1.43815E-05
1.433E-05
1.42821E-05
1.42296E-05
1.42402E-05
1.419E-05
1.41375E-05
1.41471E-05
1.40996E-05
1.40477E-05
1.39994E-05
1.40071E-05
1.39569E-05
1.39094E-05
1.38573E-05
1.38696E-05
1.38192E-05
1.377E-05
1.37179E-05
1.37294E-05
1.36798E-05
1.3626E-05
1.36385E-05
1.35877E-05
1.35375E-05
1.34873E-05
1.34975E-05
1.34502E-05
1.33944E-05
1.34079E-05
1.33542E-05
1.33029E-05
1.32531E-05
1.32615E-05
1.32148E-05
1.31625E-05
1.31169E-05
1.31235E-05
1.30748E-05
1.30219E-05
1.30298E-05
1.29827E-05
1.29277E-05
1.28827E-05
1.28888E-05
1.28444E-05
1.27906E-05
1.28E-05
1.27492E-05
1.2695E-05
1.26471E-05
1.26567E-05
1.26073E-05
1.25567E-05
1.25079E-05
1.25169E-05
1.24683E-05
1.24148E-05
1.24275E-05
1.23775E-05
1.23254E-05
1.22746E-05
1.22854E-05
1.22348E-05
1.21848E-05
1.21346E-05
1.21452E-05
1.20973E-05
1.20427E-05
1.20579E-05
1.20048E-05
1.19515E-05
1.19027E-05
1.19129E-05
1.18621E-05
1.18135E-05
1.18219E-05
1.17717E-05
1.17219E-05
1.16179E-05
1.16306E-05
1.16429E-05
1.15921E-05
1.15431E-05
1.14898E-05
1.15025E-05
1.14529E-05
1.14027E-05
1.14372E-05
1.13825E-05
1.13327E-05
1.12798E-05
1.12296E-05
1.12398E-05
1.12204E-05
1.11704E-05
1.11202E-05
1.10679E-05
1.10185E-05
1.10271E-05
1.09806E-05
1.09277E-05
1.09383E-05
1.08871E-05
1.08367E-05
1.07873E-05
1.07973E-05
1.07475E-05
1.06979E-05
1.06454E-05
1.06583E-05
1.06052E-05
1.05558E-05
1.05654E-05
1.0514E-05
1.04625E-05
1.04131E-05
1.04219E-05
1.03729E-05
1.03225E-05
1.02735E-05
1.02817E-05
1.02344E-05
1.01815E-05
1.01325E-05
1.0144E-05
1.00921E-05
1.00423E-05
1.00523E-05
1.00054E-05
9.9521E-06
9.9021E-06
9.9156E-06
9.8652E-06
9.8125E-06
9.8215E-06
9.7719E-06
9.7221E-06
9.67E-06
9.6798E-06
9.6333E-06
9.5788E-06
9.5316E-06
9.5392E-06
9.4904E-06
9.4404E-06
9.45E-06
9.4004E-06
9.3458E-06
9.2979E-06
9.3075E-06
9.2602E-06
9.2085E-06
9.1577E-06
9.1704E-06
9.1171E-06
9.0648E-06
9.0775E-06
9.0283E-06
6.96E-06
7.1192E-06
7.3181E-06
7.5142E-06
7.6527E-06
7.79E-06
7.9233E-06
8.0008E-06
8.0725E-06
8.1477E-06
8.2198E-06
8.2319E-06
8.2446E-06
8.255E-06
8.2704E-06
8.2802E-06
8.2929E-06
8.3027E-06
8.3148E-06
8.3269E-06
8.3377E-06
8.2869E-06
8.2363E-06
8.2483E-06
8.1973E-06
8.1471E-06
8.1577E-06
6.28E-06
6.4377E-06
4.3594E-06
4.7577E-06
5.14E-06
5.4598E-06
5.7144E-06
5.975E-06
6.1725E-06
6.3667E-06
6.5077E-06
6.6429E-06
6.7777E-06
6.8525E-06
6.9675E-06
7.0398E-06
7.1179E-06
7.1298E-06
7.1396E-06
7.1496E-06
7.1621E-06
7.1758E-06
5.0896E-06
5.3123E-06
5.5675E-06
5.7675E-06
5.9669E-06
6.3742E-06
6.4496E-06
6.5246E-06
6.6002E-06
6.6727E-06
6.6877E-06
6.6996E-06
6.7129E-06
6.7242E-06
6.7348E-06
6.7481E-06
6.7573E-06
6.7708E-06
6.7798E-06
6.7923E-06
6.7421E-06
6.7554E-06
6.7067E-06
6.6521E-06
6.6048E-06
6.6121E-06
6.5625E-06
6.5125E-06
6.5225E-06
6.4731E-06
6.4219E-06
6.3719E-06
6.38E-06
6.3348E-06
6.1798E-06
6.1929E-06
6.2021E-06
6.2162E-06
6.1608E-06
6.11E-06
6.1196E-06
6.0702E-06
6.0173E-06
5.9702E-06
5.9775E-06
5.9273E-06
5.8777E-06
5.8304E-06
5.84E-06
5.7906E-06
5.7394E-06
5.6902E-06
5.7004E-06
5.6469E-06
5.5998E-06
5.6094E-06
5.56E-06
5.5077E-06
5.4581E-06
5.4698E-06
5.419E-06
5.3694E-06
5.3173E-06
5.3298E-06
5.28E-06
5.2277E-06
5.2369E-06
5.1898E-06
5.1375E-06
5.0879E-06
5.1E-06
5.0494E-06
4.9963E-06
4.9442E-06
4.9579E-06
4.9094E-06
4.8573E-06
4.8077E-06
4.819E-06
4.7669E-06
4.7142E-06
4.7275E-06
4.6773E-06
4.6265E-06
4.5767E-06
4.5848E-06
4.5379E-06
4.3794E-06
4.3927E-06
4.4056E-06
4.4152E-06
4.365E-06
4.3127E-06
4.3279E-06
4.2783E-06
4.2217E-06
4.1723E-06
4.1877E-06
4.1358E-06
4.0831E-06
4.0352E-06
4.0481E-06
3.9971E-06
3.9446E-06
3.8942E-06
3.9067E-06
3.8554E-06
3.8079E-06
3.8138E-06
3.7646E-06
3.715E-06
3.6681E-06
3.6783E-06
3.6279E-06
3.5767E-06
3.5281E-06
3.5371E-06
3.4881E-06
3.4377E-06
3.4473E-06
3.395E-06
3.3473E-06
1.301E-06
1.4571E-06
-5.504E-07
-1.7677E-06
-1.2379E-06
-7.34E-07
-2.94E-07
8.94E-08
4.1E-07
7.275E-07
9.883E-07
1.1852E-06
1.3823E-06
1.5823E-06
1.7171E-06
1.8519E-06
1.9306E-06
1.9998E-06
2.075E-06
2.1498E-06
2.2246E-06
2.2375E-06
2.2533E-06
2.2623E-06
2.275E-06
2.2854E-06
2.2942E-06
2.3077E-06
2.3204E-06
2.33E-06
2.3458E-06
2.3546E-06
2.3048E-06
2.3181E-06
2.2675E-06
2.214E-06
2.1646E-06
1.0675E-06
1.1848E-06
-7.883E-07
-5.067E-07
-2.481E-07
1.77E-08
2.146E-07
4.402E-07
5.767E-07
7.431E-07
8.796E-07
9.548E-07
1.0304E-06
1.1029E-06
1.1777E-06
1.2512E-06
1.2623E-06
1.2775E-06
1.2848E-06
1.3002E-06
-7.867E-07
-5.652E-07
-3.063E-07
-1.11E-07
9.71E-08
2.352E-07
3.748E-07
4.473E-07
5.248E-07
5.983E-07
6.702E-07
7.45E-07
7.59E-07
7.706E-07
-7.981E-07
-8.042E-07
-6.071E-07
-4.098E-07
-2.74E-07
-1.381E-07
7.3E-09
8.29E-08
1.575E-07
2.321E-07
3.044E-07
3.769E-07
2.1971E-06
2.0598E-06
1.8815E-06
4.556E-07
4.423E-07
-1.6481E-06
-1.4281E-06
-1.2275E-06
-1.0298E-06
-8.948E-07
-7.606E-07
-6.227E-07
-4.875E-07
-3.502E-07
-2.154E-07
-8.06E-08
6.62E-08
2.002E-07
3.342E-07
4.723E-07
6.075E-07
7.394E-07
8.802E-07
1.0162E-06
1.1498E-06
1.2848E-06
1.4204E-06
1.5554E-06
1.6894E-06
1.8275E-06
1.9646E-06
2.1019E-06
2.2377E-06
2.3756E-06
2.509E-06
2.6473E-06
2.7854E-06
2.9225E-06
3.0598E-06
3.1919E-06
3.3304E-06
9.00827E-05
9.19444E-05
9.38044E-05
9.56669E-05
9.75302E-05
9.939E-05
0.0001012521
0.000103115
0.0001049748
0.0001068354
0.0001086975
0.0001105594
0.0001124227
0.0001142848
0.0001161452
0.0001180071
0.0001198679
0.0001217296
0.0001235921
0.0001254527
0.0001273179
0.0001291787
0.0001310396
0.0001328996
0.0001347621
0.0001366223
0.0001384848
0.0001403504
0.0001422073
0.0001440698
0.0001459325
0.0001477917
0.0001496546
0.000151515
0.0001533785
0.0001552398
0.0001571031
0.0001589654
0.0001608233
0.0001626875
0.0001645473
0.0001664102
0.0001682717
0.0001701325
0.000171996
0.0001738558
0.0001757198
0.0001775806
0.0001794396
0.0001813023
0.0001831631
0.0001850252
0.0001868873
0.0001887492
0.0001906129
0.0001924746
0.0001943348
0.0001961956
0.0001980581
0.0001999194
0.0002017825
0.0002036458
0.0002055056
0.0002073652
0.0002092275
0.0002110875
0.000212949
0.0002148092
0.0002166721
0.0002185342
0.0002203981
0.0002222587
0.0002241194
0.0002259823
0.0002278425
0.0002297044
0.0002315662
0.0002334273
0.0002352894
0.0002371525
0.0002390119
0.0002408752
0.000242735
0.0002445979
0.0002464606
0.0002483227
0.0002501823
0.0002520419
0.000253906
0.0002557669
0.0002576277
0.000259491
0.0002613531
0.0002632148
0.0002650744
0.0002669373
0.0002687975
0.0002706577
0.0002725227
0.0002743827
0.0002762448
0.0002781079
0.0002799704
0.0002818269
0.0002836927
0.000285555
0.0002874125
0.0002892773
0.0002911346
0.0002929971
0.0002948627
0.0002967225
0.0002985817
0.0003004458
0.0003023046
0.0003041702
0.0003060294
0.0003078931
0.0003097527
0.0003116173
0.0003134783
0.0003153402
0.0003171975
0.0003190625
0.0003209219
0.0003227852
-0.955659775
-0.956251605
-0.95625002
2.123E-07
2.875E-07
3.594E-07
4.352E-07
0.09410983
0.09410987
0.09410992
0.09411001
0.09410792
0.094105775
0.09410364
0.094101505
0.09409937
0.09409724
0.09409511
0.094092985
0.09409086
0.09408873
0.09408661
0.09408449
0.09408237
0.09408025
0.09407813
0.09407601
0.09407389
0.09407178
0.09406966
0.09406754
0.094065425
0.09406331
0.09406119
0.09405908
0.09405696
0.094054845
0.09405273
0.09405061
0.09404849
0.094046375
0.09404426
0.094042135
0.094040025
0.094037905
0.094035785
0.094033665
0.094031545
0.094029425
0.094027305
0.094025185
0.094023065
0.094020945
0.094018825
0.094016705
0.094014585
0.094012465
0.09401034
0.094008215
0.094006095
0.094003975
0.09400185
0.09399973
0.093997605
0.093995485
0.093993365
0.093991245
0.09398912
0.093987
0.09398488
0.093982755
0.093980635
0.09397851
0.09397639
0.093974265
0.093972145
-2.0048E-06
-4.367E-07
1.0481E-06
2.366E-06
3.5383E-06
4.5829E-06
5.5179E-06
6.3425E-06
7.0727E-06
7.7198E-06
8.289E-06
8.789E-06
9.6696E-06
1.00042E-05
1.02952E-05
1.05529E-05
1.07694E-05
1.09604E-05
1.11225E-05
1.12617E-05
1.13792E-05
1.1481E-05
1.15671E-05
1.16373E-05
1.16948E-05
1.17427E-05
1.17744E-05
1.18046E-05
1.18252E-05
1.18408E-05
1.18504E-05
1.185E-05
1.18527E-05
1.18448E-05
1.18342E-05
1.18225E-05
1.181E-05
1.17915E-05
1.17696E-05
1.175E-05
1.17271E-05
1.17029E-05
1.1681E-05
1.16525E-05
1.1624E-05
1.15967E-05
1.15681E-05
1.15367E-05
1.15077E-05
1.14777E-05
1.14448E-05
1.14156E-05
1.13825E-05
1.13504E-05
1.13183E-05
1.12862E-05
1.12515E-05
1.12173E-05
1.11821E-05
1.11498E-05
1.11167E-05
1.10829E-05
1.10463E-05
1.10127E-05
1.09806E-05
1.09473E-05
1.09148E-05
1.08796E-05
1.08427E-05
1.081E-05
1.07771E-05
1.07398E-05
1.07079E-05
1.06748E-05
1.064E-05
1.0605E-05
1.057E-05
1.05356E-05
1.05021E-05
1.04704E-05
1.04319E-05
1.03992E-05
1.03623E-05
1.03298E-05
1.02952E-05
1.02596E-05
1.02254E-05
1.01902E-05
1.01575E-05
1.012E-05
1.00875E-05
1.00531E-05
1.00198E-05
9.9842E-06
9.9467E-06
9.9148E-06
9.8806E-06
9.8444E-06
9.8121E-06
9.7783E-06
9.7427E-06
9.7106E-06
9.6752E-06
9.6402E-06
9.604E-06
9.57E-06
9.5356E-06
9.5023E-06
9.4687E-06
9.4352E-06
9.3973E-06
9.365E-06
9.3265E-06
9.2948E-06
9.2608E-06
9.2248E-06
9.1904E-06
-0.0358204223
-0.98674946
-0.938275525
-0.93858071
-0.938274505
-0.9382706
2.306E-07
3.025E-07
3.75E-07
4.477E-07
2.2456E-06
3.8923E-06
5.3654E-06
6.6823E-06
7.8604E-06
8.906E-06
9.8404E-06
1.06635E-05
1.13954E-05
1.20429E-05
1.26152E-05
1.31138E-05
1.35556E-05
1.39404E-05
1.42804E-05
1.45744E-05
1.48275E-05
1.50519E-05
1.52417E-05
1.54094E-05
1.55481E-05
1.567E-05
1.57696E-05
1.5856E-05
1.59271E-05
1.5984E-05
1.60352E-05
1.60708E-05
1.60969E-05
1.61225E-05
1.61348E-05
1.61429E-05
1.61444E-05
1.61473E-05
1.61408E-05
1.61319E-05
1.61202E-05
1.61054E-05
1.60875E-05
1.60315E-05
1.60121E-05
1.59929E-05
1.59725E-05
1.59529E-05
1.59306E-05
1.59046E-05
1.58777E-05
1.58521E-05
1.58223E-05
1.57927E-05
1.57635E-05
1.57352E-05
1.57081E-05
1.56748E-05
1.56396E-05
1.56104E-05
1.55767E-05
1.55467E-05
1.55119E-05
1.54775E-05
1.54454E-05
1.54123E-05
1.53777E-05
1.53483E-05
1.53133E-05
1.52765E-05
1.52444E-05
1.52096E-05
1.51754E-05
1.51425E-05
1.51052E-05
1.50729E-05
1.50394E-05
1.50052E-05
1.4969E-05
1.49367E-05
1.49025E-05
1.48663E-05
1.48337E-05
-0.43979436
-0.44038424
-0.440108455
-0.44009837
1.723E-07
2.442E-07
3.167E-07
3.919E-07
2.1806E-06
3.7942E-06
5.2456E-06
6.0008E-06
7.2215E-06
7.5344E-06
8.5883E-06
9.545E-06
1.03871E-05
1.11183E-05
1.17925E-05
1.23477E-05
1.28475E-05
1.32833E-05
1.36627E-05
1.39821E-05
1.42994E-05
1.45571E-05
1.47581E-05
1.49519E-05
1.51492E-05
1.52854E-05
1.54227E-05
1.54967E-05
1.55717E-05
1.56421E-05
1.57198E-05
1.57894E-05
1.58031E-05
1.58148E-05
1.58263E-05
1.58373E-05
0.0167436452
0.0167437173
0.0167437902
0.016741715
0.0167395898
0.0167374675
0.0167353473
0.0167332258
0.0167311015
0.0167289796
0.0167268596
0.0167247354
1.81E-08
9.921E-07
2.0194E-06
3.4623E-06
4.4881E-06
5.5075E-06
6.5279E-06
7.5479E-06
8.1171E-06
8.6796E-06
9.2456E-06
9.8073E-06
1.03679E-05
1.09237E-05
1.14821E-05
1.16775E-05
1.176E-05
1.18381E-05
1.19094E-05
1.19919E-05
1.2075E-05
1.21581E-05
1.22398E-05
1.23248E-05
1.24073E-05
1.24808E-05
1.2565E-05
1.26452E-05
1.27279E-05
1.28025E-05
1.28775E-05
1.29525E-05
1.30342E-05
1.31146E-05
1.31994E-05
1.32731E-05
1.33471E-05
1.34281E-05
1.35077E-05
1.35958E-05
1.36723E-05
1.37575E-05
1.38323E-05
1.39108E-05
1.39854E-05
1.40658E-05
1.41523E-05
1.42321E-05
1.43154E-05
1.43898E-05
1.44623E-05
1.45365E-05
1.41119E-05
1.41873E-05
1.42696E-05
1.43517E-05
1.39323E-05
1.40069E-05
1.40817E-05
1.41546E-05
1.42325E-05
1.38131E-05
1.38869E-05
1.39706E-05
1.40531E-05
1.41244E-05
1.37E-05
1.37667E-05
1.38429E-05
1.39279E-05
1.35073E-05
1.35746E-05
1.36598E-05
1.37327E-05
1.38102E-05
1.33831E-05
1.34515E-05
1.3534E-05
1.36171E-05
1.31975E-05
1.32696E-05
1.33425E-05
1.34171E-05
1.34948E-05
1.30725E-05
1.31496E-05
1.32333E-05
1.33129E-05
1.28944E-05
1.297E-05
1.30475E-05
1.31227E-05
1.32E-05
1.27765E-05
1.28498E-05
1.29352E-05
1.302E-05
1.26002E-05
1.26808E-05
1.27519E-05
1.28298E-05
1.29075E-05
1.24848E-05
1.25521E-05
1.26321E-05
1.27183E-05
1.27904E-05
1.23654E-05
1.24348E-05
1.25096E-05
1.25902E-05
1.2175E-05
1.22423E-05
1.23246E-05
1.24008E-05
1.24746E-05
1.205E-05
1.21208E-05
1.2204E-05
1.22875E-05
1.18673E-05
1.19329E-05
1.20079E-05
-0.699734585
-0.699427345
-0.698839815
-0.699140185
-0.69914247
-0.698831965
2.425E-07
3.117E-07
3.873E-07
1.3896E-06
2.4094E-06
3.4271E-06
4.4477E-06
5.4673E-06
6.4877E-06
7.5123E-06
8.7346E-06
1.0185E-05
1.12521E-05
1.22621E-05
1.32327E-05
1.36994E-05
1.47233E-05
1.43098E-05
1.43858E-05
1.44625E-05
1.4041E-05
1.4106E-05
1.418E-05
1.42598E-05
1.43408E-05
1.41575E-05
1.42323E-05
1.43146E-05
1.38927E-05
1.39627E-05
1.40467E-05
1.41273E-05
1.37021E-05
1.37712E-05
1.38427E-05
1.39277E-05
1.40081E-05
1.35856E-05
1.36496E-05
1.37248E-05
1.38075E-05
1.38894E-05
1.34596E-05
1.35271E-05
1.36104E-05
-0.61384393
-0.61384386
-0.61384927
0.986768485
0.98616638
0.98706058
0.986470305
4.85E-07
5.567E-07
6.315E-07
7.013E-07
1.7058E-06
2.72E-06
4.1696E-06
5.1908E-06
6.2025E-06
7.2127E-06
8.2242E-06
8.7871E-06
9.3494E-06
9.9094E-06
1.04754E-05
1.10313E-05
1.15944E-05
1.2155E-05
1.22408E-05
1.23246E-05
1.24073E-05
1.24902E-05
1.25658E-05
1.26394E-05
1.27227E-05
1.28042E-05
1.28869E-05
1.29723E-05
1.30479E-05
1.31217E-05
1.32017E-05
1.32885E-05
1.33704E-05
1.34544E-05
1.35273E-05
1.36021E-05
1.36779E-05
1.37617E-05
1.38427E-05
1.39271E-05
1.40002E-05
1.40781E-05
1.41529E-05
1.42346E-05
1.43206E-05
1.44029E-05
1.44852E-05
1.45594E-05
1.46365E-05
1.47098E-05
1.47919E-05
1.48746E-05
1.49565E-05
1.50408E-05
1.51125E-05
1.51873E-05
1.47577E-05
1.483E-05
1.4914E-05
1.49958E-05
1.45748E-05
1.4645E-05
1.4721E-05
1.47917E-05
1.48706E-05
1.44498E-05
1.45219E-05
1.46073E-05
1.46894E-05
1.42702E-05
1.43475E-05
1.44204E-05
1.4495E-05
1.45698E-05
1.41525E-05
1.42252E-05
1.43077E-05
1.43912E-05
1.44644E-05
1.40375E-05
1.41021E-05
1.41775E-05
1.42623E-05
1.38417E-05
1.39121E-05
1.39948E-05
1.40675E-05
1.41454E-05
1.3715E-05
1.37873E-05
1.3869E-05
1.39552E-05
1.35354E-05
1.36029E-05
1.36773E-05
1.37556E-05
1.38327E-05
1.3405E-05
1.34798E-05
1.35621E-05
1.36473E-05
-0.176758265
-0.17675444
-0.176753085
-0.17616348
0.920400245
0.9204003
0.92040035
9.75E-08
1.252E-07
1.467E-07
1.617E-07
1.731E-07
0.0001343058
0.0001361625
0.0001380148
7.44379E-05
7.23167E-05
7.0196E-05
6.80752E-05
6.59496E-05
6.17102E-05
-0.29236392
-0.29236388
-0.292363845
-0.292362605
-0.29236079
-0.29236443
0.98650249
0.986471435
0.986753035
0.986464585
0.986163
1.083E-05
3.24767E-05
3.39302E-05
3.46581E-05
3.53829E-05
2.61129E-05
-0.315190725
-0.31522944
-0.31577181
2.704E-07
4.15E-07
6.325E-07
7.098E-07
7.829E-07
9.279E-07
7.03208E-05
7.20998E-05
1.81E-08
1.8046E-06
3.5852E-06
5.3648E-06
7.1481E-06
8.25921E-05
8.37179E-05
8.48454E-05
1.1529E-06
3.404E-06
2.0306E-06
6.1827E-06
7.8494E-06
9.5204E-06
1.02175E-05
1.09538E-05
8.8848E-06
4.6523E-06
5.9733E-06
7.2138E-06
5.1521E-06
9.09E-07
-3.285E-06
-1.5371E-06
3.354E-07
-1.7273E-06
8.17E-08
-1.9823E-06
-1.819E-07
1.69E-06
3.3754E-06
2.8821E-06
2.8302E-06
4.3273E-06
2.27E-06
-1.55E-07
-1.9683E-06
-4.0831E-06
-6.2025E-06
-0.918029335
-0.91772991
-0.918035285
-0.91773629
-0.91803018
1.7448E-06
2.4854E-06
3.1771E-06
3.8154E-06
4.4067E-06
6.2702E-06
1.109E-05
9.339E-06
1.04465E-05
1.1445E-05
1.22927E-05
1.30129E-05
1.36169E-05
1.16723E-05
2.7865E-05
2.84077E-05
2.89494E-05
2.95019E-05
1.85E-08
-2.1342E-06
-4.2929E-06
-6.4506E-06
-8.6042E-06
-1.07581E-05
-1.29075E-05
-1.505E-05
-1.71923E-05
-2.0552E-06
-4.1871E-06
-6.3175E-06
-8.4433E-06
-1.05681E-05
-1.26917E-05
-0.994284835
-0.98614251
-0.98644157
-0.986137725
-0.98613353
-0.98613324
-3.80775E-05
-4.01904E-05
-4.23002E-05
-4.44104E-05
-4.65223E-05
-4.86356E-05
-5.28577E-05
-1.9873E-06
-4.1012E-06
-6.2127E-06
-1.04383E-05
-1.25519E-05
-0.59243294
-0.39933146
-0.58774226
-0.58685047
-0.58684885
-0.58773948
3.823E-07
2.2581E-06
3.9621E-06
1.9573E-06
-1.223E-07
-2.2092E-06
-4.3057E-06
-6.4173E-06
-8.5371E-06
-1.06623E-05
-1.27973E-05
-1.49379E-05
-1.70821E-05
-0.474564255
-0.47456251
2.794E-07
3.523E-07
5.002E-07
2.2929E-06
3.9358E-06
5.4025E-06
6.7181E-06
9.0569E-06
9.9775E-06
1.24108E-05
1.34846E-05
1.38952E-05
1.42498E-05
1.4559E-05
1.48308E-05
1.50685E-05
1.52708E-05
1.54479E-05
1.57483E-05
1.58592E-05
1.59537E-05
1.60308E-05
1.60921E-05
-1.61967E-05
1.80292E-05
1.84152E-05
1.79269E-05
1.7742E-05
1.74029E-05
1.7272E-05
1.2035E-05
7.5269E-06
1.95232E-05
1.83071E-05
1.80392E-05
1.78017E-05
1.7595E-05
1.74044E-05
1.72346E-05
1.7079E-05
1.69454E-05
1.68179E-05
1.67021E-05
1.65967E-05
1.65027E-05
1.64133E-05
1.63325E-05
1.62533E-05
1.61821E-05
1.61169E-05
1.60519E-05
1.59948E-05
1.59375E-05
1.58848E-05
1.58325E-05
1.57854E-05
1.57369E-05
1.56904E-05
1.56483E-05
1.55998E-05
1.55602E-05
1.55181E-05
1.54808E-05
1.54377E-05
1.54002E-05
1.53604E-05
1.5326E-05
1.52877E-05
1.52504E-05
1.52117E-05
1.5175E-05
1.51379E-05
1.51023E-05
1.50675E-05
1.50302E-05
1.49942E-05
1.49569E-05
1.48721E-05
1.48933E-05
1.48577E-05
1.48229E-05
1.47867E-05
1.47529E-05
1.47162E-05
1.46823E-05
1.46444E-05
1.46102E-05
1.45715E-05
1.45427E-05
1.44694E-05
1.44367E-05
1.44075E-05
1.43748E-05
1.43446E-05
1.43123E-05
1.42821E-05
1.4245E-05
1.42123E-05
1.41798E-05
1.41469E-05
1.41158E-05
1.40802E-05
1.40454E-05
1.40129E-05
1.39804E-05
1.39475E-05
1.39121E-05
1.38777E-05
1.38429E-05
1.38096E-05
1.37054E-05
1.36802E-05
1.36035E-05
1.36333E-05
1.36054E-05
1.35727E-05
1.35425E-05
1.35129E-05
1.34819E-05
1.3451E-05
1.33854E-05
1.33525E-05
1.33279E-05
1.32985E-05
1.32677E-05
1.3235E-05
1.32029E-05
1.31752E-05
1.31394E-05
1.31067E-05
1.30725E-05
1.30402E-05
1.30098E-05
1.29748E-05
1.29423E-05
1.29079E-05
1.28754E-05
1.28429E-05
1.28065E-05
1.27752E-05
1.27371E-05
1.27052E-05
1.26704E-05
1.26375E-05
1.26027E-05
1.25379E-05
1.25044E-05
1.24421E-05
1.24158E-05
1.23875E-05
1.23594E-05
1.23296E-05
1.22973E-05
1.22648E-05
1.22375E-05
1.22048E-05
1.21729E-05
1.21402E-05
1.21058E-05
1.20752E-05
1.20427E-05
1.2009E-05
1.19754E-05
1.19429E-05
1.19085E-05
1.1875E-05
1.18406E-05
1.18083E-05
1.17731E-05
1.17375E-05
1.15077E-05
1.16946E-05
1.15831E-05
1.15552E-05
1.15271E-05
1.14663E-05
1.14404E-05
1.14133E-05
1.13869E-05
1.13569E-05
1.13238E-05
1.12958E-05
1.12644E-05
1.12356E-05
1.12027E-05
1.11694E-05
1.11379E-05
1.1075E-05
1.10452E-05
1.10171E-05
1.09885E-05
1.09573E-05
1.09246E-05
1.08923E-05
1.08633E-05
1.08298E-05
1.07971E-05
1.07654E-05
1.06973E-05
1.06694E-05
1.06365E-05
1.06096E-05
1.05773E-05
1.05469E-05
1.05119E-05
1.04825E-05
1.04504E-05
1.04165E-05
1.0386E-05
1.03523E-05
1.03198E-05
1.0285E-05
1.02523E-05
1.02194E-05
1.01515E-05
1.01196E-05
1.00892E-05
1.00579E-05
1.00308E-05
9.9973E-06
9.9654E-06
9.9319E-06
9.8E-06
9.8779E-06
9.845E-06
9.8092E-06
9.775E-06
9.7398E-06
9.7056E-06
9.6735E-06
9.6404E-06
9.6058E-06
9.5708E-06
9.5342E-06
9.5023E-06
9.4675E-06
9.4333E-06
9.3948E-06
9.3623E-06
9.3267E-06
9.2927E-06
9.2571E-06
9.2231E-06
6.69E-06
9.4531E-06
9.3871E-06
9.3206E-06
9.2577E-06
9.1969E-06
9.0848E-06
8.5398E-06
9.0513E-06
9.0019E-06
8.9021E-06
8.861E-06
8.8229E-06
8.7825E-06
8.7419E-06
8.7046E-06
8.665E-06
8.6281E-06
8.5902E-06
8.5525E-06
8.515E-06
8.4802E-06
8.446E-06
8.4098E-06
5.8752E-06
8.6348E-06
8.5687E-06
8.4994E-06
8.4373E-06
8.3773E-06
8.2602E-06
8.2154E-06
8.1688E-06
8.1206E-06
8.0831E-06
8.0408E-06
7.9969E-06
7.9575E-06
7.8675E-06
7.8844E-06
7.8456E-06
7.8046E-06
7.7682E-06
7.73E-06
7.6921E-06
7.6554E-06
7.6198E-06
7.5817E-06
7.545E-06
7.5125E-06
7.4752E-06
7.4369E-06
7.4052E-06
7.37E-06
7.3317E-06
7.2979E-06
7.2635E-06
7.2267E-06
7.1575E-06
7.1275E-06
7.0944E-06
7.0327E-06
7.0052E-06
6.9471E-06
6.9223E-06
6.8948E-06
6.8652E-06
6.8398E-06
6.8071E-06
6.7794E-06
6.7475E-06
6.7179E-06
6.6856E-06
-0.687952355
-0.3439755021
-0.688542705
-0.68795829
-0.688847305
-0.68795385
2.823E-07
3.554E-07
4.269E-07
5.025E-07
5.75E-07
6.485E-07
2.4248E-06
4.0548E-06
5.5073E-06
6.8048E-06
4.7552E-06
6.0744E-06
-4.0154E-06
5.8173E-06
3.8294E-06
5.2429E-06
6.5617E-06
4.5029E-06
5.8321E-06
3.7748E-06
1.6627E-06
-4.59E-07
-2.575E-06
-4.6929E-06
-6.8125E-06
-8.9327E-06
-1.31696E-05
-1.504E-05
-1.74108E-05
-1.95271E-05
-2.16483E-05
-2.37646E-05
-2.58846E-05
-2.80048E-05
-3.01221E-05
-3.22423E-05
-3.43598E-05
-3.64796E-05
-3.85973E-05
-4.07192E-05
-4.28352E-05
-4.49544E-05
-4.70752E-05
-4.91946E-05
-5.13148E-05
-5.34321E-05
-5.55533E-05
-5.76694E-05
-5.97875E-05
-6.19071E-05
-6.40277E-05
-6.61471E-05
-6.82654E-05
-7.03838E-05
-7.25023E-05
-7.46223E-05
-7.67396E-05
-7.88627E-05
-8.09802E-05
-8.52179E-05
-8.73373E-05
-9.15758E-05
-9.36919E-05
-9.581E-05
-9.79319E-05
-0.0001000504
-0.0001021673
-0.0001064067
-0.0001085269
-0.0001106456
-0.0001127677
-0.000114885
-0.0001170031
-0.0001191225
-0.0001212408
-0.0001233627
-0.0001254792
-0.0001275969
-0.0001297181
-0.0001339556
-0.000136075
-0.0001381968
-0.0001403125
-0.0001424298
-0.0001445502
-0.0001466704
-0.00014879
-0.0001509077
-0.0001530283
-0.0001551446
-0.0001572642
-0.0001593831
-0.0001615017
-0.00016362
-0.0001657402
-0.0001678621
-0.00016998
-0.0001721006
-0.0001742181
-0.0001763375
-0.0001784546
-0.0001805733
-0.0001826917
-0.0001848123
-0.0001869323
-0.0001890506
-0.00019117
-0.0001932881
-0.00019541
-0.0001975275
-0.0001996458
-0.000201765
-0.0002038856
-0.0002060027
-0.0002081213
-0.0002102421
-0.0002123598
-0.0002144542
-0.0002165967
-0.0002187148
-0.0002208344
-0.0002229548
-0.000225076
-0.0002251927
-0.0002293102
-0.0002314327
-0.00023355
-0.0002356702
-0.0002377873
-0.0002399085
-0.0002420248
-0.987062265
-0.986757935
-0.98701271
-0.663362365
-0.66277487
-0.662771825
-0.66246666
-0.66246489
1.998E-07
2.731E-07
3.448E-07
1.706E-07
4.919E-07
2.2854E-06
5.5675E-06
6.8702E-06
8.0254E-06
9.0558E-06
9.7725E-06
1.08054E-05
1.15225E-05
1.21573E-05
1.32698E-05
1.36971E-05
1.40721E-05
1.4396E-05
1.46829E-05
1.49302E-05
1.51169E-05
1.55179E-05
1.5651E-05
1.57698E-05
1.58646E-05
1.59477E-05
1.60148E-05
1.6071E-05
1.61152E-05
1.61844E-05
1.62057E-05
1.62202E-05
1.62329E-05
1.52342E-05
1.63544E-05
1.63402E-05
1.63187E-05
1.6294E-05
1.62696E-05
1.61952E-05
1.61731E-05
1.61552E-05
1.61294E-05
1.61027E-05
1.60773E-05
1.60533E-05
1.60223E-05
1.59927E-05
1.59654E-05
1.59344E-05
1.59046E-05
1.58748E-05
1.58412E-05
1.581E-05
1.57781E-05
1.57121E-05
1.5685E-05
1.56556E-05
1.56275E-05
1.55921E-05
1.5565E-05
1.55294E-05
1.55002E-05
1.54671E-05
1.54323E-05
1.63123E-05
1.48206E-05
1.48873E-05
1.4909E-05
1.49229E-05
1.49335E-05
1.48381E-05
1.49623E-05
1.49479E-05
1.49275E-05
1.49152E-05
1.48975E-05
1.48832E-05
1.48596E-05
1.48425E-05
-0.12366552
-0.123665845
0.986525475
4.5E-07
5.223E-07
5.954E-07
7.415E-07
2.5094E-06
1.38269E-05
9.6525E-06
7.5371E-06
5.425E-06
7.9726E-06
9.0025E-06
9.9165E-06
7.252E-07
9.2373E-06
7.1856E-06
5.0692E-06
8.321E-07
6.0935E-06
7.315E-06
8.4052E-06
2.1008E-06
3.6773E-06
8.0873E-06
1.10852E-05
1.5094E-06
1.67519E-05
1.2575E-05
1.04598E-05
8.3448E-06
1.9929E-06
-2.2506E-06
-4.471E-07
1.4231E-06
3.1127E-06
4.6223E-06
2.5775E-06
4.596E-07
-1.6629E-06
1.465E-07
-1.9173E-06
-1.146E-07
1.7315E-06
3.39E-06
1.3402E-06
-7.821E-07
-2.9006E-06
-5.0169E-06
-7.1385E-06
-9.2575E-06
-1.34942E-05
-1.56127E-05
-1.77319E-05
-1.98525E-05
-2.19707E-05
-2.40923E-05
-2.62121E-05
-2.83306E-05
-3.04502E-05
-0.994271055
-0.987021435
-0.98643276
-0.986720015
-0.9867171
-0.98611622
-0.98671271
-0.98670214
-0.987007215
-0.986411215
-0.986108665
-0.986404505
-0.986696705
-0.98609581
-0.986990815
-0.9863972
-0.98668628
-0.98698498
-0.98639162
-0.976978455
-0.986971875
-0.98607497
-0.986662785
-0.98606943
-0.98606692
-0.98637004
-0.98637429
-0.98636749
-0.986057145
-0.986651205
-0.986361525
-0.986949605
-0.986050355
-0.936946145
-0.98604621
-0.9869394
-0.98603976
-0.98603946
-0.98603799
-0.98693066
-0.986622
-0.98633362
-0.986926645
-0.98601952
-0.986022205
-0.98602022
-0.98661155
-0.98601429
-0.98631949
-0.98690679
-0.986311095
-0.986008415
-0.986295995
-0.986579155
-0.986880805
-0.98686523
-0.98686207
-0.98635982
-0.986261405
-0.9854499
-0.98623771
-0.98592741
-0.0293253556
-0.98622594
-0.98651346
-0.986225695
-0.986217855
-0.986808405
-0.985908765
-0.986804295
-0.98621341
-0.98649365
-0.98620514
-0.986489675
-0.98620207
-0.986199955
-0.98648396
-0.985889695
-0.985887575
-0.98588598
-0.986190395
-0.98618854
-0.986186155
-0.986181825
-0.98645974
-0.98646424
-0.986467845
-0.985853755
-0.985854055
-0.98585285
-0.98584671
-0.986738605
-0.985843905
-0.986142345
-0.986732505
-0.98583508
-0.98613768
-0.98642182
-0.98613656
-0.986129245
-0.986415855
-0.985821845
-0.986715555
-0.986118035
-0.9861232
-0.98640851
-0.98611675
-0.986116055
-0.98639916
-0.98580372
-0.985803295
-0.986394235
-0.986102865
-0.986388435
-0.986098625
-0.98579439
-0.985790835
-0.985788065
-0.98637602
-0.985783565
-0.98578158
-0.985779985
-0.986672785
-0.985774575
-0.986076655
-0.986664475
-0.98607281
-0.9866618
-0.986067395
-0.98576602
-0.98575896
-0.986063645
-0.985753295
-0.98575403
-0.986649435
-0.986342595
-0.986052785
-0.985745165
-0.98605037
-0.98663676
-0.98573556
-0.98573799
-0.98573314
-0.985735315
-0.985732675
-0.98573068
-0.98662387
-0.986616815
-0.986311275
-0.98572273
-0.98602234
-0.98661172
-0.98571091
-0.98571334
-0.985714475
-0.98660441
-0.985706075
-0.986295455
-0.985700275
-0.986006255
-0.985694345
-0.98659053
-0.98599782
-0.98599284
-0.98628153
-0.98598899
-0.98568462
-0.985989955
-0.985679215
-0.98626872
-0.98626505
-0.985673245
-0.98597611
-0.98566667
-0.98656428
-0.98656164
-0.98625766
-0.985661575
-0.985662445
-0.9862513
-0.985658595
-0.985651015
-0.986546415
-0.98654365
-0.98564232
-0.98594973
-0.9856451
-0.98623461
-0.98622664
-0.98653002
-0.98593796
-0.98593753
-0.98621934
-0.986216695
-0.98652021
-0.98562057
-0.98592928
-0.98562309
-0.98592465
-0.98651117
-0.9856114
-0.985613835
-0.985611845
-0.985911585
-0.985905955
-0.98619231
-0.98560051
-0.98649812
-0.98618647
-0.986182925
-0.986183925
-0.9861779
-0.985584415
-0.985580475
-0.98588581
-0.9858859
-0.98616731
-0.98557681
-0.98556949
-0.98556984
-0.98587088
-0.985873705
-0.986158625
-0.985865695
-0.985867995
-0.985561285
-0.98614456
-0.9855538
-0.985551675
-0.985853895
-0.986136865
-0.985849915
-0.985544635
-0.851667695
-0.85225498
-0.85226103
-0.851967345
2.15E-07
2.852E-07
3.6E-07
4.346E-07
2.2315E-06
3.8794E-06
5.3579E-06
6.6775E-06
7.8531E-06
8.9E-06
9.8327E-06
1.06577E-05
1.13929E-05
1.20377E-05
1.26098E-05
1.31127E-05
1.35515E-05
1.39404E-05
1.42765E-05
1.45723E-05
1.48279E-05
1.50525E-05
2.07854E-05
2.09752E-05
2.11675E-05
2.13563E-05
7.0094E-06
6.4581E-06
5.9021E-06
5.3529E-06
5.53844E-05
5.67054E-05
5.80223E-05
-0.14252564
-0.14252378
-0.142521915
-0.142520055
-0.142523655
0.986825695
0.98675272
0.98646577
7.515E-06
9.3775E-06
1.12373E-05
3.01806E-05
3.08554E-05
3.15327E-05
3.22079E-05
3.02325E-05
2.81935E-05
2.61498E-05
2.4111E-05
2.20704E-05
2.00302E-05
1.79871E-05
1.59452E-05
1.39017E-05
1.18946E-05
1.0125E-05
8.4375E-06
7.0027E-06
5.9394E-06
5.7202E-06
6.4352E-06
-0.12820892
-0.128210165
-0.12761705
-0.128209925
-0.12762039
-0.128208815
-0.127927925
-0.127923155
-0.127622375
-0.12762567
-0.127625455
-0.12821881
-0.127631905
-0.12822423
-0.127942945
-0.12763931
-0.127943685
-0.127639395
-0.1276384
-0.127947445
-0.12764498
-0.127645935
-0.127652475
-0.127648745
-0.12795715
-0.1276565
-0.12824635
-0.12796403
-0.127663515
-0.127661085
-0.1282538
-0.1282606
-0.127666995
3.8248E-06
8.07223E-05
8.22031E-05
8.36798E-05
1.69E-08
1.551E-06
3.0277E-06
4.5067E-06
5.9117E-06
7.1729E-06
8.2971E-06
9.2969E-06
1.01871E-05
-0.907505295
-0.90809778
-0.90809232
2.131E-07
2.879E-07
3.602E-07
1.8402E-06
3.5225E-06
5.0352E-06
6.3904E-06
7.5979E-06
8.6748E-06
9.6315E-06
1.04792E-05
1.12325E-05
1.18996E-05
1.24867E-05
1.30058E-05
1.34571E-05
1.38575E-05
1.42073E-05
1.20073E-05
1.50583E-05
1.52579E-05
1.54279E-05
1.5575E-05
1.56956E-05
1.57977E-05
1.5885E-05
1.59569E-05
1.60175E-05
1.60698E-05
1.61044E-05
1.61369E-05
1.61573E-05
1.61717E-05
1.61798E-05
1.61873E-05
1.61821E-05
1.61796E-05
1.61702E-05
1.61596E-05
1.61477E-05
1.61306E-05
1.61098E-05
1.60902E-05
1.60675E-05
1.60429E-05
1.60167E-05
1.59894E-05
1.59644E-05
1.59348E-05
1.59052E-05
1.58777E-05
1.58467E-05
1.58142E-05
1.57846E-05
1.57554E-05
1.57231E-05
1.569E-05
1.56579E-05
1.56254E-05
1.55931E-05
1.55571E-05
1.5525E-05
1.54925E-05
1.54579E-05
1.54248E-05
1.53925E-05
1.53573E-05
1.53227E-05
1.52883E-05
1.52546E-05
1.52229E-05
1.5184E-05
1.51525E-05
1.51173E-05
1.50821E-05
1.50496E-05
1.50146E-05
1.49831E-05
1.4946E-05
1.4915E-05
1.48769E-05
1.48454E-05
1.48075E-05
1.47748E-05
1.47373E-05
1.4705E-05
1.46704E-05
1.46383E-05
1.46027E-05
1.45692E-05
1.45346E-05
1.4496E-05
1.44625E-05
1.44296E-05
1.43942E-05
1.43594E-05
1.43258E-05
1.42927E-05
1.42575E-05
1.42242E-05
1.41869E-05
1.41529E-05
1.41177E-05
1.40846E-05
1.405E-05
1.40152E-05
1.39777E-05
1.39454E-05
1.39104E-05
1.38775E-05
1.38423E-05
1.38081E-05
1.37721E-05
1.37373E-05
1.37023E-05
1.36735E-05
1.36383E-05
1.35994E-05
1.35648E-05
1.35323E-05
1.34948E-05
1.33929E-05
1.33677E-05
1.33427E-05
1.33125E-05
1.32844E-05
1.3254E-05
1.32246E-05
1.3194E-05
1.31598E-05
1.313E-05
1.31002E-05
1.30673E-05
1.30321E-05
1.30004E-05
1.29675E-05
1.29344E-05
1.29E-05
1.27677E-05
1.28454E-05
1.28123E-05
1.27775E-05
1.27429E-05
1.27083E-05
1.26719E-05
1.26373E-05
1.26019E-05
1.25677E-05
1.25329E-05
1.25E-05
1.24648E-05
1.24277E-05
1.2395E-05
1.23604E-05
1.2324E-05
1.22902E-05
1.22565E-05
1.22221E-05
1.21885E-05
1.21521E-05
1.2114E-05
1.20825E-05
1.20481E-05
1.20119E-05
1.19773E-05
1.19425E-05
1.19096E-05
1.18779E-05
1.184E-05
1.18073E-05
1.17725E-05
1.17375E-05
1.17002E-05
1.16679E-05
1.16348E-05
1.16E-05
1.15638E-05
1.15298E-05
1.14956E-05
1.146E-05
1.14252E-05
1.13917E-05
1.13575E-05
1.13227E-05
1.12896E-05
1.12521E-05
1.12208E-05
1.11862E-05
1.115E-05
1.11154E-05
1.10798E-05
1.10471E-05
1.10127E-05
1.09779E-05
1.09444E-05
1.09071E-05
1.08721E-05
1.08394E-05
1.0804E-05
1.07704E-05
1.07352E-05
1.07015E-05
1.06648E-05
1.06327E-05
1.0595E-05
1.05621E-05
1.05302E-05
1.04933E-05
1.04581E-05
1.04246E-05
1.039E-05
1.03544E-05
1.03196E-05
1.02842E-05
1.02498E-05
1.02175E-05
1.0185E-05
1.0146E-05
1.01127E-05
1.00806E-05
1.00452E-05
1.00123E-05
9.9773E-06
9.941E-06
9.9102E-06
9.8729E-06
9.8367E-06
9.8048E-06
9.7698E-06
9.7333E-06
9.6977E-06
9.6656E-06
9.6321E-06
9.5975E-06
9.5598E-06
9.5281E-06
9.4927E-06
9.4594E-06
9.4233E-06
9.3877E-06
9.3533E-06
9.3198E-06
9.2883E-06
9.2494E-06
9.215E-06
8.6825E-06
9.2073E-06
9.1652E-06
9.1285E-06
9.0877E-06
9.0475E-06
9.0065E-06
8.9706E-06
8.9296E-06
8.8896E-06
8.8552E-06
8.8196E-06
8.7827E-06
8.7446E-06
8.7098E-06
8.6731E-06
8.6406E-06
8.6015E-06
8.5669E-06
8.5327E-06
8.495E-06
8.4594E-06
8.4271E-06
8.3902E-06
8.3585E-06
8.3204E-06
8.2854E-06
8.2529E-06
8.2179E-06
8.1813E-06
8.1483E-06
8.1113E-06
8.0773E-06
8.0425E-06
8.0077E-06
7.9752E-06
7.9371E-06
7.9056E-06
7.8677E-06
7.8358E-06
7.7996E-06
7.7644E-06
7.6629E-06
7.6379E-06
7.6071E-06
7.5806E-06
7.5533E-06
7.5219E-06
7.4921E-06
7.4633E-06
7.4302E-06
7.3998E-06
7.3667E-06
7.3352E-06
7.3017E-06
7.2696E-06
7.2369E-06
7.2042E-06
7.1727E-06
7.136E-06
7.1027E-06
7.0708E-06
7.0379E-06
6.9996E-06
6.9679E-06
6.9373E-06
6.9006E-06
6.8652E-06
6.8352E-06
6.7969E-06
6.7621E-06
6.7267E-06
6.695E-06
6.6612E-06
6.6248E-06
6.595E-06
6.5571E-06
6.5221E-06
6.4898E-06
6.4546E-06
6.4202E-06
6.385E-06
6.3488E-06
6.3154E-06
6.2829E-06
6.2448E-06
6.2121E-06
6.1769E-06
6.1444E-06
6.1102E-06
6.0723E-06
6.0398E-06
6.0027E-06
5.9725E-06
5.9383E-06
5.8994E-06
5.8673E-06
5.8321E-06
5.7975E-06
5.7629E-06
5.7296E-06
5.6921E-06
5.6598E-06
5.6252E-06
5.5923E-06
5.556E-06
5.5229E-06
5.4871E-06
5.4531E-06
5.4169E-06
5.3817E-06
5.3471E-06
5.3158E-06
5.2796E-06
5.245E-06
5.209E-06
5.1744E-06
5.1417E-06
5.1073E-06
5.0702E-06
5.0402E-06
5.0035E-06
4.9698E-06
4.9354E-06
4.9027E-06
4.8646E-06
4.829E-06
4.7954E-06
4.7631E-06
4.7292E-06
4.6935E-06
4.6577E-06
4.6246E-06
4.5892E-06
4.5544E-06
4.5206E-06
4.4877E-06
4.4525E-06
4.4185E-06
4.3827E-06
4.3483E-06
4.3131E-06
4.2802E-06
4.2471E-06
4.2096E-06
4.1744E-06
4.1396E-06
4.1071E-06
4.0727E-06
4.0392E-06
4.0019E-06
3.9681E-06
3.9323E-06
3.8981E-06
3.8656E-06
3.829E-06
3.7948E-06
3.7629E-06
3.7267E-06
3.6917E-06
3.6554E-06
3.625E-06
3.5873E-06
3.5527E-06
3.5202E-06
3.4856E-06
3.4521E-06
3.4171E-06
3.3794E-06
3.3479E-06
3.3125E-06
3.275E-06
3.2456E-06
3.21E-06
3.1721E-06
3.1406E-06
3.1079E-06
3.0696E-06
3.0371E-06
3.0027E-06
2.9667E-06
2.9317E-06
2.8981E-06
2.8619E-06
2.8267E-06
2.795E-06
2.7596E-06
2.7252E-06
2.69E-06
2.6552E-06
2.62E-06
2.5877E-06
2.5515E-06
2.5177E-06
2.4821E-06
2.4498E-06
2.415E-06
2.3792E-06
2.3444E-06
2.31E-06
2.2777E-06
2.2404E-06
2.2073E-06
2.1727E-06
2.1379E-06
2.1044E-06
2.07E-06
2.035E-06
2.0004E-06
1.966E-06
1.9323E-06
1.8979E-06
1.8642E-06
1.8273E-06
1.7929E-06
1.7592E-06
1.7227E-06
1.6898E-06
1.6542E-06
1.6208E-06
1.5854E-06
1.5527E-06
1.5204E-06
1.4858E-06
1.4487E-06
1.4123E-06
1.3777E-06
1.3452E-06
1.31E-06
1.2771E-06
1.2427E-06
1.2077E-06
1.17E-06
1.1375E-06
1.105E-06
1.0677E-06
1.0319E-06
1E-06
9.625E-07
9.302E-07
8.948E-07
8.627E-07
8.24E-07
7.923E-07
7.575E-07
7.227E-07
6.9E-07
6.544E-07
6.198E-07
5.825E-07
5.521E-07
5.156E-07
4.788E-07
4.473E-07
4.094E-07
3.779E-07
3.412E-07
3.071E-07
2.729E-07
2.394E-07
2.073E-07
1.779E-07
1.477E-07
1.181E-07
9.5E-08
6.96E-08
4.62E-08
2.54E-08
7.3E-09
-2.17E-08
-4.21E-08
-5.69E-08
-7.27E-08
-8.56E-08
-1.002E-07
-1.079E-07
-1.196E-07
-1.275E-07
-1.354E-07
-1.419E-07
-1.5E-07
-1.558E-07
-1.604E-07
-1.652E-07
-1.698E-07
-1.731E-07
-1.771E-07
-1.777E-07
-1.817E-07
-1.858E-07
-1.854E-07
-1.867E-07
-1.9E-07
-1.906E-07
-1.923E-07
-1.904E-07
-1.951E-07
-1.898E-07
-1.944E-07
-1.954E-07
-1.927E-07
-1.915E-07
-1.952E-07
-1.927E-07
-1.956E-07
-1.946E-07
-1.927E-07
-1.931E-07
-1.929E-07
-1.917E-07
-1.915E-07
-1.931E-07
-1.954E-07
-1.929E-07
-1.898E-07
-1.902E-07
-1.904E-07
-1.902E-07
-1.898E-07
-1.898E-07
-1.881E-07
-1.877E-07
-1.873E-07
-1.877E-07
-1.844E-07
-1.869E-07
-1.846E-07
-1.842E-07
-1.848E-07
-1.852E-07
-1.846E-07
-1.819E-07
-1.829E-07
-1.842E-07
-1.827E-07
-1.827E-07
-1.796E-07
-1.81E-07
-1.825E-07
-1.779E-07
-1.767E-07
-1.775E-07
-1.752E-07
-1.769E-07
-1.785E-07
-1.781E-07
-1.744E-07
-1.775E-07
-1.75E-07
-1.725E-07
-1.7E-07
-0.99430557
-0.98675803
-0.986168745
-0.98616627
-0.986755565
-0.986162375
-0.986755175
-1.725E-07
-1.702E-07
-1.673E-07
-1.694E-07
-1.71E-07
-1.679E-07
-1.677E-07
-1.671E-07
-1.646E-07
-1.644E-07
-1.681E-07
-1.658E-07
-1.627E-07
-1.642E-07
-1.633E-07
-1.627E-07
-1.625E-07
-1.625E-07
-1.625E-07
-1.602E-07
-1.6E-07
-1.635E-07
-1.6E-07
-1.602E-07
-1.596E-07
-1.571E-07
-1.579E-07
-1.542E-07
-1.565E-07
-1.554E-07
-1.552E-07
-1.525E-07
-1.531E-07
-1.544E-07
-1.521E-07
-1.527E-07
-1.527E-07
-1.525E-07
-1.533E-07
-1.5E-07
-1.502E-07
-1.512E-07
-1.498E-07
-1.471E-07
-1.467E-07
-1.473E-07
-1.448E-07
-1.469E-07
-1.481E-07
-1.444E-07
-1.448E-07
-1.473E-07
-1.444E-07
-1.429E-07
-1.423E-07
-1.435E-07
-1.423E-07
-1.433E-07
-1.404E-07
-1.39E-07
-1.408E-07
-1.373E-07
-1.371E-07
-1.379E-07
-1.34E-07
-1.369E-07
-1.379E-07
-1.346E-07
-1.35E-07
-1.36E-07
-1.358E-07
-1.354E-07
-1.323E-07
-1.317E-07
-1.327E-07
-0.994305615
-0.98616735
-0.987061235
-0.98675521
-0.987062015
-0.98616254
-0.98647195
-0.986755215
-0.98706202
-0.98675769
-0.98646818
-0.98616372
-0.98647013
-0.98647143
-0.987062405
-0.986468955
-0.98616632
-0.98675561
-0.9861632
-0.98616866
-0.986468835
-0.98675938
-0.986471045
-0.98706254
-0.987060465
-0.986165805
-0.986469355
-0.986165805
-0.986472345
-0.986170745
-1.15E-07
-1.119E-07
-1.104E-07
-1E-08
-1.067E-07
-1.069E-07
-1.092E-07
-1.075E-07
-1.05E-07
-1.067E-07
-1.044E-07
-1.042E-07
-1.035E-07
-1.056E-07
-4.6E-09
-1.027E-07
-1.029E-07
-9.98E-08
-9.71E-08
-9.92E-08
-9.79E-08
0
-0.251338805
-0.250747605
-0.25074645
3.84E-06
5.7031E-06
7.565E-06
9.425E-06
1.03277E-05
1.11054E-05
1.17948E-05
1.24029E-05
1.29365E-05
-1.37775E-05
1.57173E-05
1.58908E-05
1.60025E-05
1.76425E-05
1.57744E-05
1.58873E-05
1.59856E-05
1.60694E-05
1.61373E-05
1.62469E-05
1.62875E-05
1.63152E-05
1.63396E-05
1.63546E-05
1.63623E-05
1.63675E-05
1.6364E-05
1.63625E-05
1.63521E-05
1.63427E-05
1.63271E-05
1.63108E-05
1.629E-05
1.62696E-05
1.62475E-05
1.62231E-05
1.62E-05
1.61721E-05
1.61442E-05
1.76429E-05
1.54652E-05
1.55073E-05
1.55454E-05
1.55723E-05
1.55948E-05
1.56098E-05
1.56202E-05
1.56233E-05
1.56196E-05
1.56154E-05
1.56025E-05
1.55954E-05
1.55806E-05
1.55627E-05
1.55427E-05
1.55194E-05
1.55E-05
1.54746E-05
1.54473E-05
1.54223E-05
1.53948E-05
1.53669E-05
1.534E-05
1.53085E-05
1.52765E-05
1.52467E-05
1.52146E-05
1.51817E-05
1.51496E-05
1.51179E-05
1.50842E-05
1.50529E-05
1.502E-05
1.49854E-05
1.49583E-05
1.49269E-05
1.48977E-05
1.48669E-05
1.48344E-05
1.48025E-05
1.4769E-05
1.47375E-05
1.4704E-05
1.46731E-05
1.46377E-05
1.4605E-05
1.45744E-05
1.45412E-05
1.45048E-05
1.44725E-05
1.44379E-05
1.44033E-05
1.43702E-05
1.42694E-05
1.42462E-05
1.41627E-05
1.41392E-05
1.41173E-05
1.40704E-05
1.40471E-05
1.40223E-05
1.3994E-05
1.39727E-05
1.39444E-05
1.39144E-05
1.38842E-05
1.38546E-05
1.37648E-05
1.37421E-05
1.37179E-05
1.36917E-05
1.36644E-05
1.36379E-05
1.3609E-05
1.35798E-05
1.34875E-05
1.34646E-05
1.34398E-05
1.34156E-05
1.33919E-05
1.33027E-05
1.32825E-05
1.32579E-05
1.3236E-05
1.32094E-05
1.31821E-05
1.31544E-05
1.31248E-05
1.31E-05
1.30685E-05
1.30371E-05
1.30071E-05
1.29754E-05
1.29448E-05
1.29102E-05
1.28798E-05
1.2845E-05
1.28123E-05
1.26829E-05
1.266E-05
1.26383E-05
1.26127E-05
1.25131E-05
1.24898E-05
1.24627E-05
1.24183E-05
0.994299935
1.23131E-05
1.22865E-05
1.2264E-05
1.22406E-05
1.22233E-05
1.22108E-05
1.22002E-05
1.21802E-05
1.21625E-05
1.21421E-05
1.21196E-05
1.20971E-05
1.20715E-05
1.2044E-05
1.20192E-05
1.19871E-05
1.19602E-05
1.24471E-05
1.2415E-05
1.2935E-05
1.3415E-05
1.38365E-05
1.42071E-05
1.45321E-05
1.53679E-05
1.55481E-05
1.56992E-05
1.5829E-05
1.594E-05
1.60325E-05
1.61094E-05
1.61737E-05
1.62269E-05
1.62681E-05
1.63019E-05
1.63277E-05
1.6346E-05
1.63548E-05
1.63619E-05
1.63625E-05
1.63577E-05
1.63521E-05
1.63413E-05
1.63273E-05
1.63098E-05
1.62919E-05
1.62715E-05
1.625E-05
1.62267E-05
1.62027E-05
1.6174E-05
1.61465E-05
1.61231E-05
1.60923E-05
1.60617E-05
1.60329E-05
1.60004E-05
1.59702E-05
1.59385E-05
1.59079E-05
1.58748E-05
1.58425E-05
1.58123E-05
1.57785E-05
1.57473E-05
1.57127E-05
1.5681E-05
1.56485E-05
1.56148E-05
1.55796E-05
1.5545E-05
1.55102E-05
1.5475E-05
1.54425E-05
1.54077E-05
1.53723E-05
1.53396E-05
1.5305E-05
1.52704E-05
1.52371E-05
1.52E-05
1.51685E-05
1.51329E-05
1.51004E-05
1.50644E-05
1.5029E-05
1.49944E-05
1.53471E-05
-0.619655215
-0.619660615
0.98616537
0.98706126
0.98616485
0
5.625E-07
5.992E-07
6.377E-07
6.702E-07
2.4025E-06
3.986E-06
5.405E-06
6.6719E-06
7.8023E-06
8.8106E-06
9.705E-06
1.05021E-05
1.1209E-05
1.18348E-05
1.23875E-05
1.28806E-05
1.33148E-05
1.36944E-05
1.403E-05
1.43254E-05
1.45844E-05
1.48127E-05
1.50129E-05
1.5185E-05
1.53352E-05
1.54673E-05
1.55825E-05
1.56804E-05
1.57629E-05
1.58348E-05
1.58948E-05
1.59473E-05
1.59867E-05
1.60219E-05
1.60477E-05
1.60673E-05
1.60846E-05
1.60925E-05
1.60973E-05
1.60988E-05
1.60956E-05
1.60898E-05
1.6081E-05
1.60658E-05
1.60531E-05
1.60317E-05
1.60148E-05
1.59944E-05
1.59729E-05
1.59475E-05
1.59194E-05
1.58954E-05
1.58706E-05
1.58371E-05
1.58108E-05
1.57769E-05
1.57485E-05
1.5715E-05
1.56821E-05
1.56496E-05
1.56181E-05
1.55854E-05
1.55475E-05
1.5516E-05
1.54804E-05
1.54446E-05
1.54127E-05
1.53748E-05
1.534E-05
1.53081E-05
1.527E-05
1.52371E-05
1.52008E-05
1.51619E-05
1.51354E-05
1.51027E-05
1.50727E-05
1.50369E-05
1.50085E-05
1.49721E-05
