2.345E-06
1.54E-08
7.83E-08
4.52E-08
1.8625E-06
3.5469E-06
5.0525E-06
6.3998E-06
7.6035E-06
8.6746E-06
9.6279E-06
1.04756E-05
1.12227E-05
1.1885E-05
1.24717E-05
1.29873E-05
1.34369E-05
1.38371E-05
1.4181E-05
1.44827E-05
1.47498E-05
1.49785E-05
1.51723E-05
1.53425E-05
1.549E-05
1.56154E-05
1.572E-05
1.58098E-05
1.58825E-05
1.59419E-05
1.5995E-05
1.60325E-05
1.60627E-05
1.60883E-05
1.61029E-05
1.61131E-05
1.6119E-05
1.61169E-05
1.61133E-05
1.61042E-05
1.60927E-05
1.60798E-05
1.60621E-05
1.60423E-05
1.60219E-05
1.5999E-05
1.59773E-05
1.59494E-05
1.59256E-05
1.58971E-05
1.58692E-05
1.58431E-05
1.58131E-05
1.57802E-05
1.57529E-05
1.57202E-05
1.56885E-05
1.56573E-05
1.56244E-05
1.55921E-05
1.55571E-05
1.55273E-05
1.5494E-05
1.54583E-05
1.5425E-05
1.5395E-05
1.53596E-05
1.5325E-05
1.52931E-05
1.52583E-05
1.52231E-05
1.51908E-05
1.51571E-05
1.51235E-05
1.50873E-05
1.50544E-05
1.50198E-05
1.49829E-05
1.49502E-05
1.49179E-05
1.48827E-05
1.48469E-05
1.48127E-05
1.47767E-05
1.47452E-05
1.47094E-05
1.46744E-05
1.46429E-05
1.46075E-05
1.45719E-05
1.45402E-05
1.45023E-05
1.44675E-05
1.44373E-05
1.44008E-05
1.4365E-05
1.43306E-05
1.42948E-05
1.42635E-05
1.42267E-05
1.41944E-05
1.416E-05
1.41242E-05
1.40892E-05
1.4054E-05
1.40217E-05
1.39873E-05
1.39515E-05
1.39181E-05
1.38821E-05
1.38498E-05
1.38148E-05
1.37792E-05
1.37483E-05
1.37125E-05
1.36773E-05
1.36425E-05
1.36077E-05
1.35733E-05
1.35394E-05
1.3505E-05
1.347E-05
1.34346E-05
1.34E-05
1.33679E-05
1.33325E-05
1.32979E-05
1.32642E-05
1.32271E-05
1.31935E-05
1.31598E-05
1.31275E-05
1.30898E-05
1.30556E-05
1.30227E-05
1.29904E-05
1.29519E-05
1.292E-05
1.28823E-05
1.28502E-05
1.28177E-05
1.27794E-05
1.27446E-05
1.27121E-05
1.26777E-05
1.26429E-05
1.26106E-05
1.2576E-05
1.25387E-05
1.25054E-05
1.24704E-05
1.24379E-05
1.23998E-05
1.23681E-05
1.23319E-05
1.22969E-05
1.22656E-05
1.22273E-05
1.2195E-05
1.21569E-05
1.21254E-05
1.20923E-05
1.20571E-05
1.20202E-05
1.19879E-05
1.19529E-05
1.192E-05
1.18844E-05
1.18502E-05
1.18173E-05
1.17802E-05
1.17477E-05
1.17094E-05
1.16806E-05
1.16425E-05
1.16098E-05
1.15756E-05
1.15394E-05
1.15063E-05
1.14723E-05
1.14373E-05
1.14006E-05
1.13648E-05
1.13323E-05
1.12977E-05
1.12644E-05
1.12288E-05
1.11952E-05
1.11621E-05
1.11256E-05
1.10896E-05
1.10581E-05
1.10227E-05
1.09906E-05
1.0955E-05
1.09179E-05
1.08848E-05
1.08515E-05
1.0815E-05
1.07819E-05
1.07475E-05
1.07098E-05
1.06779E-05
1.06458E-05
1.0611E-05
1.05758E-05
1.05408E-05
1.05058E-05
1.04727E-05
1.04379E-05
1.04042E-05
1.03679E-05
1.03346E-05
1.02996E-05
1.0264E-05
1.023E-05
1.01952E-05
1.016E-05
1.01277E-05
1.00919E-05
1.0059E-05
1.00223E-05
9.991E-06
9.9554E-06
9.9204E-06
9.8844E-06
9.85E-06
9.8169E-06
9.7823E-06
9.7467E-06
9.7131E-06
9.6792E-06
9.6452E-06
9.6102E-06
9.5744E-06
9.5392E-06
9.5044E-06
9.4721E-06
9.4375E-06
9.4021E-06
9.3681E-06
9.335E-06
9.2992E-06
9.264E-06
9.2323E-06
9.1977E-06
9.1588E-06
9.1275E-06
9.0933E-06
9.0579E-06
9.025E-06
8.99E-06
8.9544E-06
8.9192E-06
8.8858E-06
8.8523E-06
8.8167E-06
8.7831E-06
8.7496E-06
8.7121E-06
8.6796E-06
8.6425E-06
8.6106E-06
8.5773E-06
8.5421E-06
8.5075E-06
8.4729E-06
8.4383E-06
8.4033E-06
8.3729E-06
8.3358E-06
8.3004E-06
8.2675E-06
8.2296E-06
8.1973E-06
8.1619E-06
8.1283E-06
8.0923E-06
8.0602E-06
8.0269E-06
7.9906E-06
7.9542E-06
7.92E-06
7.8879E-06
7.8517E-06
7.8192E-06
7.7852E-06
7.7498E-06
7.7152E-06
7.6804E-06
7.6471E-06
7.6125E-06
7.5773E-06
7.5404E-06
7.51E-06
7.475E-06
7.4375E-06
7.4056E-06
7.3729E-06
7.3346E-06
7.2992E-06
7.2652E-06
7.2352E-06
7.1971E-06
7.1627E-06
7.1273E-06
7.0952E-06
7.0621E-06
7.0248E-06
6.9894E-06
6.9573E-06
6.9227E-06
6.885E-06
6.855E-06
6.8188E-06
6.7835E-06
6.7533E-06
6.7131E-06
6.68E-06
6.6475E-06
6.6108E-06
6.5758E-06
6.5431E-06
6.51E-06
6.4752E-06
6.4408E-06
6.4077E-06
6.3737E-06
6.335E-06
6.3019E-06
6.2681E-06
6.2321E-06
6.2002E-06
6.1648E-06
6.13E-06
6.0958E-06
6.0604E-06
6.0279E-06
5.9927E-06
5.9544E-06
5.9223E-06
5.8869E-06
5.855E-06
5.8175E-06
5.7846E-06
5.749E-06
5.7144E-06
5.6798E-06
5.6483E-06
5.6117E-06
5.5775E-06
5.5427E-06
5.5106E-06
5.4781E-06
5.4369E-06
5.4056E-06
5.3731E-06
5.3377E-06
5.3046E-06
5.2669E-06
5.2333E-06
5.1981E-06
5.1648E-06
5.129E-06
5.0973E-06
5.0619E-06
5.0273E-06
4.9929E-06
4.9577E-06
4.9246E-06
4.8883E-06
4.8544E-06
4.8177E-06
4.7873E-06
4.7494E-06
4.7144E-06
4.6794E-06
4.6504E-06
4.6156E-06
4.5783E-06
4.5454E-06
4.5096E-06
4.4758E-06
4.4412E-06
4.4048E-06
4.3694E-06
4.3373E-06
4.3025E-06
4.2679E-06
4.2331E-06
4.2004E-06
4.1652E-06
4.13E-06
4.0944E-06
4.0617E-06
4.0248E-06
3.9906E-06
3.9575E-06
3.9227E-06
3.8896E-06
3.856E-06
3.8169E-06
3.7879E-06
3.7523E-06
3.7181E-06
3.6825E-06
3.6471E-06
3.6129E-06
3.5804E-06
3.5438E-06
3.5096E-06
3.4777E-06
3.4425E-06
3.4071E-06
3.3715E-06
3.3369E-06
3.3046E-06
3.2675E-06
3.2344E-06
3.2002E-06
3.1654E-06
3.1302E-06
3.0975E-06
3.0627E-06
3.0279E-06
2.9942E-06
2.9567E-06
2.9246E-06
2.8898E-06
2.8581E-06
2.8194E-06
2.7844E-06
2.7525E-06
2.7173E-06
2.6819E-06
2.6473E-06
2.6148E-06
2.5804E-06
2.5452E-06
2.5098E-06
2.4773E-06
2.4427E-06
2.4079E-06
2.3729E-06
2.3373E-06
2.3048E-06
2.27E-06
2.2344E-06
2.1994E-06
2.1669E-06
2.1317E-06
2.0979E-06
2.0617E-06
2.0285E-06
1.995E-06
1.959E-06
1.9246E-06
1.8923E-06
1.8575E-06
1.8227E-06
1.7879E-06
1.7517E-06
1.7196E-06
1.6846E-06
1.6479E-06
1.6152E-06
1.5825E-06
1.5469E-06
1.5125E-06
1.474E-06
1.4425E-06
1.4071E-06
1.3725E-06
1.3402E-06
1.3069E-06
1.2725E-06
1.2373E-06
1.2015E-06
1.1665E-06
1.1329E-06
1.0981E-06
1.0646E-06
1.0294E-06
9.977E-07
9.608E-07
9.275E-07
8.896E-07
8.548E-07
8.248E-07
7.871E-07
7.546E-07
7.187E-07
6.848E-07
6.496E-07
6.15E-07
5.823E-07
5.477E-07
5.137E-07
4.765E-07
4.419E-07
4.083E-07
3.748E-07
3.377E-07
3.05E-07
2.706E-07
2.373E-07
2.042E-07
1.748E-07
1.454E-07
1.208E-07
9.02E-08
6.75E-08
4.38E-08
1.92E-08
-7.3E-09
-2.46E-08
-4.29E-08
-5.69E-08
-7.06E-08
-8.23E-08
-9.48E-08
-1.05E-07
-1.138E-07
-1.26E-07
-1.325E-07
-1.408E-07
-1.467E-07
-1.525E-07
-1.592E-07
-1.656E-07
-1.683E-07
-1.731E-07
-1.765E-07
-1.804E-07
-1.825E-07
-1.858E-07
-1.877E-07
-1.906E-07
-1.902E-07
-1.896E-07
-1.921E-07
-1.925E-07
-1.925E-07
-1.948E-07
-1.96E-07
-1.954E-07
-1.96E-07
-1.95E-07
-1.942E-07
-1.975E-07
-1.948E-07
-1.975E-07
-1.981E-07
-1.954E-07
-1.94E-07
-1.952E-07
-1.952E-07
-1.919E-07
-1.948E-07
-1.958E-07
-1.904E-07
-1.921E-07
-1.9E-07
-1.923E-07
-1.9E-07
-1.919E-07
-1.9E-07
-1.902E-07
-1.902E-07
-1.9E-07
-1.906E-07
-1.881E-07
-1.875E-07
-1.885E-07
-1.873E-07
-1.873E-07
-1.856E-07
-1.85E-07
-1.821E-07
-1.846E-07
-1.831E-07
-1.856E-07
-1.825E-07
-1.806E-07
-1.792E-07
-1.777E-07
-1.794E-07
-1.829E-07
-1.777E-07
-1.802E-07
-1.783E-07
-1.775E-07
-1.744E-07
-1.74E-07
-1.754E-07
-1.735E-07
-1.754E-07
-1.733E-07
-1.75E-07
-1.725E-07
-1.729E-07
-1.723E-07
-1.7E-07
-1.7E-07
-1.685E-07
-1.694E-07
-1.698E-07
-1.675E-07
-1.681E-07
-1.675E-07
-1.702E-07
-1.677E-07
-1.656E-07
-1.65E-07
-1.646E-07
-1.633E-07
-1.625E-07
-1.625E-07
-1.594E-07
-1.631E-07
-1.598E-07
-1.602E-07
-1.596E-07
-1.598E-07
-1.569E-07
-1.6E-07
-1.575E-07
-1.573E-07
-1.55E-07
-0.99430572
-0.98616434
-0.98706303
-0.986471015
-0.986170585
-0.986469195
-0.986468675
-0.986468805
-0.98616733
-0.986163825
-0.98706277
-0.987059915
-0.986757145
-0.987061215
-0.987061085
-0.986165645
-0.986472965
-0.98616721
-0.98646998
-0.98706031
-0.98675845
-0.986469585
-0.9864679
-0.98675845
-0.98647258
-0.987062265
-0.98675715
0.659731135
1.4E-07
-1.375E-07
-1.402E-07
-1.381E-07
-1.379E-07
-1.346E-07
-1.344E-07
-1.379E-07
-1.356E-07
-1.352E-07
-1.335E-07
-1.34E-07
-1.321E-07
-1.319E-07
-1.325E-07
-1.325E-07
-1.331E-07
-1.327E-07
-1.279E-07
-1.271E-07
-1.29E-07
-1.269E-07
-1.265E-07
-1.248E-07
-1.265E-07
-1.246E-07
-1.25E-07
-1.25E-07
-1.246E-07
-1.254E-07
-1.219E-07
-1.223E-07
-1.221E-07
-1.204E-07
-1.175E-07
-1.206E-07
-1.167E-07
-1.175E-07
-1.15E-07
-1.152E-07
-1.14E-07
-1.121E-07
-1.129E-07
-1.096E-07
-1.106E-07
-1.075E-07
-1.104E-07
-1.071E-07
-1.077E-07
-1.069E-07
-1.046E-07
-1.079E-07
-1.05E-07
-1.006E-07
-1.031E-07
-1.029E-07
-9.96E-08
-9.71E-08
-9.94E-08
-9.79E-08
-9.75E-08
-9.83E-08
-9.54E-08
-9.25E-08
-9.17E-08
-9.25E-08
-9.25E-08
-9.25E-08
-9.02E-08
-8.98E-08
-8.73E-08
-8.75E-08
-8.75E-08
-8.71E-08
-8.42E-08
-8.48E-08
-8.17E-08
-8.23E-08
-8.25E-08
-8.02E-08
-8E-08
-7.98E-08
-7.54E-08
-7.69E-08
-7.81E-08
-7.54E-08
-7.48E-08
-7.6E-08
-7.33E-08
-7.27E-08
-7.08E-08
-7.06E-08
-6.96E-08
-6.92E-08
-6.79E-08
-6.6E-08
-6.44E-08
-6.25E-08
-6.56E-08
-6.25E-08
-6.29E-08
-5.98E-08
-6E-08
-5.71E-08
-5.79E-08
-5.75E-08
-5.48E-08
-5.4E-08
-5.52E-08
-5.52E-08
-5.54E-08
-4.94E-08
-4.94E-08
-4.92E-08
-5.02E-08
-4.81E-08
-4.77E-08
-4.54E-08
-4.56E-08
-4.56E-08
-4.5E-08
-4.48E-08
-4.29E-08
-4.27E-08
-4.23E-08
-3.98E-08
-4.08E-08
-3.81E-08
-3.67E-08
-3.71E-08
-3.48E-08
-3.42E-08
-3.48E-08
-3.46E-08
-3.27E-08
-3.23E-08
-3.04E-08
-3.29E-08
-3.04E-08
-2.75E-08
-2.94E-08
-2.73E-08
-2.73E-08
-2.46E-08
-2.33E-08
-2.31E-08
-2.13E-08
-1.96E-08
-2.13E-08
-2.29E-08
-1.98E-08
-1.83E-08
-2E-08
-1.69E-08
-1.4E-08
-1.52E-08
-1.5E-08
-1.46E-08
-1.27E-08
-1E-08
-1E-08
-7.3E-09
-5.6E-09
-6.9E-09
-7.1E-09
-7.5E-09
4.4E-09
7.1E-09
5E-09
4.8E-09
7.9E-09
7.7E-09
1.08E-08
9.6E-09
1.27E-08
1.25E-08
1.21E-08
1.54E-08
1.48E-08
1.48E-08
1.75E-08
1.83E-08
1.88E-08
2.02E-08
1.94E-08
2.06E-08
2.25E-08
2.54E-08
2.46E-08
2.23E-08
2.48E-08
2.48E-08
2.77E-08
2.81E-08
2.67E-08
2.98E-08
3.27E-08
3.37E-08
3.27E-08
3.54E-08
3.58E-08
3.35E-08
3.56E-08
3.73E-08
3.75E-08
3.83E-08
4.08E-08
4.25E-08
4.23E-08
4.31E-08
4.21E-08
4.19E-08
4.54E-08
4.46E-08
4.81E-08
4.65E-08
5.04E-08
4.83E-08
4.94E-08
5.04E-08
5.08E-08
4.98E-08
5.25E-08
5.27E-08
5.58E-08
5.5E-08
5.6E-08
5.71E-08
5.77E-08
6.04E-08
6.1E-08
6.04E-08
5.94E-08
6.21E-08
6.29E-08
6.44E-08
6.46E-08
6.52E-08
6.69E-08
6.79E-08
7E-08
7.04E-08
7.29E-08
7.08E-08
7.5E-08
7.38E-08
7.71E-08
7.85E-08
7.75E-08
7.96E-08
8.27E-08
8.23E-08
8E-08
8.54E-08
8.46E-08
8.71E-08
8.79E-08
9.06E-08
8.98E-08
8.96E-08
9.06E-08
9.25E-08
9.44E-08
9.46E-08
9.75E-08
9.77E-08
9.77E-08
1.006E-07
1E-07
1.019E-07
1.023E-07
1.056E-07
1.05E-07
1.044E-07
1.1E-07
1.096E-07
1.075E-07
1.104E-07
1.15E-07
1.131E-07
1.144E-07
1.154E-07
1.177E-07
1.173E-07
1.208E-07
1.175E-07
1.204E-07
1.219E-07
1.219E-07
1.206E-07
1.225E-07
1.237E-07
1.237E-07
1.223E-07
1.223E-07
1.219E-07
1.2E-07
1.221E-07
1.215E-07
1.217E-07
1.212E-07
1.206E-07
1.229E-07
1.204E-07
1.227E-07
1.229E-07
1.223E-07
1.219E-07
1.225E-07
1.221E-07
1.225E-07
1.229E-07
1.231E-07
1.233E-07
1.233E-07
1.233E-07
1.233E-07
1.229E-07
1.252E-07
1.231E-07
1.246E-07
1.219E-07
1.25E-07
1.221E-07
1.246E-07
1.213E-07
1.248E-07
1.238E-07
1.254E-07
1.256E-07
1.227E-07
1.25E-07
1.256E-07
1.221E-07
1.252E-07
1.252E-07
1.256E-07
1.215E-07
1.25E-07
1.242E-07
1.248E-07
1.254E-07
1.246E-07
1.248E-07
1.275E-07
1.248E-07
1.252E-07
1.254E-07
1.271E-07
1.254E-07
1.248E-07
1.25E-07
1.275E-07
1.283E-07
1.273E-07
1.25E-07
1.25E-07
1.279E-07
1.263E-07
1.279E-07
1.277E-07
1.271E-07
1.277E-07
1.267E-07
1.285E-07
1.269E-07
1.267E-07
1.271E-07
1.269E-07
1.304E-07
1.269E-07
1.296E-07
1.271E-07
1.296E-07
1.269E-07
1.298E-07
1.273E-07
1.283E-07
1.3E-07
1.312E-07
1.304E-07
1.288E-07
1.285E-07
1.3E-07
1.3E-07
1.304E-07
1.277E-07
1.302E-07
1.302E-07
1.296E-07
1.298E-07
1.294E-07
1.298E-07
1.327E-07
1.325E-07
1.31E-07
1.3E-07
1.319E-07
1.294E-07
1.308E-07
1.323E-07
1.329E-07
1.325E-07
1.317E-07
1.313E-07
1.323E-07
1.329E-07
1.306E-07
1.327E-07
1.323E-07
1.323E-07
1.327E-07
1.325E-07
1.329E-07
1.333E-07
1.335E-07
1.331E-07
1.327E-07
1.323E-07
1.321E-07
1.323E-07
1.348E-07
1.331E-07
1.358E-07
1.329E-07
1.323E-07
1.325E-07
1.323E-07
1.344E-07
1.323E-07
1.335E-07
1.331E-07
1.344E-07
1.325E-07
1.348E-07
1.346E-07
1.354E-07
1.348E-07
1.344E-07
1.348E-07
1.346E-07
1.369E-07
1.371E-07
1.373E-07
1.367E-07
1.39E-07
1.398E-07
1.385E-07
1.375E-07
1.402E-07
1.381E-07
1.4E-07
1.41E-07
1.41E-07
1.435E-07
1.431E-07
1.429E-07
1.444E-07
1.446E-07
1.45E-07
1.444E-07
1.45E-07
1.442E-07
1.452E-07
1.452E-07
1.454E-07
1.469E-07
1.475E-07
1.462E-07
1.473E-07
1.477E-07
1.479E-07
1.49E-07
1.5E-07
1.502E-07
1.475E-07
1.529E-07
1.508E-07
1.515E-07
1.494E-07
1.519E-07
1.525E-07
1.521E-07
1.527E-07
1.529E-07
1.542E-07
1.546E-07
1.513E-07
1.527E-07
1.525E-07
1.523E-07
1.523E-07
1.521E-07
1.527E-07
1.55E-07
1.552E-07
1.54E-07
1.535E-07
1.548E-07
1.552E-07
1.55E-07
1.542E-07
1.554E-07
1.55E-07
1.544E-07
1.552E-07
1.544E-07
1.527E-07
1.579E-07
1.544E-07
1.546E-07
1.556E-07
1.554E-07
1.581E-07
1.571E-07
1.55E-07
1.554E-07
1.546E-07
1.544E-07
1.546E-07
1.542E-07
1.544E-07
1.554E-07
1.575E-07
1.546E-07
1.548E-07
1.544E-07
1.571E-07
1.573E-07
1.577E-07
1.567E-07
1.594E-07
1.585E-07
1.55E-07
1.596E-07
1.585E-07
1.565E-07
1.579E-07
1.608E-07
1.608E-07
1.575E-07
1.571E-07
1.573E-07
1.579E-07
1.583E-07
1.573E-07
1.579E-07
1.604E-07
1.61E-07
1.596E-07
1.573E-07
1.6E-07
1.577E-07
1.575E-07
1.604E-07
1.592E-07
1.592E-07
1.602E-07
1.604E-07
1.602E-07
1.606E-07
1.6E-07
1.6E-07
1.565E-07
1.598E-07
1.59E-07
1.569E-07
1.598E-07
1.598E-07
1.606E-07
1.608E-07
1.569E-07
1.6E-07
1.592E-07
1.602E-07
1.594E-07
1.596E-07
1.592E-07
1.621E-07
1.598E-07
1.617E-07
1.625E-07
1.61E-07
1.617E-07
1.596E-07
1.594E-07
1.596E-07
1.627E-07
1.615E-07
1.596E-07
1.619E-07
1.621E-07
1.619E-07
1.631E-07
1.627E-07
1.629E-07
1.623E-07
1.6E-07
1.633E-07
1.613E-07
1.623E-07
1.598E-07
1.6E-07
1.6E-07
1.6E-07
1.625E-07
1.633E-07
1.621E-07
1.625E-07
1.627E-07
1.623E-07
1.598E-07
1.621E-07
1.615E-07
1.627E-07
1.654E-07
1.631E-07
1.604E-07
1.625E-07
1.627E-07
1.598E-07
1.623E-07
1.627E-07
1.621E-07
1.617E-07
1.606E-07
1.623E-07
1.637E-07
1.625E-07
1.617E-07
1.598E-07
1.633E-07
1.627E-07
1.625E-07
1.598E-07
1.6E-07
1.633E-07
1.594E-07
1.594E-07
1.6E-07
1.596E-07
1.629E-07
1.625E-07
1.623E-07
1.627E-07
1.606E-07
1.652E-07
1.621E-07
1.623E-07
1.629E-07
1.654E-07
1.65E-07
1.625E-07
1.631E-07
1.621E-07
1.65E-07
1.652E-07
1.66E-07
1.621E-07
1.652E-07
1.652E-07
1.681E-07
1.646E-07
1.673E-07
1.646E-07
1.65E-07
1.675E-07
1.667E-07
1.652E-07
1.679E-07
1.667E-07
1.669E-07
1.667E-07
1.671E-07
1.671E-07
1.669E-07
1.671E-07
1.696E-07
1.7E-07
1.698E-07
1.665E-07
1.679E-07
1.681E-07
1.704E-07
1.708E-07
1.731E-07
1.706E-07
1.7E-07
1.7E-07
1.706E-07
1.708E-07
1.71E-07
1.71E-07
1.71E-07
1.706E-07
1.708E-07
1.706E-07
1.702E-07
1.698E-07
1.708E-07
1.696E-07
1.692E-07
1.704E-07
1.702E-07
1.704E-07
1.702E-07
1.702E-07
1.706E-07
1.7E-07
1.675E-07
1.673E-07
1.698E-07
1.688E-07
1.673E-07
1.673E-07
1.671E-07
1.683E-07
1.675E-07
1.708E-07
1.71E-07
1.685E-07
1.669E-07
1.692E-07
1.671E-07
1.667E-07
1.671E-07
1.671E-07
1.667E-07
1.679E-07
1.667E-07
1.669E-07
1.652E-07
1.671E-07
1.679E-07
1.669E-07
1.65E-07
1.675E-07
1.671E-07
1.648E-07
1.675E-07
1.662E-07
1.646E-07
1.654E-07
1.683E-07
1.646E-07
1.644E-07
1.673E-07
1.644E-07
1.654E-07
1.656E-07
1.638E-07
1.677E-07
1.658E-07
1.65E-07
1.64E-07
1.652E-07
1.623E-07
1.65E-07
1.65E-07
1.648E-07
1.652E-07
1.619E-07
1.652E-07
1.623E-07
1.654E-07
1.633E-07
1.596E-07
1.629E-07
1.621E-07
1.623E-07
1.631E-07
1.64E-07
1.623E-07
1.619E-07
1.621E-07
1.627E-07
1.627E-07
1.623E-07
1.604E-07
1.627E-07
1.617E-07
1.604E-07
1.627E-07
1.598E-07
1.594E-07
1.625E-07
1.608E-07
1.594E-07
1.623E-07
1.596E-07
1.602E-07
1.629E-07
1.635E-07
1.598E-07
1.594E-07
1.594E-07
1.598E-07
1.604E-07
1.606E-07
1.592E-07
1.592E-07
1.598E-07
1.581E-07
1.602E-07
1.604E-07
1.565E-07
1.602E-07
1.602E-07
1.587E-07
1.594E-07
1.598E-07
1.579E-07
1.573E-07
1.604E-07
1.569E-07
1.598E-07
1.6E-07
1.575E-07
1.571E-07
1.596E-07
1.604E-07
1.573E-07
1.575E-07
1.571E-07
1.579E-07
1.604E-07
1.577E-07
1.569E-07
1.598E-07
1.6E-07
1.59E-07
1.573E-07
1.573E-07
1.575E-07
1.59E-07
1.585E-07
1.604E-07
1.569E-07
1.577E-07
1.592E-07
1.583E-07
1.6E-07
1.59E-07
1.606E-07
1.592E-07
1.602E-07
1.59E-07
1.573E-07
1.604E-07
1.594E-07
1.598E-07
1.629E-07
1.627E-07
1.604E-07
1.635E-07
1.623E-07
1.629E-07
1.631E-07
1.619E-07
1.623E-07
1.652E-07
1.652E-07
1.658E-07
1.644E-07
1.64E-07
1.654E-07
1.646E-07
1.652E-07
1.633E-07
1.652E-07
1.66E-07
1.681E-07
1.683E-07
1.685E-07
1.679E-07
1.654E-07
1.675E-07
1.669E-07
1.677E-07
1.675E-07
1.696E-07
1.696E-07
1.696E-07
1.698E-07
1.696E-07
1.698E-07
1.692E-07
1.702E-07
1.702E-07
1.708E-07
1.692E-07
1.692E-07
1.694E-07
1.696E-07
1.694E-07
1.679E-07
1.702E-07
1.69E-07
1.694E-07
1.694E-07
1.706E-07
1.71E-07
1.694E-07
1.694E-07
1.696E-07
1.706E-07
1.706E-07
1.696E-07
1.679E-07
1.704E-07
1.692E-07
1.694E-07
1.677E-07
1.702E-07
1.702E-07
1.702E-07
1.7E-07
1.706E-07
1.706E-07
1.704E-07
1.696E-07
1.698E-07
1.706E-07
1.679E-07
1.702E-07
1.681E-07
1.675E-07
1.675E-07
1.698E-07
1.673E-07
1.708E-07
1.675E-07
1.675E-07
1.669E-07
1.673E-07
1.667E-07
1.679E-07
1.706E-07
1.671E-07
1.694E-07
1.685E-07
1.671E-07
1.679E-07
1.681E-07
1.683E-07
1.694E-07
1.669E-07
1.669E-07
1.671E-07
1.652E-07
1.679E-07
1.679E-07
1.677E-07
1.652E-07
1.677E-07
1.673E-07
1.679E-07
1.675E-07
1.679E-07
1.665E-07
1.675E-07
1.679E-07
1.687E-07
1.675E-07
1.648E-07
1.648E-07
1.677E-07
1.687E-07
1.648E-07
1.648E-07
1.625E-07
1.652E-07
1.65E-07
1.658E-07
1.631E-07
1.652E-07
1.683E-07
1.631E-07
1.679E-07
1.66E-07
1.658E-07
1.656E-07
1.65E-07
1.644E-07
1.613E-07
1.656E-07
1.652E-07
1.623E-07
1.625E-07
1.646E-07
1.619E-07
1.648E-07
1.623E-07
1.635E-07
1.65E-07
1.627E-07
1.631E-07
1.644E-07
1.623E-07
1.652E-07
1.652E-07
1.654E-07
1.648E-07
1.629E-07
1.623E-07
1.656E-07
1.623E-07
1.629E-07
1.654E-07
1.619E-07
1.648E-07
1.648E-07
1.648E-07
1.598E-07
1.629E-07
1.629E-07
1.652E-07
1.621E-07
1.621E-07
1.627E-07
1.613E-07
1.629E-07
1.629E-07
1.617E-07
1.631E-07
1.631E-07
1.619E-07
1.594E-07
1.623E-07
1.625E-07
1.625E-07
1.59E-07
1.596E-07
1.623E-07
1.6E-07
1.635E-07
1.602E-07
1.598E-07
1.608E-07
1.602E-07
1.619E-07
1.627E-07
1.621E-07
1.623E-07
1.615E-07
1.615E-07
1.617E-07
1.646E-07
1.621E-07
1.644E-07
1.646E-07
1.648E-07
1.627E-07
1.629E-07
1.65E-07
1.646E-07
1.652E-07
1.656E-07
1.648E-07
1.638E-07
1.652E-07
1.675E-07
1.66E-07
1.675E-07
1.687E-07
1.648E-07
1.677E-07
1.654E-07
1.679E-07
1.671E-07
1.679E-07
1.667E-07
1.698E-07
1.683E-07
1.671E-07
1.706E-07
1.675E-07
1.698E-07
1.694E-07
1.694E-07
1.706E-07
1.7E-07
1.692E-07
1.719E-07
1.735E-07
1.733E-07
1.735E-07
1.721E-07
1.723E-07
1.725E-07
1.723E-07
1.723E-07
1.712E-07
1.704E-07
1.725E-07
1.719E-07
1.696E-07
1.729E-07
1.727E-07
1.715E-07
1.729E-07
1.7E-07
1.723E-07
1.717E-07
1.737E-07
1.702E-07
1.723E-07
1.725E-07
1.731E-07
1.727E-07
1.713E-07
1.727E-07
1.696E-07
1.721E-07
1.704E-07
1.725E-07
1.719E-07
1.702E-07
1.725E-07
1.69E-07
1.723E-07
1.733E-07
1.723E-07
1.7E-07
1.723E-07
1.719E-07
1.7E-07
1.696E-07
1.731E-07
1.735E-07
1.696E-07
1.7E-07
1.721E-07
1.735E-07
1.696E-07
1.698E-07
1.704E-07
1.694E-07
1.696E-07
1.723E-07
1.702E-07
1.704E-07
1.708E-07
1.694E-07
1.708E-07
1.696E-07
1.723E-07
1.719E-07
1.706E-07
1.698E-07
1.696E-07
1.719E-07
1.71E-07
1.723E-07
1.727E-07
1.706E-07
1.696E-07
1.696E-07
1.696E-07
1.719E-07
1.727E-07
1.698E-07
1.704E-07
1.702E-07
1.71E-07
1.694E-07
1.698E-07
1.698E-07
1.733E-07
1.706E-07
1.719E-07
1.696E-07
1.694E-07
1.704E-07
1.694E-07
1.694E-07
1.7E-07
1.696E-07
1.704E-07
1.7E-07
1.702E-07
1.679E-07
1.675E-07
1.702E-07
1.704E-07
1.7E-07
1.702E-07
1.692E-07
1.698E-07
1.671E-07
1.679E-07
1.677E-07
1.698E-07
1.702E-07
1.698E-07
1.677E-07
1.702E-07
1.702E-07
1.692E-07
1.675E-07
1.673E-07
1.7E-07
1.667E-07
1.698E-07
1.7E-07
1.698E-07
1.685E-07
1.7E-07
1.702E-07
1.679E-07
1.673E-07
1.671E-07
1.683E-07
1.704E-07
1.665E-07
1.681E-07
1.667E-07
1.675E-07
1.704E-07
1.671E-07
1.671E-07
1.696E-07
1.685E-07
1.671E-07
1.667E-07
1.677E-07
1.673E-07
1.669E-07
1.669E-07
1.706E-07
1.671E-07
1.696E-07
1.669E-07
1.671E-07
1.704E-07
1.669E-07
1.652E-07
1.702E-07
1.669E-07
1.671E-07
1.677E-07
1.706E-07
1.673E-07
1.696E-07
1.673E-07
1.675E-07
1.702E-07
1.698E-07
1.679E-07
1.704E-07
1.727E-07
1.698E-07
1.7E-07
1.754E-07
1.733E-07
1.723E-07
1.727E-07
1.733E-07
1.758E-07
1.725E-07
1.746E-07
1.752E-07
1.75E-07
1.752E-07
1.752E-07
1.754E-07
1.752E-07
1.752E-07
1.748E-07
1.775E-07
1.787E-07
1.771E-07
1.775E-07
1.777E-07
1.777E-07
1.804E-07
1.783E-07
1.771E-07
1.781E-07
1.767E-07
1.779E-07
1.8E-07
1.798E-07
1.775E-07
1.773E-07
1.8E-07
1.815E-07
1.823E-07
1.8E-07
1.821E-07
1.821E-07
1.808E-07
1.802E-07
1.802E-07
1.808E-07
1.802E-07
1.804E-07
1.821E-07
1.798E-07
1.798E-07
1.827E-07
1.827E-07
1.796E-07
1.804E-07
1.8E-07
1.831E-07
1.835E-07
1.798E-07
1.792E-07
1.8E-07
1.794E-07
1.8E-07
1.804E-07
1.804E-07
1.8E-07
1.792E-07
1.794E-07
1.792E-07
1.821E-07
1.8E-07
1.8E-07
1.831E-07
1.796E-07
1.798E-07
1.825E-07
1.827E-07
1.796E-07
1.794E-07
1.796E-07
1.804E-07
1.8E-07
1.802E-07
1.802E-07
1.823E-07
1.827E-07
1.823E-07
1.848E-07
1.808E-07
1.823E-07
1.817E-07
1.817E-07
1.837E-07
1.856E-07
1.819E-07
1.813E-07
1.821E-07
1.819E-07
1.829E-07
1.798E-07
1.825E-07
1.815E-07
1.825E-07
1.821E-07
1.831E-07
1.833E-07
1.84E-07
1.821E-07
1.823E-07
1.842E-07
1.821E-07
1.819E-07
1.827E-07
1.846E-07
1.825E-07
1.827E-07
1.842E-07
1.831E-07
1.85E-07
1.85E-07
1.858E-07
1.827E-07
1.85E-07
1.846E-07
1.833E-07
1.848E-07
1.827E-07
1.854E-07
1.854E-07
1.813E-07
1.856E-07
1.823E-07
1.848E-07
1.821E-07
1.823E-07
1.852E-07
1.827E-07
1.848E-07
1.817E-07
1.819E-07
1.854E-07
1.817E-07
1.825E-07
1.829E-07
1.846E-07
1.852E-07
1.829E-07
1.821E-07
1.846E-07
1.854E-07
1.844E-07
1.848E-07
1.829E-07
1.85E-07
1.856E-07
1.84E-07
1.84E-07
1.819E-07
1.823E-07
1.848E-07
1.85E-07
1.854E-07
1.846E-07
1.844E-07
1.817E-07
1.854E-07
