21.010568 139792
22.004382 262143
23.004476 262143
24.0041891 262143
25.0049435 262143
26.0056486 262143
27.0046412 262143
28.0049902 262143
29.0049614 262143
30.005023 262143
31.0043523 262143
32.0045663 262143
33.0046222 262143
34.004575 262143
35.004573 262143
36.0048029 262143
37.0052611 262143
38.0046515 262143
39.0051708 262143
40.0049584 262143
41.0047454 262143
42.00508 262143
43.0041424 262143
44.0046494 262143
45.0047808 262143
46.0048747 262143
47.0047438 262143
48.0047197 262143
49.0046058 262143
57.8755703 131072
6.5809226 27914
7.5770291 67688
8.5773934 109452
9.5765954 149176
10.5764882 184910
11.5770162 215692
12.576269 241261
13.5761859 262143
14.5768161 262143
15.5769074 262143
16.5767894 262143
17.576658 262143
18.5767129 262143
19.5767627 262143
20.5757882 262143
21.5799481 262143
22.5758205 262143
23.5766657 262143
24.5762346 262143
25.5762952 262143
26.5767735 262143
27.5769182 262143
28.5770865 262143
29.5764769 262143
30.5772846 262143
31.5769008 262143
32.5767884 262143
33.5791926 262143
34.5793476 255068
35.5773041 247883
36.5772985 241186
37.5778969 234926
38.5764127 229147
39.5770614 223731
40.5759509 218772
41.5765472 214142
42.577202 209831
43.5769346 205862
44.5767699 202179
45.5770696 198763
46.5766047 195592
47.5768936 192663
48.5761654 189930
49.5761279 187387
50.5768104 185046
51.577162 182858
52.5773005 180833
53.5761536 178941
54.5760817 177188
55.5766421 175525
56.5769665 174015
57.576288 172567
58.5767417 171246
59.5760027 169997
60.5773955 168805
61.5769588 167734
62.5932067 166689
63.5795042 165734
64.579227 164791
65.5763327 163964
66.5768946 163157
67.592304 162392
68.5776587 161671
69.5763106 160997
70.5811289 160333
71.5761746 159759
72.5768335 159160
73.5771604 158615
74.5860704 158088
75.5762105 157599
76.5764445 157131
77.576521 156664
78.5832535 156240
79.5798531 155840
80.5763219 155426
81.5760735 155058
82.5760099 154698
83.5769505 154347
84.5765754 154006
85.5758934 153696
86.5768171 153397
87.5767263 153111
88.5767268 152798
89.5767093 152539
90.5761284 152275
91.5766986 152006
92.5764163 151754
93.576228 151518
94.5764148 151300
95.5756563 151040
96.5760355 150838
97.5761151 150636
98.5764764 150413
99.5764615 150210
100.5761033 150028
101.5759242 149847
102.5756614 149648
103.5762906 149471
104.5755957 149296
105.5754592 149124
106.5760673 148956
107.575723 148810
108.5754777 148649
109.5767042 148513
110.5754228 148341
111.5753135 148193
112.5781298 148193
113.5750451 0
114.5750687 0
115.5753643 0
116.5756583 0
117.5756209 0
118.5744477 0
119.5750651 0
120.5755342 0
121.5763645 0
122.5752252 0
123.5747156 0
124.5750615 0
125.5769372 0
126.5751888 0
127.5752601 0
128.5755008 0
129.5750533 0
130.5747043 0
131.5743985 0
132.5758143 0
133.5750938 0
134.5748029 0
135.5744267 0
136.57549 0
137.5763173 0
138.5748403 0
139.575488 0
140.5745653 0
141.5752047 0
142.5748229 0
143.5752406 0
144.5748106 0
145.5739925 0
146.5757292 0
147.5739238 0
148.5742219 0
149.5741932 0
150.574867 0
151.5739982 0
152.5744621 0
153.5747905 0
154.5736636 0
155.5743338 0
156.5747449 0
157.5751872 0
158.5746859 0
159.5743764 0
160.5743328 0
161.5744883 0
162.5740377 0
163.575431 0
164.5749224 0
165.5747074 0
166.5748691 0
167.575527 0
168.575159 0
169.574846 0
170.5740002 0
171.5747608 0
172.5743574 0
173.5736682 0
174.5750908 0
175.5753515 0
176.5745781 0
177.5742219 0
178.5759298 0
179.573837 0
180.5745663 0
181.5745098 0
182.5747223 0
183.5747141 0
184.5750764 0
185.5745817 0
186.5743466 0
187.5745068 0
188.5735651 0
189.5741763 0
190.5739387 0
191.5744775 0
192.5736292 0
193.5745976 0
194.5744796 0
195.5737241 0
196.5740161 0
197.5740346 0
198.5744873 0
199.5744508 0
200.5739202 0
201.585823 0
202.5743374 0
203.5740069 0
204.5734732 0
205.5737 0
206.5740808 0
212.7376776 131072
217.5739505 0
218.5735902 0
219.5742029 0
220.5734229 0
221.5742327 0
222.5736077 0
223.5741809 0
224.5739464 0
225.5732633 0
226.5740038 0
227.5732859 0
228.9688809 131072
229.4808381 131072
229.7289463 131072
229.9369618 131072
230.1367674 131072
230.3208182 131072
8.1280802 3120
9.1245731 20620
10.1250093 43810
11.1248672 68873
12.1255487 93852
13.1251689 117622
14.1256954 139466
15.1256395 158989
16.1249436 176003
17.1253803 190499
18.1248395 202549
19.1252911 212342
20.1251207 220077
21.1249216 225987
22.1241831 230248
23.1252356 233118
24.1244761 234828
25.1250714 235542
26.1258525 235407
27.1252623 234617
28.1247491 233268
29.1256318 231476
30.1247809 229338
31.1249837 226969
32.1249919 224406
33.1246988 221722
34.1251494 218950
35.1252505 216159
36.1250247 213379
37.124762 210577
38.1259623 207836
39.1251438 205181
40.1254953 202593
41.1252012 200072
42.1255148 197636
43.1249688 195283
44.1250283 193047
45.1248743 190905
46.1249903 188829
47.1251628 186891
48.124976 185003
49.1253455 183215
50.1254101 181517
51.1249867 179919
52.125096 178388
53.1242508 176912
54.1250288 175558
55.1243581 174233
56.1252731 173003
57.124629 171814
58.1249801 170690
59.1252202 169617
60.1253567 168599
61.1248697 167640
62.1248682 166724
63.1248374 165855
64.1253886 165037
65.1241877 164253
66.1261876 163504
67.1243088 162776
68.1244294 162109
69.1247517 161466
70.1247625 160850
71.1240461 160264
72.1254876 159688
73.1245613 159165
74.1243555 158636
75.1248887 158144
76.1244674 157689
77.1242796 157215
78.1251001 156781
79.1248348 156369
80.1239203 155961
81.1249169 155577
82.1237423 155220
83.1242231 154849
84.1249036 154527
85.124415 154173
86.1244787 153870
87.125796 153558
88.1243309 153257
89.1244279 152969
90.1241035 152695
91.1246465 152454
92.1241739 152169
93.1245746 151920
94.1247358 151666
95.1243545 151449
96.1253141 151230
97.1248395 151010
98.2364691 150768
99.1237689 150564
100.1239491 150361
101.1241205 150158
102.1246547 149975
103.123692 149774
104.1248035 149594
105.124004 149436
106.1240517 149241
107.1240722 149089
108.124082 148919
109.12377 148754
110.1244335 148612
111.1274228 148455
112.1241415 148303
113.1240748 148155
114.1235452 148013
115.1243925 147896
116.1241405 147765
117.1239239 147621
118.1256328 147503
119.123539 147372
120.1243309 147228
121.127604 147228
122.1247686 0
123.1240173 0
124.1233676 0
125.1236581 0
126.1237382 0
127.1241995 0
128.1250283 0
129.1234769 0
130.1232157 0
131.1235775 0
132.1235252 0
133.123752 0
134.1236868 0
135.1229376 0
136.1241015 0
137.1236858 0
138.1230956 0
139.1236807 0
140.1235929 0
141.1233943 0
142.1239989 0
143.1221724 0
144.1228878 0
145.1232619 0
146.1224023 0
147.1226646 0
148.1227267 0
149.1240656 0
150.1226538 0
151.12348 0
8.624744 60160
9.6184996 69060
10.6189409 76898
11.6176071 83892
12.6189989 90140
13.6179679 95700
14.6175558 100632
15.6187207 104993
16.6189255 108863
17.6177385 112301
18.61807 115345
19.618089 118016
20.6176271 120392
21.618594 122493
22.6177108 124358
23.6179171 125966
24.617719 127398
25.6181968 128693
26.6178576 129791
27.6179058 130770
28.6181911 131652
29.6182163 132395
30.6178334 133060
31.6176328 133646
32.6183466 134193
33.6184585 134642
34.6178411 135051
35.6177678 135401
36.6183969 135692
37.6178427 135963
38.6176082 136215
39.618343 136428
40.6178222 136600
41.6174752 136774
42.6179653 136927
43.6173228 137041
44.6175379 137155
45.6181219 137249
46.6176461 137344
47.617329 137419
48.618186 137473
49.6175943 137528
50.617312 137603
51.6223243 137659
52.6178386 137674
53.6180659 137709
54.6179812 137745
55.6173531 137760
56.617855 137776
57.6170098 137791
58.6180059 137847
59.6178919 137843
60.6181496 137858
61.6179607 137874
62.6177036 137870
63.6178411 137905
64.6184765 137901
65.6173377 137917
66.6172582 137913
67.6183579 137929
68.6176502 137945
69.617387 137920
70.6177539 137936
71.6169703 137932
72.6172469 137948
73.6180505 137944
74.6197379 137960
75.6176369 137956
76.6170975 137972
77.6174429 137948
78.6172802 137963
79.6172371 137959
80.6170914 137975
81.616591 137951
82.6170242 137967
83.6173639 137963
84.6168163 137959
85.6171714 137955
86.6177339 137951
87.6176307 137947
88.6175922 137963
89.6176436 137979
90.6172453 137955
91.6169785 137970
92.6175912 137966
93.6168225 137962
94.6169852 137958
95.6174988 137974
96.6170755 137950
97.6166182 137966
98.6168604 137962
99.6170703 137958
100.6165566 137974
101.6176241 137970
102.6173788 137946
103.6171858 137982
104.6173428 137958
105.616609 137953
106.6172464 137969
107.6171781 137985
108.6171186 137961
109.616861 137957
110.6165479 137973
111.6170498 137969
112.6167162 137965
113.6166957 137961
114.6169795 137977
115.6169554 137953
116.616706 137969
117.6162708 137945
118.6163627 137981
119.6168492 137956
120.6165387 137952
121.6160963 137968
122.6173382 137984
123.6166326 137980
124.616533 137976
125.6170031 137972
126.6171299 137968
127.6169318 137964
128.6165664 137960
129.6167368 137976
130.6169805 137972
131.6168312 137968
132.6163375 137964
133.6166495 137960
134.6165433 137956
135.6166726 137971
136.6170657 137967
137.6170093 137963
138.6162723 137979
139.6168769 137955
140.6166413 137951
141.6161974 137967
142.6171879 137963
143.6168461 137959
144.6183497 137955
145.6162518 137971
146.6168902 137967
147.61589 137963
148.6161163 137959
149.6161235 137954
150.6157817 137970
151.616628 137966
152.6163365 137962
153.6160599 137958
154.6167373 137974
155.6164602 137970
156.6161322 137946
157.6165941 137962
158.6164058 137978
159.6164935 137974
160.6166208 137970
161.6162159 137966
162.6165833 137962
163.6163226 137957
164.6158017 137973
165.6161353 137949
166.6155913 137965
167.6164987 137961
168.6436046 137957
169.6162508 137973
170.6154748 137969
171.6159388 137965
172.6163837 137961
173.6164473 137957
174.6157648 137973
175.6163524 137969
176.6164453 137985
177.6157792 137940
178.6159906 137976
179.616047 137952
180.6156791 137948
181.6153542 137964
182.616239 137960
183.6156863 137956
184.6156437 137952
185.615364 137948
186.6160003 137964
187.6158828 137960
188.6158803 137956
189.6152706 137951
190.615987 137947
191.6152588 137963
192.6159172 137959
193.6160019 137975
194.6161276 137971
195.6149411 137967
196.615578 137963
197.6157299 137959
198.6158094 137955
199.6157432 137971
200.6157797 137967
201.61587 137943
202.6161697 137958
203.6151367 137954
204.6159572 137950
205.615304 137966
206.6157797 137962
207.6155641 137958
208.6148734 137954
209.6153661 137970
210.615675 137946
211.6154954 137962
212.6158685 137978
213.6154482 137954
214.6157699 137949
215.6154933 137945
216.6145911 137961
217.6157648 137957
218.6152013 137953
219.6150504 137969
220.6148441 137965
221.6157787 137961
222.615442 137977
223.6157063 137953
224.6155729 137969
225.6150474 137965
226.6149996 137960
227.6148955 137956
228.6150679 137972
229.615579 137968
230.6156355 137964
231.6152095 137960
232.6148811 137976
233.6157068 137952
234.6151479 137948
235.61484 137964
236.6155939 137960
237.6153542 137976
238.6153835 137952
239.6148955 137967
240.6150746 137943
241.6148631 137979
242.6150838 137975
243.6154035 137951
244.6148847 137947
245.6150504 137963
246.6141154 137959
247.6152706 137955
248.6143777 137971
249.6151084 137967
250.6152449 137963
251.6145573 137959
252.6147841 137954
253.6149827 137950
254.6152547 137946
255.6149899 137982
256.614897 137958
257.6145219 137954
258.6149052 137970
259.614935 137966
260.6148647 137942
261.6153301 137938
262.6156103 137954
263.6151043 137950
264.6142057 137945
265.6146276 137961
266.6147677 137957
267.6147636 137953
268.6142499 137969
269.614818 137965
270.6147112 137961
271.6149499 137957
272.6148631 137953
273.6148185 137949
274.614897 137965
275.6148287 137960
276.6148457 137956
277.6145224 137952
278.6143381 137948
279.6140918 137944
280.613983 137940
281.6153445 137976
282.6148498 137952
283.6140082 137948
284.6140102 137964
285.6157114 137960
286.6144649 137955
287.6146399 137951
288.6140754 137967
289.6147502 137963
290.6140133 137959
291.6140605 137955
292.6147056 137951
293.6138588 137967
294.6145834 137983
295.6139512 137979
296.6152054 137975
297.614392 137951
298.6136623 137967
299.6143638 137963
300.6143715 137958
301.614529 137974
302.6145778 137950
303.6139112 137946
304.6139066 137962
305.6139974 137978
306.6141431 137974
307.6143582 137950
308.6139286 137966
309.6143484 137962
310.6134154 137978
311.6152213 137974
312.61377 137950
313.6142914 137946
314.6134134 137961
315.6143038 137937
316.6141698 137953
317.6141529 137949
318.6135776 137945
319.6136664 137961
320.6142889 137937
321.613846 137953
322.6136669 137969
323.6138219 137965
324.6137208 137960
325.6141493 137956
326.6133272 137932
327.6138896 137948
328.6139897 137964
329.6137264 137960
330.613943 137956
331.6137562 137952
332.6137665 137948
333.6139127 137964
334.6140338 137960
335.6136453 137955
336.6136151 137951
337.6150166 137967
338.6139979 137963
339.6137239 137939
340.6131573 137935
341.6136438 137971
342.6138244 137947
343.6128786 137963
344.613886 137939
345.6135709 137955
346.6132794 137950
347.6133518 137946
348.6132912 137942
349.6128879 137958
350.6134247 137954
351.613787 137950
352.613827 137966
353.6131717 137942
354.6131275 137958
355.6132692 137954
356.6135227 137969
357.6134868 137965
358.6130347 137961
359.6137742 137937
360.6129146 137973
361.6133328 137949
362.6130208 137945
363.6133964 137941
364.6130352 137957
365.6132959 137953
366.6130896 137949
367.6129105 137964
368.6129017 137960
369.6137921 137956
370.6135345 137952
371.6126277 137968
372.6122756 137964
373.6132404 137960
374.613089 137956
375.6131773 137952
376.6130506 137948
377.6128217 137944
378.6127119 137960
379.6130054 137955
380.6132168 137951
381.612288 137947
382.6289732 137963
383.6132599 137939
384.6133025 137955
385.6132512 137951
386.6126646 137967
387.6128838 137943
388.612816 137939
389.6126097 137934
390.6122387 137930
391.6131855 137946
392.6131517 137982
393.6136253 137958
394.6128581 137954
395.6132112 137950
396.6125528 137946
397.6127991 137942
398.6122828 137938
399.6120791 137953
400.6122428 137949
401.6123552 137945
402.6127647 137961
403.6127108 137957
404.6126595 137953
405.6131722 137949
406.6119251 137945
407.6121869 137961
408.6131106 137957
409.6118107 137952
410.6122977 137968
411.612991 137964
412.6127257 137960
413.6124317 137956
414.612291 137952
415.6124573 137968
416.6130136 137944
417.6127642 137960
418.6127637 137956
419.6124286 137932
420.6120247 137967
421.6126231 137943
422.6130449 137959
423.6129105 137935
424.6129592 137951
425.6126646 137947
426.6123336 137963
427.612697 137939
428.6120457 137955
429.6121653 137951
430.6126836 137967
431.6128591 137942
432.6120134 137938
433.6133903 137954
434.6119298 137950
435.6128663 137946
436.6118276 137962
437.6125553 137958
438.6120555 137934
439.6122479 137950
440.6122649 137966
441.6119518 137961
442.6119436 137937
443.6121925 137953
444.6117271 137949
445.612599 137945
446.611356 137941
447.6118338 137957
448.6123583 137953
449.6120863 137949
450.6121094 137945
451.6116491 137960
452.6117902 137956
453.6118317 137952
454.6127627 137948
455.6119318 137964
456.6110645 137960
457.6123916 137936
458.610888 137952
459.6122561 137948
460.6122823 137944
461.6113914 137959
462.6118317 137955
463.6118282 137931
464.6110024 137947
465.6119493 137963
466.611453 137939
467.611218 137935
468.611492 137951
469.6116675 137947
470.6117091 137963
471.61229 137958
472.6108495 137954
473.6117153 137950
474.6114161 137946
475.6111302 137942
476.6106884 137958
477.6112847 137954
478.6110101 137970
479.6117563 137946
480.6111492 137942
481.6120622 137957
482.6115849 137933
483.6111764 137949
484.6108228 137945
485.6109172 137961
486.6118687 137957
487.6109255 137953
488.6108865 137969
489.6115136 137945
490.6111661 137941
491.610636 137957
492.6110455 137972
493.6111538 137948
494.6107438 137944
495.6106745 137960
496.6102876 137936
497.6113032 137952
498.612038 137948
499.6111369 137964
500.6111779 137960
501.6112585 137936
502.6104703 137951
503.6111933 137967
504.6112226 137963
505.6110866 137959
506.6147846 137955
507.6111856 137851
508.6112652 137688
509.610479 137590
510.6108259 137457
511.6108357 137332
512.6104472 137215
513.6109357 137108
514.6095907 137013
515.6104087 136849
516.6103599 136758
517.6100469 136681
518.610848 136598
519.6097852 136531
520.610306 136459
521.6105657 136383
522.6113057 136324
523.6098226 136262
524.6101731 136217
525.6099545 136170
526.6107695 136120
527.6099509 136069
528.6101972 136037
529.6101757 136003
530.6104441 135947
531.6100228 135931
532.6099171 135913
533.6099504 135875
534.6105898 135856
535.6092874 135856
536.6094932 135836
537.6104487 135815
538.6096256 135794
539.6102742 135793
540.610364 135771
541.6097051 135748
542.6093033 135766
543.6103481 135763
544.6098447 135740
545.6103363 135717
546.6101511 135733
547.6104754 135710
548.6096995 135726
549.6097261 135702
550.6100371 135699
551.6098149 135695
552.6100879 135691
553.6099083 135706
554.6094095 135702
555.6097426 135658
556.6091021 135694
557.6095198 135690
558.610051 135685
559.6102378 135661
560.6097143 135697
561.6099519 135692
562.6093448 135688
563.6094814 135683
564.6099576 135679
565.6096112 135654
566.6097631 135670
567.6099535 135665
568.6150535 135661
569.6096877 135676
570.6120303 135672
571.6096425 135687
572.609954 135663
573.6132286 135658
574.9506931 135673
575.6945618 135689
576.6093197 135664
577.6088281 135660
578.6100551 135655
579.6087942 135671
580.6093803 135686
581.6091324 135681
582.6093844 135657
583.6089389 135652
584.609818 135668
585.6096815 135663
586.6089476 135658
587.6093833 135674
588.6096851 135669
589.6091888 135665
590.609408 135660
591.6092643 135675
592.6088476 135651
593.6164576 135686
594.6089692 135662
595.6089266 135677
596.6100161 135673
597.6090467 135648
598.6089779 135683
599.609352 135659
600.6100787 135674
601.608709 135670
602.6096153 135665
603.6087614 135680
604.6102799 135656
605.6097282 135651
606.6091437 135667
607.6093259 135662
608.6089045 135657
609.609313 135673
610.6093849 135668
611.6097113 135664
612.6091206 135659
613.609293 135674
614.611256 135674
615.6087716 0
616.6092135 0
617.6095481 0
618.6098211 0
619.6093839 0
620.6102942 0
621.6085571 0
622.6089759 0
623.6094696 0
624.6094244 0
625.9417935 0
626.6096138 0
627.6089805 0
628.6094341 0
629.6087275 0
630.6091883 0
631.6094254 0
632.6102676 0
633.6092648 0
634.6102773 0
635.6092617 0
636.6092679 0
637.6092597 0
638.6096312 0
639.6086254 0
640.6099637 0
641.6089949 0
642.609409 0
643.609701 0
644.6087347 0
645.6093484 0
646.6093176 0
647.6094444 0
648.6089851 0
649.6093818 0
650.609021 0
651.6091072 0
652.6097918 0
653.6086567 0
654.6088409 0
655.609235 0
656.6085155 0
657.6086197 0
658.6127719 0
659.6092417 0
660.6088127 0
661.6092063 0
662.6096512 0
663.6085781 0
664.6085284 0
665.6092658 0
666.6084847 0
667.6088645 0
668.6087793 0
669.6088327 0
670.6086315 0
671.6083113 0
672.6084247 0
673.6092083 0
674.6086531 0
675.6084427 0
676.6081635 0
677.6087203 0
678.6085397 0
679.6090164 0
680.6096682 0
681.608241 0
682.6080249 0
683.6084442 0
684.6078884 0
685.6089928 0
686.6097595 0
687.6085823 0
688.6084801 0
689.6084945 0
690.6082528 0
691.6086392 0
692.6084694 0
693.6088388 0
694.6109917 0
695.6082081 0
696.6077442 0
697.6091837 0
698.6084206 0
699.6110697 0
700.608242 0
701.6107628 0
702.608631 0
703.6091652 0
704.6085335 0
705.6080716 0
706.6081779 0
707.609077 0
708.6080285 0
709.608301 0
710.6089584 0
711.6080773 0
712.6084278 0
713.6084883 0
714.6080747 0
715.6086531 0
716.6085253 0
717.6080865 0
718.60828 0
719.607968 0
720.6077257 0
721.6076683 0
722.6074481 0
723.6077227 0
724.6074697 0
725.6081625 0
726.6076349 0
727.6080249 0
728.6085669 0
729.6076005 0
730.6077945 0
731.6076837 0
732.6080875 0
733.6079598 0
734.6079033 0
735.6081081 0
736.6073203 0
737.6082923 0
738.6072449 0
739.607873 0
740.6077068 0
741.6081856 0
742.6086305 0
743.6081404 0
744.6076975 0
745.6078392 0
746.6070653 0
747.6080763 0
748.6087783 0
749.6080388 0
750.6081035 0
751.6085078 0
752.6073932 0
753.608476 0
754.6084832 0
755.6076406 0
756.6077376 0
757.6075302 0
758.6082441 0
759.6081768 0
760.6082487 0
761.6073752 0
762.6078156 0
763.6072859 0
764.6077801 0
765.6078315 0
766.6075189 0
767.6111133 0
768.6074568 0
769.6078207 0
770.6070535 0
771.6076293 0
772.6077027 0
773.6081815 0
774.6071679 0
775.6080142 0
776.608182 0
777.6083523 0
778.6075815 0
779.6072413 0
780.6077052 0
781.6079305 0
782.6078361 0
783.6073901 0
784.6077786 0
785.6070956 0
786.6071079 0
787.6074507 0
788.607034 0
789.607834 0
790.6075328 0
791.6079423 0
792.6078777 0
793.6074009 0
794.6078191 0
795.6082682 0
796.6078643 0
797.6069821 0
798.6081871 0
799.6074163 0
800.6068446 0
801.6078648 0
802.6065475 0
803.6069678 0
804.6080485 0
805.6074922 0
806.6080126 0
807.6070022 0
808.6073855 0
809.6065362 0
810.6069765 0
811.6074881 0
812.6075436 0
813.6072639 0
814.6065639 0
815.6073306 0
816.6073003 0
817.60643 0
818.6075615 0
819.6065931 0
820.6065085 0
821.6080696 0
822.6073116 0
823.6065331 0
824.6072464 0
825.6127334 0
826.6068441 0
827.6062144 0
828.6077145 0
829.606568 0
830.6067379 0
831.6067928 0
832.6070191 0
833.6071612 0
834.6079798 0
835.6066127 0
836.6070058 0
837.6072634 0
838.607405 0
839.6069539 0
840.6069519 0
841.606919 0
842.6070478 0
843.6072588 0
844.6064202 0
845.6080804 0
846.6065018 0
847.6067553 0
848.6067332 0
849.6064592 0
850.6069662 0
851.6066876 0
852.6068492 0
853.6072618 0
854.6069221 0
855.6061533 0
856.6069277 0
857.60682 0
858.6068164 0
859.6065146 0
860.606628 0
861.6063366 0
862.6603201 0
863.6067861 0
864.6064849 0
865.6070042 0
866.606275 0
867.6066927 0
868.6058454 0
869.6066332 0
870.6071356 0
871.6068713 0
872.6057284 0
873.6067076 0
874.606606 0
875.6057187 0
876.606608 0
877.6066747 0
878.6060122 0
879.6071238 0
880.6068482 0
881.6098185 0
882.6061908 0
883.6063263 0
884.6071397 0
885.6070889 0
886.6063355 0
887.6075138 0
888.606178 0
889.6094552 0
890.6060553 0
891.6064756 0
892.6079454 0
893.6056684 0
894.6065059 0
895.6064556 0
896.6065413 0
897.6060774 0
898.6066604 0
899.6059866 0
900.6055216 0
901.6064715 0
902.608554 0
903.6057361 0
904.6060143 0
8.6526603 44980
9.6494739 55430
10.6494169 64721
11.649167 73050
12.6546396 80476
13.6613577 87057
14.6489766 92991
15.6496899 98197
16.649188 102854
17.6491875 106960
18.6487739 110593
19.6490644 113835
20.6498885 116682
21.6489186 119216
22.6500204 121454
23.6491157 123417
24.6497864 125144
25.6495627 126654
26.6488155 128027
27.6493353 129203
28.6496709 130262
29.6493954 131182
30.651929 131985
31.6508015 132709
32.6495308 133334
33.6493343 133881
34.6488073 134369
35.6492886 134797
36.6491413 135187
37.6489237 135497
38.649206 135788
39.6489022 136060
40.6496407 136272
41.6487898 136485
42.649927 136658
43.6492784 136811
44.6495534 136924
45.6490002 137058
46.6497695 137172
47.653002 137247
48.6486143 137341
49.6540705 137416
50.6490669 137491
51.649788 137526
52.6489094 137581
53.6489094 137616
54.6487729 137651
55.6497146 137686
56.6490018 137722
57.6491506 137757
58.6491182 137753
59.649303 137788
60.6495447 137804
61.6487513 137820
62.6489243 137815
63.6480975 137831
64.6491691 137846
65.6485507 137842
66.6485086 137878
67.6488919 137854
68.6484234 137869
69.6487795 137885
70.6485173 137881
71.6493163 137897
72.6502601 137892
73.64905 137908
74.6481452 137884
75.6487652 137900
76.6484598 137896
77.6479964 137911
78.6484727 137907
79.6485486 137923
80.6489484 137899
81.6477932 137935
82.6484552 137910
83.6479451 137906
84.6486707 137922
85.6485312 137938
86.6494585 137914
87.6478522 137930
88.6480365 137925
89.6480031 137921
90.6501205 137897
91.6476008 137933
92.6488067 137909
93.6480811 137905
94.6484804 137900
95.6478255 137916
96.6479969 137932
97.648679 137928
98.648018 137924
99.6485291 137920
100.6478758 137936
101.6482664 137931
102.6479379 137927
103.6480816 137903
104.6475074 137919
105.6481996 137935
106.648251 137931
107.6480323 137906
108.647708 137942
109.6484039 137918
110.6482022 137914
111.6472328 137930
112.6484449 137906
113.6477316 137922
114.6475387 137917
115.6472379 137933
116.6487888 137929
117.647959 137925
118.6482212 137921
119.6472651 137917
120.6478219 137932
121.6482797 137928
122.6483341 137924
123.6475648 137920
124.6475186 137936
125.6479579 137912
126.6473734 137928
127.6478302 137923
128.6475361 137939
129.6492014 137915
130.6475202 137931
131.6472338 137927
132.6477937 137923
133.648037 137919
134.6479292 137934
135.6478266 137930
136.6478804 137926
137.6474299 137922
138.6471912 137918
139.6474186 137914
140.6476459 137929
141.6475397 137925
142.6471764 137921
143.647261 137917
144.6479923 137933
145.6475766 137929
146.6477619 137925
147.6470819 137920
148.6477244 137916
149.647806 137912
150.6467827 137908
151.6469778 137924
152.6477629 137940
153.6478794 137915
154.6477973 137931
155.6475228 137927
156.6472497 137923
157.6473267 137919
158.6471132 137935
159.6469921 137931
160.6487293 137926
161.6470645 137942
162.6469937 137918
163.6469485 137914
164.6470753 137930
165.6470845 137926
166.6476018 137922
167.6475489 137937
168.6477003 137933
169.6474914 137949
170.6473939 137925
171.6473688 137921
172.6467571 137917
173.6470978 137913
174.6472154 137928
175.6475879 137904
176.6469285 137920
177.6469064 137916
178.6500599 137932
179.6469731 137928
180.6470455 137923
181.6469654 137919
182.6474868 137915
183.6466745 137931
184.6469418 137927
185.6473067 137903
186.6461967 137918
187.6464661 137934
188.6473288 137930
189.6468356 137926
190.6469582 137942
191.6471163 137918
192.646714 137914
193.6474268 137929
194.6469613 137925
195.6463537 137921
196.6472749 137917
197.6463178 137933
198.6484752 137909
199.6469069 137924
200.6473467 137900
201.6474129 137916
202.6470953 137912
203.6470824 137908
204.6477999 137924
205.647436 137939
206.6474879 137915
207.6478979 137911
208.6473939 137907
209.6467078 137923
210.6478337 137919
211.64658 137914
212.647006 137910
213.6477563 137906
214.6470363 137922
215.6473508 137918
216.6460258 137894
217.6471415 137909
218.6475874 137925
219.6468669 137921
220.6467335 137897
223.6465539 137373
224.6466816 137427
225.6466319 137502
226.6468171 137537
227.6473175 137572
228.6470701 137628
229.6469911 137663
230.6464676 137678
231.6464682 137713
232.646131 137749
233.6473816 137784
234.6467535 137780
235.6464492 137796
236.6463327 137811
237.6470055 137827
238.6459509 137822
239.6469177 137838
240.6459386 137854
241.6470599 137869
242.6465954 137885
243.646443 137881
244.6465754 137877
245.646656 137872
246.6452827 137868
247.6463393 137904
248.6460114 137900
249.6473365 137876
250.6484475 137891
251.6457769 137887
252.6457271 137903
253.6456471 137899
254.6457328 137914
255.6468279 137910
256.6466719 137906
257.6463553 137922
258.645585 137918
259.6457605 137914
260.6463342 137909
261.6466031 137925
262.6459257 137921
263.6454572 137917
264.6458287 137933
265.645801 137929
266.64619 137924
267.645372 137900
268.6465421 137916
269.6462326 137932
270.646091 137928
271.6458349 137904
272.6460556 137899
273.6458713 137895
274.6454259 137931
275.6452288 137907
276.6454823 137923
277.645821 137919
278.6455367 137914
279.6457348 137910
280.6451282 137926
281.6460438 137922
282.6456589 137918
283.6460094 137914
284.6452848 137929
285.6455896 137945
286.6459006 137921
287.6459488 137937
288.6449399 137933
289.6467283 137909
290.6449378 137925
291.6455629 137920
292.6455054 137936
293.6458903 137892
294.6453196 137928
295.6460781 137924
296.6449763 137920
297.6451021 137935
298.6464363 137931
299.6455321 137927
300.6452114 137903
301.6454459 137919
302.6455875 137935
303.6458416 137931
304.6453992 137926
305.6452473 137922
306.6446397 137918
307.6447172 137914
308.647767 137930
309.645255 137926
310.6453284 137941
311.6452483 137917
312.6448798 137933
313.6452257 137929
314.6454962 137925
315.6445324 137921
316.6452314 137917
317.6448362 137912
318.6451195 137908
319.6450025 137924
320.645139 137920
321.6445971 137916
322.6445232 137932
323.6462393 137927
324.6451282 137923
325.645392 137919
326.6449804 137935
327.6456394 137911
328.6451565 137927
329.6449548 137923
330.6451975 137938
331.6450071 137914
332.6443723 137910
333.6451246 137926
334.6452355 137922
335.6446145 137918
336.64467 137933
337.6451513 137929
338.6453879 137925
339.6448578 137921
340.6450831 137917
341.6446674 137913
342.6444755 137929
343.6456963 137924
344.6448675 137920
345.6444986 137936
346.6450343 137932
347.6449163 137928
348.645604 137904
349.6448419 137899
350.6445473 137915
351.6451457 137931
352.6449856 137927
353.6450723 137903
354.6461146 137939
355.648332 137915
356.6450974 137930
357.6441696 137926
358.6441691 137942
359.6448922 137918
360.6448665 137914
361.6489119 137910
362.6491075 137925
363.6476428 137901
364.6439048 137917
365.6448485 137913
366.6442476 137929
367.6448167 137905
368.6449676 137920
369.6448901 137916
370.645021 137912
371.6451488 137928
372.6446192 137924
373.6447392 137920
374.6437021 137935
375.6452781 137911
376.6443266 137927
377.644573 137943
378.643895 137919
379.6445334 137935
380.6448193 137931
381.6432746 137906
382.6447126 137942
383.6445509 137918
384.6447249 137914
385.6438761 137930
386.6438699 137906
387.644378 137921
388.6447546 137917
389.6441593 137933
390.6442491 137909
391.644535 137925
392.6437508 137921
393.6447983 137917
394.6434783 137932
395.6437375 137908
396.6433967 137924
397.6445073 137940
398.6443903 137936
399.6439125 137912
400.6433403 137927
401.6470522 137943
402.6442907 137939
403.6450733 137915
404.6445565 137911
405.643251 137927
406.6439566 137923
407.6443015 137898
408.6435522 137934
409.6475161 137910
410.6438535 137926
411.6431371 137922
412.6438242 137898
413.6439438 137933
414.6442086 137929
415.6442127 137925
416.6431325 137921
417.6439079 137937
418.644028 137913
419.6438145 137909
420.6440721 137924
421.6436954 137920
422.6431448 137936
423.6436195 137932
424.6441193 137928
425.6438971 137924
426.6442199 137919
427.643776 137915
428.6440942 137911
429.6435317 137907
430.6425141 137923
431.6433906 137919
432.6433793 137934
433.6436677 137910
434.6437632 137926
435.6433028 137922
436.6438637 137918
437.6430678 137914
438.6443667 137910
439.6430637 137905
440.6434332 137921
441.6436431 137917
442.6432099 137913
443.6432274 137929
444.6434475 137925
445.6440567 137920
446.6430873 137916
447.6431663 137912
448.6433993 137908
449.6424858 137924
450.6428476 137900
451.6429564 137915
452.642746 137931
453.6431853 137927
454.6431494 137923
455.6428374 137919
456.6426321 137915
457.6426198 137910
458.642201 137926
459.6432423 137922
460.6431499 137918
461.6429918 137934
462.6427352 137930
463.6429431 137925
464.6426711 137901
465.6422292 137917
466.6431381 137913
467.6428066 137929
468.6431027 137925
469.6424438 137900
470.6422103 137916
471.6430991 137932
472.6426152 137928
473.6431058 137924
474.642551 137920
475.6425993 137936
476.6428882 137911
477.6423314 137907
478.6429179 137903
479.6425408 137899
480.6421625 137915
481.6428415 137910
482.6428558 137926
483.6429005 137922
484.6426254 137938
485.6425839 137914
486.642511 137910
487.6426013 137906
488.6419947 137921
489.6424094 137937
490.643094 137913
491.6415318 137929
492.6423832 137925
493.6425572 137921
494.6420702 137916
495.64325 137912
496.6430621 137908
497.641889 137924
498.6424212 137940
499.6434629 137916
500.6436323 137931
501.6426916 137927
502.6426403 137923
503.6423001 137919
504.6422939 137915
505.6422534 137911
506.6416606 137906
507.6415944 137922
508.642958 137918
509.6416606 137824
510.6433198 137729
511.6414939 137615
512.6456825 137524
513.6427337 137398
514.6428194 137299
515.6414369 137187
516.6420419 137085
517.6414918 136974
518.6416109 136854
519.6421338 136746
520.6415703 136652
521.6415421 136592
522.6422539 136507
523.6418608 136437
524.6416221 136363
525.6412409 136325
526.6418295 136265
527.6420209 136201
528.641751 136135
529.6414251 136107
530.6417345 136057
531.6408878 136025
532.6410433 135992
533.6418736 135957
534.6418495 135921
535.6408026 135884
536.641267 135866
537.6410859 135848
538.6411177 135828
539.6421718 135809
540.6411459 135788
541.6415529 135767
542.6411321 135766
543.6410643 135744
544.6416776 135742
545.6415313 135719
546.6409637 135717
547.6410489 135694
548.6417145 135711
549.6413727 135687
550.6404192 135684
551.6403582 135680
552.6410402 135697
553.6407251 135653
554.6406081 135669
555.6404721 135665
556.6402863 135661
557.6408729 135657
558.6409781 135673
559.641071 135648
560.6416186 135644
561.6413209 135660
562.6409719 135636
563.6407035 135651
564.6409755 135647
565.6405665 135642
566.6413953 135638
567.6408821 135634
568.6410443 135649
569.6441234 135645
570.6405819 135640
571.641227 135656
572.6403038 135651
573.6401118 135627
574.6406728 135622
575.6403418 135638
576.6401806 135653
577.6410233 135649
578.6410253 135624
579.6407631 135620
580.6401021 135655
581.6409386 135630
582.6403104 135646
583.6410977 135641
584.6409268 135637
585.6407179 135632
586.6410012 135628
587.6403541 135643
588.6402525 135638
589.6403659 135634
590.6398768 135649
591.6406604 135645
592.6406415 135640
593.6407549 135636
594.6405491 135651
595.6402684 135647
596.6405676 135642
597.6406563 135618
598.6397757 135633
599.6407923 135628
600.6402874 135644
601.6400369 135619
602.63998 135635
603.6403843 135630
604.6408195 135645
605.6404844 135621
606.6395632 135636
607.6408046 135652
608.6405783 135647
609.6393857 135643
610.640683 135638
611.6394781 135633
612.6401919 135629
613.6397141 135624
614.6397023 135640
615.6404428 135635
616.640217 135651
617.6426326 135651
618.6406917 0
619.6403879 0
620.6403808 0
621.6402499 0
622.640099 0
623.6406373 0
624.6404706 0
625.640742 0
626.6405932 0
627.6398034 0
628.6396772 0
635.9878051 131072
