-0.56816073
-0.568160665
-0.56816062
-0.56816059
-0.568160565
-0.56816056
-0.568160555
-0.56816601
0.986179295
0.986163955
0.986163505
0.986469805
0.98675492
1E-08
-2.5E-08
-4.75E-08
-7.04E-08
1.6752E-06
3.2892E-06
4.7423E-06
6.0417E-06
7.2069E-06
8.2508E-06
9.1848E-06
1.00187E-05
1.07604E-05
1.14219E-05
0.9942934
0.98674045
0.98645931
0.986458575
0.986457705
0.986149255
1.625E-05
1.6309E-05
1.63548E-05
1.63929E-05
1.64246E-05
1.64521E-05
1.64752E-05
1.64921E-05
1.65033E-05
1.65133E-05
1.65165E-05
1.65192E-05
1.65179E-05
1.65117E-05
1.65044E-05
1.64969E-05
1.64833E-05
1.64679E-05
1.64521E-05
1.64298E-05
1.641E-05
1.63896E-05
1.63623E-05
1.63377E-05
1.63125E-05
1.62844E-05
1.62525E-05
1.62252E-05
1.61927E-05
1.61623E-05
1.613E-05
1.60977E-05
1.60594E-05
1.60248E-05
1.59929E-05
1.59569E-05
1.59227E-05
1.5885E-05
1.58506E-05
1.58152E-05
1.57775E-05
1.57419E-05
1.57048E-05
1.56679E-05
1.56296E-05
1.55952E-05
1.55571E-05
1.55227E-05
1.54885E-05
1.54527E-05
1.5415E-05
1.53798E-05
1.53415E-05
1.53048E-05
1.52727E-05
1.52356E-05
1.51996E-05
1.5165E-05
1.51294E-05
1.50956E-05
1.50602E-05
1.50242E-05
1.49904E-05
1.49542E-05
1.49194E-05
1.48844E-05
1.48494E-05
1.48171E-05
1.47833E-05
1.47448E-05
1.47125E-05
1.46777E-05
1.46421E-05
1.46073E-05
1.45754E-05
1.45431E-05
1.4505E-05
1.44727E-05
1.44379E-05
1.44046E-05
1.437E-05
1.43352E-05
1.43019E-05
1.42648E-05
1.42325E-05
1.41981E-05
1.41654E-05
1.41275E-05
1.40956E-05
1.40619E-05
1.40262E-05
1.39898E-05
1.39606E-05
1.39219E-05
1.389E-05
1.38548E-05
1.38202E-05
1.37867E-05
1.37494E-05
1.37146E-05
1.36821E-05
1.36446E-05
1.36125E-05
1.35773E-05
1.35417E-05
1.35067E-05
1.34744E-05
1.34381E-05
1.34058E-05
1.33685E-05
1.33352E-05
1.32998E-05
1.32675E-05
1.32327E-05
1.31967E-05
1.31619E-05
1.31279E-05
1.30946E-05
1.30571E-05
1.30225E-05
1.29902E-05
1.29556E-05
1.29219E-05
1.28875E-05
1.28525E-05
1.2815E-05
1.27829E-05
1.27504E-05
1.2716E-05
1.26837E-05
1.26458E-05
1.26121E-05
1.25777E-05
1.25429E-05
1.25079E-05
1.24727E-05
1.24406E-05
1.24037E-05
1.23702E-05
1.23381E-05
1.23021E-05
1.2265E-05
1.22308E-05
1.21975E-05
1.21625E-05
1.21279E-05
1.20921E-05
1.20598E-05
1.20248E-05
1.199E-05
1.19552E-05
1.19229E-05
1.18844E-05
1.18496E-05
1.18148E-05
1.17827E-05
1.17479E-05
1.17117E-05
1.16771E-05
1.16425E-05
1.16098E-05
1.15752E-05
1.15427E-05
1.15058E-05
1.14708E-05
1.14375E-05
1.14017E-05
1.13679E-05
1.13329E-05
1.12996E-05
1.12625E-05
1.12304E-05
1.11969E-05
1.11608E-05
1.11271E-05
1.10923E-05
1.10575E-05
1.10225E-05
1.09852E-05
1.09529E-05
1.09171E-05
1.08852E-05
1.08506E-05
1.08156E-05
1.07798E-05
1.07475E-05
1.07127E-05
1.06777E-05
1.06442E-05
1.0611E-05
1.05756E-05
1.05373E-05
1.05054E-05
1.04727E-05
1.04344E-05
1.04021E-05
1.03658E-05
1.03329E-05
1.02948E-05
1.02627E-05
1.02279E-05
1.01929E-05
1.01598E-05
1.01248E-05
1.009E-05
1.0055E-05
1.00202E-05
9.9842E-06
9.9494E-06
9.9156E-06
9.8796E-06
9.8477E-06
9.8127E-06
9.7806E-06
9.7458E-06
9.7063E-06
9.6756E-06
9.6392E-06
9.6052E-06
9.5704E-06
9.5371E-06
9.5025E-06
9.4679E-06
9.4319E-06
9.3971E-06
9.365E-06
9.3273E-06
9.2927E-06
9.2631E-06
9.2269E-06
9.1912E-06
9.1575E-06
9.1217E-06
9.0871E-06
9.0546E-06
9.0173E-06
8.986E-06
8.95E-06
8.9156E-06
8.8802E-06
8.8475E-06
8.8129E-06
8.7769E-06
8.7421E-06
8.7098E-06
8.6723E-06
8.6404E-06
8.6052E-06
8.5704E-06
8.535E-06
8.5029E-06
8.4694E-06
8.4333E-06
8.4006E-06
8.3644E-06
8.3287E-06
8.2948E-06
8.259E-06
8.2244E-06
8.1892E-06
8.1544E-06
8.1219E-06
8.0844E-06
8.0519E-06
8.0171E-06
7.981E-06
7.9475E-06
7.9119E-06
7.8781E-06
7.846E-06
7.8119E-06
7.776E-06
7.7398E-06
7.7075E-06
7.6713E-06
7.6367E-06
7.6027E-06
7.5667E-06
7.5329E-06
7.4971E-06
7.4627E-06
7.4302E-06
7.3969E-06
7.3596E-06
7.3246E-06
7.2921E-06
7.2571E-06
7.221E-06
7.1875E-06
7.1521E-06
7.1173E-06
7.0827E-06
7.0506E-06
7.0175E-06
6.98E-06
6.9479E-06
6.9117E-06
6.8771E-06
6.8435E-06
6.81E-06
6.7742E-06
6.7394E-06
6.7058E-06
6.6706E-06
6.6371E-06
6.6015E-06
6.5667E-06
6.5315E-06
6.4983E-06
6.4654E-06
6.4269E-06
6.3923E-06
6.36E-06
6.3254E-06
6.2919E-06
6.2571E-06
6.22E-06
6.1848E-06
6.1529E-06
6.1183E-06
6.0846E-06
6.0475E-06
6.0175E-06
5.9806E-06
5.9458E-06
5.9135E-06
5.8777E-06
5.8421E-06
5.8108E-06
5.7762E-06
5.7402E-06
5.7044E-06
5.6721E-06
5.6369E-06
5.5994E-06
5.5669E-06
5.5294E-06
5.4956E-06
5.4623E-06
5.4279E-06
5.3917E-06
5.3571E-06
5.3248E-06
5.2902E-06
5.2554E-06
5.2194E-06
5.1873E-06
5.1502E-06
5.1175E-06
5.0852E-06
5.0483E-06
5.0148E-06
4.9802E-06
4.945E-06
4.9096E-06
4.8758E-06
4.8425E-06
4.8083E-06
4.7731E-06
4.7383E-06
4.705E-06
4.6702E-06
4.6379E-06
4.6019E-06
4.566E-06
4.5306E-06
4.4975E-06
4.4615E-06
4.4277E-06
4.3927E-06
4.3579E-06
4.3229E-06
4.2896E-06
4.2527E-06
4.2204E-06
4.1846E-06
4.1523E-06
4.1173E-06
4.0825E-06
4.0475E-06
4.0131E-06
3.9769E-06
3.9423E-06
3.9098E-06
3.875E-06
3.8402E-06
3.8054E-06
3.7733E-06
3.7373E-06
3.7004E-06
3.6679E-06
3.6354E-06
3.5969E-06
3.5625E-06
3.5298E-06
3.4952E-06
3.4629E-06
3.4244E-06
3.3896E-06
3.3544E-06
3.3202E-06
3.2873E-06
3.2527E-06
3.2165E-06
3.1831E-06
3.1481E-06
3.1119E-06
3.08E-06
3.045E-06
3.0092E-06
2.9777E-06
2.9396E-06
2.9071E-06
2.8723E-06
2.8373E-06
2.8029E-06
2.7675E-06
2.7323E-06
2.6973E-06
2.6681E-06
2.6294E-06
2.5956E-06
2.5625E-06
2.5265E-06
2.4929E-06
2.4577E-06
2.4225E-06
2.3875E-06
2.3552E-06
2.3194E-06
2.2881E-06
2.2521E-06
2.2169E-06
2.1812E-06
2.1473E-06
2.1152E-06
2.0769E-06
2.0419E-06
2.0073E-06
1.975E-06
1.9402E-06
1.9046E-06
1.8735E-06
1.835E-06
1.8054E-06
1.7694E-06
1.7321E-06
1.6996E-06
1.6619E-06
1.6298E-06
1.5954E-06
1.5592E-06
1.5244E-06
1.4919E-06
1.4544E-06
1.4225E-06
1.3877E-06
1.3552E-06
1.3194E-06
1.2821E-06
1.2475E-06
1.215E-06
1.1802E-06
1.1481E-06
1.1098E-06
1.0775E-06
1.0425E-06
1.0079E-06
9.746E-07
9.404E-07
9.052E-07
8.731E-07
8.369E-07
7.994E-07
7.656E-07
7.323E-07
6.967E-07
6.629E-07
6.31E-07
5.948E-07
5.602E-07
5.269E-07
4.896E-07
4.571E-07
4.237E-07
3.873E-07
3.527E-07
3.192E-07
2.821E-07
2.473E-07
2.16E-07
1.827E-07
1.5E-07
1.177E-07
8.96E-08
5.98E-08
3.46E-08
9.8E-09
-2.81E-08
-4.5E-08
-6.52E-08
-8.25E-08
-9.73E-08
-1.125E-07
-1.229E-07
-1.327E-07
-1.415E-07
-1.527E-07
-1.581E-07
-1.652E-07
-1.706E-07
-1.748E-07
-1.771E-07
-1.829E-07
-1.848E-07
-1.904E-07
-1.894E-07
-1.925E-07
-1.952E-07
-1.946E-07
-1.979E-07
-1.973E-07
-2.002E-07
-1.996E-07
-2.006E-07
-1.973E-07
-1.971E-07
-2.021E-07
-2.002E-07
-2E-07
-2E-07
-2E-07
-1.996E-07
-2.006E-07
-1.971E-07
-1.967E-07
-1.996E-07
-1.996E-07
-2.004E-07
-1.977E-07
-1.971E-07
-1.983E-07
-1.954E-07
-1.944E-07
-1.933E-07
-1.944E-07
-1.919E-07
-1.954E-07
-1.927E-07
-1.931E-07
-1.898E-07
-1.892E-07
-1.898E-07
-1.9E-07
-1.873E-07
-1.892E-07
-1.906E-07
-1.881E-07
-1.877E-07
-1.871E-07
-1.852E-07
-1.85E-07
-1.825E-07
-1.846E-07
-1.856E-07
-1.829E-07
-1.796E-07
-1.817E-07
-1.823E-07
-1.804E-07
-1.802E-07
-1.798E-07
-1.798E-07
-1.767E-07
-1.765E-07
-1.775E-07
-1.779E-07
-1.777E-07
-1.771E-07
-1.754E-07
-1.75E-07
-1.762E-07
-1.756E-07
-1.727E-07
-1.721E-07
-1.706E-07
-1.692E-07
-1.702E-07
-1.702E-07
-1.7E-07
-1.698E-07
-1.671E-07
-1.675E-07
-1.663E-07
-1.675E-07
-1.671E-07
-1.681E-07
-1.679E-07
-1.654E-07
-1.652E-07
-1.652E-07
-1.648E-07
-1.656E-07
-1.621E-07
-1.631E-07
-1.627E-07
-1.625E-07
-1.6E-07
-1.631E-07
-1.592E-07
-1.602E-07
-1.6E-07
-1.598E-07
-1.61E-07
-1.583E-07
-1.565E-07
-1.577E-07
-1.575E-07
-1.569E-07
-1.556E-07
-1.544E-07
-1.54E-07
-1.552E-07
-1.562E-07
-1.544E-07
-1.544E-07
-1.529E-07
-1.525E-07
-1.525E-07
-1.523E-07
-1.521E-07
-1.504E-07
-1.504E-07
-1.5E-07
-1.473E-07
-1.494E-07
-1.506E-07
-1.479E-07
-1.475E-07
-1.475E-07
-1.448E-07
-1.469E-07
-1.446E-07
-1.456E-07
-1.475E-07
-1.425E-07
-1.419E-07
-1.417E-07
-1.415E-07
-1.44E-07
-1.427E-07
-1.427E-07
-1.423E-07
-1.435E-07
-1.431E-07
-1.431E-07
-1.404E-07
-1.404E-07
-1.406E-07
-1.398E-07
-1.373E-07
-1.369E-07
-1.377E-07
-1.375E-07
-1.375E-07
-1.373E-07
-1.356E-07
-1.379E-07
-1.35E-07
-1.352E-07
-1.348E-07
-1.346E-07
-1.344E-07
-1.327E-07
-1.325E-07
-1.321E-07
-1.333E-07
-1.294E-07
-1.304E-07
-1.275E-07
-1.271E-07
-1.269E-07
-1.267E-07
-1.292E-07
-1.277E-07
-1.25E-07
-1.269E-07
-1.283E-07
-1.246E-07
-1.25E-07
-1.225E-07
-1.246E-07
-1.223E-07
-1.229E-07
-1.217E-07
-1.252E-07
-1.227E-07
-1.221E-07
-1.235E-07
-1.206E-07
-1.206E-07
-1.215E-07
-1.2E-07
-1.198E-07
-1.196E-07
-1.21E-07
-1.208E-07
-1.204E-07
-1.177E-07
-1.173E-07
-1.173E-07
-1.156E-07
-1.14E-07
-1.15E-07
-1.148E-07
-1.158E-07
-1.158E-07
-1.127E-07
-1.127E-07
-1.125E-07
-1.137E-07
-1.123E-07
-1.133E-07
-1.104E-07
-1.102E-07
-1.1E-07
-1.098E-07
-1.096E-07
-1.079E-07
-1.079E-07
-1.063E-07
-1.073E-07
-1.083E-07
-1.079E-07
-1.054E-07
-1.023E-07
-1.044E-07
-1.044E-07
-1.029E-07
-1.056E-07
-1.025E-07
-1.025E-07
-1.025E-07
-9.96E-08
-9.92E-08
-9.9E-08
-1E-07
-9.98E-08
-1.01E-07
-9.69E-08
-9.75E-08
-9.75E-08
-9.46E-08
-9.56E-08
-9.56E-08
-9.54E-08
-9.4E-08
-9.48E-08
-9.31E-08
-9.19E-08
-9.54E-08
-9.52E-08
-8.98E-08
-8.94E-08
-9.21E-08
-9.19E-08
-9.02E-08
-9.02E-08
-8.71E-08
-8.81E-08
-8.77E-08
-8.75E-08
-8.73E-08
-8.73E-08
-8.71E-08
-8.54E-08
-8.54E-08
-8.38E-08
-8.5E-08
-8.6E-08
-8.46E-08
-8.21E-08
-8.15E-08
-8.42E-08
-8.5E-08
-8.27E-08
-8.25E-08
-8.23E-08
-8.23E-08
-7.98E-08
-7.92E-08
-8.06E-08
-8.02E-08
-8.1E-08
-7.94E-08
-7.96E-08
-7.79E-08
-7.63E-08
-8.02E-08
-7.75E-08
-7.73E-08
-7.69E-08
-7.44E-08
-7.71E-08
-7.73E-08
-7.54E-08
-7.42E-08
-7.79E-08
-7.52E-08
-7.48E-08
-7.6E-08
-7.6E-08
-7.33E-08
-7.29E-08
-7.4E-08
-7.27E-08
-7.54E-08
-7.27E-08
-7.13E-08
-7.23E-08
-7.23E-08
-7.21E-08
-7.21E-08
-7.21E-08
-7.02E-08
-7.31E-08
-7.02E-08
-6.73E-08
-6.96E-08
-7.06E-08
-7.04E-08
-7.04E-08
-7.02E-08
-6.73E-08
-6.73E-08
-6.73E-08
-6.83E-08
-6.71E-08
-6.81E-08
-6.54E-08
-6.42E-08
-6.54E-08
-6.54E-08
-6.52E-08
-6.52E-08
-6.46E-08
-6.5E-08
-6.58E-08
-6.21E-08
-6.19E-08
-6.56E-08
-6.56E-08
-6.29E-08
-6.27E-08
-6.29E-08
-6.5E-08
-6.27E-08
-6.25E-08
-6.21E-08
-6.35E-08
-6.23E-08
-6.19E-08
-6.19E-08
-6.19E-08
-6.19E-08
-6.02E-08
-6.04E-08
-6E-08
-5.98E-08
-6.1E-08
-5.73E-08
-5.94E-08
-6.06E-08
-6.04E-08
-5.79E-08
-5.75E-08
-5.75E-08
-5.75E-08
-5.85E-08
-5.73E-08
-5.81E-08
-5.46E-08
-5.4E-08
-5.54E-08
-5.52E-08
-5.5E-08
-5.52E-08
-5.48E-08
-5.48E-08
-5.6E-08
-5.21E-08
-5.56E-08
-5.54E-08
-5.17E-08
-5.29E-08
-5.29E-08
-5.27E-08
-5.25E-08
-5.23E-08
-5.23E-08
-5.19E-08
-4.98E-08
-5.19E-08
-5.33E-08
-5.29E-08
-5.29E-08
-5.29E-08
-5.02E-08
-5.02E-08
-5E-08
-5.27E-08
-4.98E-08
-4.98E-08
-4.98E-08
-5.1E-08
-4.98E-08
-5.06E-08
-4.96E-08
-4.77E-08
-4.77E-08
-4.79E-08
-4.73E-08
-4.75E-08
-4.71E-08
-4.75E-08
-4.71E-08
-4.81E-08
-4.83E-08
-4.81E-08
-4.81E-08
-4.54E-08
-4.5E-08
-4.54E-08
-4.5E-08
-4.5E-08
-4.5E-08
-4.48E-08
-4.23E-08
-4.44E-08
-4.58E-08
-4.58E-08
-4.29E-08
-4.29E-08
-4.4E-08
-4.27E-08
-4.54E-08
-4.23E-08
-4.27E-08
-4.25E-08
-4.23E-08
-3.96E-08
-3.92E-08
-4.06E-08
-4.17E-08
-4.02E-08
-4.02E-08
-3.98E-08
-4.02E-08
-3.96E-08
-4.1E-08
-3.98E-08
-3.71E-08
-3.71E-08
-3.94E-08
-3.94E-08
-3.79E-08
-3.77E-08
-3.77E-08
-3.75E-08
-3.85E-08
-3.75E-08
-3.71E-08
-3.83E-08
-3.81E-08
-3.79E-08
-3.77E-08
-3.52E-08
-3.52E-08
-3.62E-08
-3.48E-08
-3.33E-08
-3.44E-08
-3.56E-08
-3.19E-08
-3.19E-08
-3.29E-08
-3.29E-08
-3.27E-08
-3.5E-08
-3.23E-08
-3.23E-08
-3.37E-08
-3.25E-08
-3.33E-08
-2.96E-08
-3.19E-08
-3.08E-08
-3.02E-08
-3E-08
-3E-08
-3.02E-08
-3.02E-08
-2.98E-08
-2.98E-08
-2.83E-08
-2.96E-08
-3.06E-08
-2.67E-08
-2.79E-08
-2.77E-08
-3E-08
-2.77E-08
-2.75E-08
-2.73E-08
-2.5E-08
-2.69E-08
-2.48E-08
-2.71E-08
-2.79E-08
-2.54E-08
-2.4E-08
-2.52E-08
-2.52E-08
-2.48E-08
-2.5E-08
-2.35E-08
-2.46E-08
-2.46E-08
-2.58E-08
-2.21E-08
-2.56E-08
-2.54E-08
-2.29E-08
-2.15E-08
-2.25E-08
-2.13E-08
-2.19E-08
-2.23E-08
-2.21E-08
-1.98E-08
-2.31E-08
-1.94E-08
-2.17E-08
-2.27E-08
-2E-08
-2.04E-08
-2E-08
-2E-08
-2E-08
-2.06E-08
-1.83E-08
-1.94E-08
-1.96E-08
-1.83E-08
-1.92E-08
-2.02E-08
-1.69E-08
-1.65E-08
-1.77E-08
-1.75E-08
-1.75E-08
-1.75E-08
-1.75E-08
-1.73E-08
-1.56E-08
-1.69E-08
-1.54E-08
-1.52E-08
-1.5E-08
-1.6E-08
-1.5E-08
-1.21E-08
-1.17E-08
-1.29E-08
-1.29E-08
-1.31E-08
-1.37E-08
-1.23E-08
-1.21E-08
-1.06E-08
-9.2E-09
-1.27E-08
-1.02E-08
-1.1E-08
-1.08E-08
-9.6E-09
-9.6E-09
-7.9E-09
-7.7E-09
-7.9E-09
-1.02E-08
-7.3E-09
-7.5E-09
-7.1E-09
-7.3E-09
-5E-09
-8.1E-09
-7.9E-09
6.9E-09
7.1E-09
7.1E-09
7.3E-09
4.8E-09
5E-09
5.4E-09
5E-09
4E-09
5.2E-09
4.4E-09
5.4E-09
5.6E-09
8.5E-09
7.1E-09
7.1E-09
6.2E-09
5.2E-09
7.5E-09
5E-09
7.7E-09
5E-09
7.7E-09
6.9E-09
7.9E-09
1.04E-08
9.4E-09
9.6E-09
9.6E-09
9.6E-09
7.7E-09
1.04E-08
1.04E-08
9.2E-09
1.08E-08
9.6E-09
1.31E-08
1.23E-08
1.23E-08
1E-08
1.04E-08
1.56E-08
1.31E-08
1.31E-08
1.31E-08
1.46E-08
1.23E-08
1.5E-08
1.25E-08
1.52E-08
1.52E-08
1.27E-08
1.56E-08
1.44E-08
1.44E-08
1.71E-08
1.73E-08
1.71E-08
1.48E-08
1.77E-08
1.75E-08
1.65E-08
1.79E-08
1.71E-08
1.81E-08
1.71E-08
1.71E-08
2E-08
2E-08
2.02E-08
2.04E-08
2.08E-08
2.06E-08
2.04E-08
2.21E-08
2.21E-08
2.35E-08
2.25E-08
2.31E-08
2.27E-08
2.54E-08
2.21E-08
2.48E-08
2.48E-08
2.5E-08
2.52E-08
2.67E-08
2.58E-08
2.56E-08
2.48E-08
2.85E-08
2.52E-08
2.81E-08
2.67E-08
2.69E-08
2.98E-08
3.1E-08
2.98E-08
2.88E-08
3.06E-08
3.06E-08
3.06E-08
2.96E-08
2.96E-08
3.33E-08
3.25E-08
3.15E-08
3E-08
3.29E-08
3.19E-08
3.29E-08
3.58E-08
3.48E-08
3.48E-08
3.48E-08
3.42E-08
3.65E-08
3.56E-08
3.56E-08
3.71E-08
3.87E-08
3.48E-08
3.75E-08
3.63E-08
3.79E-08
3.75E-08
3.79E-08
3.79E-08
3.81E-08
3.69E-08
3.98E-08
3.85E-08
4E-08
4E-08
4.06E-08
4.27E-08
4.08E-08
3.94E-08
3.96E-08
3.98E-08
4E-08
4.1E-08
4.02E-08
4.29E-08
4.29E-08
4.44E-08
4.33E-08
4.46E-08
4.21E-08
4.52E-08
4.25E-08
4.52E-08
4.42E-08
4.44E-08
4.46E-08
4.48E-08
4.5E-08
4.77E-08
4.77E-08
4.79E-08
4.77E-08
4.69E-08
4.79E-08
4.69E-08
4.96E-08
5.12E-08
4.73E-08
4.75E-08
5.02E-08
5.02E-08
5.06E-08
5.33E-08
5.08E-08
5.08E-08
5.21E-08
5.23E-08
5.1E-08
5.25E-08
5.15E-08
5.29E-08
5.29E-08
5.17E-08
5.19E-08
5.21E-08
5.23E-08
5.23E-08
5.25E-08
5.27E-08
5.52E-08
5.52E-08
5.44E-08
5.42E-08
5.56E-08
5.46E-08
5.58E-08
5.48E-08
5.75E-08
5.73E-08
5.77E-08
5.75E-08
5.79E-08
5.79E-08
5.79E-08
5.69E-08
5.98E-08
5.96E-08
5.85E-08
6E-08
5.73E-08
6.02E-08
5.88E-08
5.77E-08
6.06E-08
5.92E-08
5.96E-08
5.96E-08
5.94E-08
5.94E-08
5.98E-08
6.25E-08
6.25E-08
6.04E-08
6.27E-08
6.29E-08
6.31E-08
6.54E-08
6.19E-08
6.46E-08
6.6E-08
6.25E-08
6.25E-08
6.29E-08
6.54E-08
6.56E-08
6.83E-08
6.69E-08
6.69E-08
6.58E-08
6.6E-08
6.77E-08
6.75E-08
6.73E-08
6.75E-08
6.67E-08
6.77E-08
6.67E-08
6.69E-08
7.04E-08
7.1E-08
6.94E-08
6.96E-08
6.98E-08
6.77E-08
6.75E-08
7E-08
7E-08
7.04E-08
7.02E-08
6.92E-08
7.29E-08
7.08E-08
6.96E-08
6.98E-08
6.96E-08
7.35E-08
7.37E-08
7.02E-08
7.04E-08
7.27E-08
7.27E-08
7.27E-08
7.17E-08
7.25E-08
7.44E-08
7.33E-08
7.48E-08
7.48E-08
7.25E-08
7.54E-08
7.42E-08
7.42E-08
7.42E-08
7.42E-08
7.67E-08
7.56E-08
7.56E-08
7.56E-08
7.46E-08
7.44E-08
7.48E-08
7.46E-08
7.75E-08
7.48E-08
7.75E-08
7.75E-08
7.77E-08
7.79E-08
7.77E-08
7.81E-08
7.77E-08
7.79E-08
7.71E-08
7.96E-08
7.98E-08
7.83E-08
7.96E-08
7.71E-08
8.02E-08
7.73E-08
8E-08
8.12E-08
8E-08
8E-08
7.77E-08
8.02E-08
8.02E-08
8.02E-08
8.02E-08
8.02E-08
7.92E-08
8.04E-08
8.02E-08
7.75E-08
8.02E-08
7.77E-08
8.04E-08
7.9E-08
8.04E-08
8.06E-08
7.94E-08
7.96E-08
8.04E-08
7.96E-08
8.06E-08
8.08E-08
7.98E-08
7.96E-08
8.23E-08
8E-08
8.02E-08
8.25E-08
8E-08
8.29E-08
7.92E-08
8.29E-08
8.17E-08
8.29E-08
8.29E-08
8.31E-08
8.19E-08
8.44E-08
8.46E-08
8.46E-08
8.21E-08
8.25E-08
8.21E-08
8.48E-08
8.23E-08
8.5E-08
8.48E-08
8.25E-08
8.52E-08
8.5E-08
8.25E-08
8.5E-08
8.62E-08
8.48E-08
8.48E-08
8.48E-08
8.29E-08
8.25E-08
8.5E-08
8.48E-08
8.21E-08
8.5E-08
8.5E-08
8.35E-08
8.25E-08
8.52E-08
8.23E-08
8.23E-08
8.58E-08
8.19E-08
8.21E-08
8.19E-08
8.23E-08
8.21E-08
8.46E-08
8.19E-08
8.33E-08
8.29E-08
8.17E-08
8.31E-08
8.19E-08
8.33E-08
8.19E-08
8.56E-08
8.33E-08
8.23E-08
8.29E-08
8.29E-08
8.31E-08
8.29E-08
8.31E-08
8.29E-08
8.19E-08
8.21E-08
8.17E-08
8.29E-08
8.29E-08
8.19E-08
8.31E-08
8.15E-08
8.27E-08
8.31E-08
8.19E-08
8.04E-08
8.27E-08
8.31E-08
8.15E-08
8.15E-08
8.17E-08
8.27E-08
8.27E-08
8.23E-08
8.12E-08
8.02E-08
8.25E-08
7.96E-08
8.25E-08
7.96E-08
7.98E-08
7.94E-08
7.96E-08
8.08E-08
8.08E-08
7.94E-08
7.92E-08
7.94E-08
7.92E-08
7.9E-08
7.65E-08
8.04E-08
8E-08
8.02E-08
8.02E-08
8E-08
7.71E-08
7.98E-08
7.71E-08
8E-08
7.71E-08
7.69E-08
8.08E-08
7.96E-08
7.71E-08
7.71E-08
7.73E-08
7.69E-08
7.69E-08
7.69E-08
7.44E-08
7.79E-08
7.75E-08
7.77E-08
7.81E-08
7.77E-08
7.75E-08
7.75E-08
7.73E-08
7.52E-08
7.77E-08
7.48E-08
7.48E-08
7.48E-08
7.48E-08
7.56E-08
7.48E-08
7.56E-08
7.54E-08
7.54E-08
7.44E-08
7.42E-08
7.54E-08
7.54E-08
7.54E-08
7.5E-08
7.13E-08
7.48E-08
7.6E-08
7.23E-08
7.21E-08
7.6E-08
7.46E-08
7.23E-08
7.21E-08
7.21E-08
7.19E-08
7.31E-08
7.19E-08
7.21E-08
7.17E-08
7.31E-08
7.27E-08
7.29E-08
6.9E-08
7.02E-08
7.25E-08
6.98E-08
7.23E-08
6.96E-08
7.21E-08
6.94E-08
6.94E-08
7.04E-08
7.06E-08
6.94E-08
6.94E-08
6.92E-08
6.94E-08
6.9E-08
6.63E-08
6.77E-08
6.75E-08
7E-08
6.98E-08
6.85E-08
6.79E-08
6.71E-08
6.79E-08
6.69E-08
6.42E-08
6.79E-08
6.65E-08
6.75E-08
6.52E-08
6.52E-08
6.77E-08
6.77E-08
6.87E-08
6.6E-08
6.58E-08
6.48E-08
6.5E-08
6.71E-08
6.44E-08
6.56E-08
6.69E-08
6.58E-08
6.54E-08
6.56E-08
6.29E-08
6.54E-08
6.42E-08
6.27E-08
6.25E-08
6.52E-08
6.54E-08
6.48E-08
6.48E-08
6.48E-08
6.48E-08
6.37E-08
6.23E-08
6.23E-08
6.21E-08
6.31E-08
6.42E-08
6.33E-08
6.29E-08
6.15E-08
6.27E-08
6.31E-08
6E-08
6.25E-08
6.23E-08
6E-08
5.98E-08
5.98E-08
6.08E-08
6.08E-08
6.08E-08
6.04E-08
6.04E-08
5.96E-08
5.94E-08
5.67E-08
6.06E-08
6E-08
6E-08
5.77E-08
6E-08
5.73E-08
6E-08
5.96E-08
5.75E-08
5.98E-08
5.96E-08
5.73E-08
5.73E-08
5.71E-08
5.79E-08
5.79E-08
5.75E-08
5.77E-08
5.79E-08
5.67E-08
5.42E-08
5.77E-08
5.75E-08
5.48E-08
5.6E-08
5.75E-08
5.6E-08
5.73E-08
5.46E-08
5.5E-08
5.81E-08
5.58E-08
5.44E-08
5.46E-08
5.54E-08
5.54E-08
5.54E-08
5.5E-08
5.5E-08
5.5E-08
5.52E-08
5.5E-08
5.37E-08
5.23E-08
5.23E-08
5.21E-08
5.33E-08
5.46E-08
5.31E-08
5.27E-08
5.31E-08
5.02E-08
5.29E-08
5.13E-08
5.02E-08
5E-08
5.25E-08
5.37E-08
4.96E-08
4.96E-08
4.94E-08
4.94E-08
4.96E-08
4.94E-08
4.92E-08
4.79E-08
5.04E-08
5.02E-08
4.9E-08
4.75E-08
5E-08
4.75E-08
5.02E-08
4.77E-08
5.02E-08
4.73E-08
4.71E-08
5.1E-08
4.73E-08
4.71E-08
4.81E-08
4.81E-08
5.06E-08
4.81E-08
4.56E-08
4.56E-08
4.54E-08
4.77E-08
4.75E-08
4.73E-08
4.48E-08
4.5E-08
4.75E-08
4.46E-08
4.73E-08
4.46E-08
4.71E-08
4.56E-08
4.42E-08
4.56E-08
4.44E-08
4.52E-08
4.58E-08
4.4E-08
4.54E-08
4.25E-08
4.25E-08
4.29E-08
4.25E-08
4.25E-08
4.23E-08
4.23E-08
4.21E-08
4.21E-08
4.46E-08
4.19E-08
4.33E-08
4.19E-08
4.17E-08
4.29E-08
4.29E-08
4.17E-08
4.25E-08
4.25E-08
4.25E-08
4.23E-08
4E-08
4.23E-08
3.96E-08
4E-08
4.25E-08
4.12E-08
3.96E-08
3.96E-08
3.96E-08
3.94E-08
3.96E-08
3.94E-08
3.96E-08
4.19E-08
4.08E-08
4.06E-08
4.04E-08
3.92E-08
4.06E-08
4.02E-08
3.69E-08
4.06E-08
3.79E-08
4.02E-08
3.77E-08
4.02E-08
3.75E-08
4E-08
4.04E-08
3.77E-08
3.75E-08
3.73E-08
3.83E-08
4.1E-08
4.08E-08
3.69E-08
3.69E-08
3.69E-08
3.58E-08
3.56E-08
3.77E-08
3.75E-08
3.52E-08
3.52E-08
3.75E-08
3.5E-08
3.77E-08
3.75E-08
3.6E-08
3.73E-08
3.58E-08
3.46E-08
3.56E-08
3.58E-08
3.46E-08
3.54E-08
3.29E-08
3.56E-08
3.42E-08
3.42E-08
3.52E-08
3.5E-08
3.52E-08
3.5E-08
3.48E-08
3.29E-08
3.25E-08
3.48E-08
3.48E-08
3.23E-08
3.25E-08
3.48E-08
3.21E-08
3.48E-08
3.23E-08
3.23E-08
3.19E-08
3.29E-08
3.33E-08
3.21E-08
3.29E-08
3.19E-08
3.19E-08
3.27E-08
3.29E-08
3.27E-08
3.25E-08
3.27E-08
3.02E-08
2.98E-08
3.25E-08
3.23E-08
3.21E-08
3.1E-08
2.98E-08
3.23E-08
2.96E-08
3.23E-08
3.23E-08
3.1E-08
3.21E-08
3.1E-08
3.21E-08
3.08E-08
2.98E-08
3.31E-08
2.96E-08
2.96E-08
3.04E-08
2.94E-08
2.94E-08
2.96E-08
3.02E-08
3.04E-08
2.79E-08
2.81E-08
2.79E-08
2.81E-08
2.81E-08
3.02E-08
3E-08
2.98E-08
2.73E-08
3E-08
3E-08
2.96E-08
2.85E-08
2.98E-08
2.71E-08
2.69E-08
2.83E-08
2.69E-08
2.79E-08
2.83E-08
2.65E-08
2.52E-08
2.75E-08
2.79E-08
2.73E-08
2.52E-08
2.73E-08
2.5E-08
2.5E-08
2.48E-08
2.46E-08
2.48E-08
2.48E-08
2.46E-08
2.69E-08
2.44E-08
2.56E-08
2.46E-08
2.44E-08
2.56E-08
2.44E-08
2.54E-08
2.42E-08
2.54E-08
2.42E-08
2.52E-08
2.56E-08
2.5E-08
2.25E-08
2.52E-08
2.5E-08
2.5E-08
2.25E-08
2.27E-08
2.5E-08
2.5E-08
2.52E-08
2.46E-08
2.46E-08
2.35E-08
2.35E-08
2.33E-08
2.21E-08
2.46E-08
2.19E-08
2.33E-08
2.48E-08
2.19E-08
2.31E-08
2.19E-08
2.27E-08
2.21E-08
2.29E-08
2.31E-08
2.17E-08
2.29E-08
2.31E-08
2.27E-08
2.02E-08
2.02E-08
2.27E-08
2.23E-08
2.23E-08
2.23E-08
2.23E-08
2E-08
1.98E-08
1.98E-08
2E-08
1.96E-08
2.23E-08
2.19E-08
2.1E-08
2.06E-08
1.96E-08
1.94E-08
2.08E-08
2.04E-08
1.94E-08
2.04E-08
1.94E-08
2.02E-08
1.9E-08
2.02E-08
1.92E-08
2.04E-08
2.02E-08
1.88E-08
1.75E-08
2.04E-08
2.04E-08
2E-08
2E-08
1.98E-08
1.75E-08
2E-08
2E-08
2E-08
1.98E-08
1.98E-08
1.73E-08
1.75E-08
1.75E-08
1.75E-08
1.98E-08
1.73E-08
1.73E-08
2E-08
1.69E-08
1.73E-08
1.71E-08
1.81E-08
1.73E-08
1.81E-08
1.73E-08
2.06E-08
1.83E-08
1.69E-08
1.79E-08
1.79E-08
1.67E-08
1.75E-08
1.77E-08
1.77E-08
1.77E-08
1.77E-08
1.79E-08
1.81E-08
1.56E-08
1.81E-08
1.79E-08
1.77E-08
1.77E-08
1.69E-08
1.67E-08
1.81E-08
1.79E-08
1.77E-08
1.83E-08
1.79E-08
1.67E-08
1.75E-08
1.65E-08
1.79E-08
1.67E-08
1.77E-08
1.79E-08
1.77E-08
1.77E-08
1.65E-08
1.77E-08
1.79E-08
1.79E-08
1.65E-08
1.65E-08
1.69E-08
1.77E-08
1.75E-08
1.77E-08
1.77E-08
1.75E-08
1.73E-08
1.73E-08
1.52E-08
1.77E-08
1.75E-08
1.71E-08
1.62E-08
1.48E-08
1.46E-08
1.6E-08
1.71E-08
1.46E-08
1.56E-08
1.44E-08
1.56E-08
1.42E-08
1.58E-08
1.44E-08
1.54E-08
1.42E-08
1.46E-08
1.52E-08
1.56E-08
1.42E-08
1.44E-08
1.52E-08
1.52E-08
1.52E-08
1.54E-08
1.52E-08
1.52E-08
1.52E-08
1.5E-08
1.48E-08
1.5E-08
1.48E-08
1.27E-08
1.23E-08
1.48E-08
1.23E-08
1.48E-08
1.48E-08
1.37E-08
1.48E-08
1.23E-08
1.48E-08
1.48E-08
1.37E-08
1.48E-08
1.35E-08
1.5E-08
1.37E-08
1.23E-08
1.35E-08
1.23E-08
1.44E-08
1.19E-08
1.19E-08
1.21E-08
1.56E-08
1.56E-08
1.19E-08
1.19E-08
1.19E-08
1.17E-08
1.15E-08
1.17E-08
9.2E-09
1.02E-08
1.02E-08
1E-08
1.25E-08
1.23E-08
9.6E-09
1.08E-08
9.6E-09
1.19E-08
9.4E-09
1.02E-08
9.2E-09
1.04E-08
6.7E-09
1.04E-08
1.04E-08
1.04E-08
7.5E-09
1.02E-08
7.7E-09
1E-08
9.8E-09
7.3E-09
9.8E-09
9.8E-09
7.3E-09
7.1E-09
1.08E-08
8.5E-09
6.9E-09
7.1E-09
7.1E-09
6.9E-09
7.1E-09
9.6E-09
7.1E-09
6.9E-09
8.1E-09
7.9E-09
7.9E-09
9.8E-09
8.3E-09
7.9E-09
9.4E-09
8.5E-09
7.9E-09
6.7E-09
7.9E-09
7.1E-09
7.9E-09
6.5E-09
7.9E-09
6.9E-09
6.9E-09
7.7E-09
8.1E-09
7.7E-09
5.2E-09
7.7E-09
7.9E-09
6.7E-09
7.7E-09
7.5E-09
7.7E-09
5E-09
5.2E-09
5.2E-09
5E-09
5E-09
5E-09
5E-09
7.1E-09
5E-09
7.1E-09
4.6E-09
5.8E-09
4.6E-09
7.3E-09
5.8E-09
5.4E-09
6.9E-09
5.8E-09
5.6E-09
4.4E-09
5.4E-09
4.4E-09
5.4E-09
5.4E-09
5.6E-09
5.2E-09
5.4E-09
4E-09
5.2E-09
5.2E-09
4E-09
5.2E-09
5.4E-09
5.4E-09
5.2E-09
5.4E-09
5E-09
5.2E-09
5.4E-09
5.2E-09
5.6E-09
5.6E-09
4.2E-09
4.2E-09
5.2E-09
5.4E-09
5.2E-09
5E-09
5.2E-09
4E-09
4E-09
5.6E-09
5.2E-09
5.2E-09
4E-09
5.4E-09
5.2E-09
4.2E-09
5E-09
5E-09
5.4E-09
5E-09
5.2E-09
4.8E-09
5.2E-09
3.8E-09
5E-09
5.2E-09
5E-09
7.5E-09
4.8E-09
6E-09
7.1E-09
7.3E-09
-4.4E-09
-7.5E-09
-7.5E-09
-8.1E-09
-7.1E-09
-7.1E-09
-4.6E-09
-6.9E-09
-6.9E-09
-6.9E-09
-8.3E-09
-8.5E-09
-8.5E-09
-8.7E-09
-8.5E-09
-7.1E-09
-7.3E-09
-7.5E-09
-7.5E-09
-7.9E-09
-7.3E-09
-7.5E-09
-7.5E-09
-9E-09
-7.9E-09
-8.1E-09
-9.2E-09
-8.1E-09
-9.6E-09
-1.06E-08
-9.4E-09
-1.1E-08
-1E-08
-9.8E-09
-1.12E-08
-1.25E-08
-1E-08
-1.12E-08
-1E-08
-1.25E-08
-1.02E-08
-9.2E-09
-8.8E-09
-9E-09
-1.04E-08
-1.04E-08
-1.29E-08
-1.31E-08
-1.31E-08
-1.08E-08
-1.31E-08
-1.1E-08
-1.19E-08
-1.23E-08
-1.23E-08
-1.21E-08
-1.33E-08
-1.19E-08
-1.21E-08
-1.23E-08
-1.35E-08
-1.21E-08
-1.23E-08
-1.25E-08
-1.23E-08
-1.27E-08
-1.23E-08
-1.25E-08
-1.37E-08
-1.25E-08
-1.13E-08
-1.25E-08
-1.25E-08
-1.27E-08
-1.25E-08
-1.25E-08
-1.27E-08
-1.27E-08
-1.17E-08
-1.27E-08
-1.52E-08
-1.27E-08
-1.25E-08
-1.29E-08
-1.52E-08
-1.54E-08
-1.44E-08
-1.17E-08
-1.17E-08
-1.15E-08
-1.56E-08
-1.31E-08
-1.54E-08
-1.6E-08
-1.44E-08
-1.46E-08
-1.48E-08
-1.5E-08
-1.46E-08
-1.5E-08
-1.52E-08
-1.48E-08
-1.48E-08
-1.48E-08
-1.52E-08
-1.48E-08
-1.5E-08
-1.48E-08
-1.77E-08
-1.5E-08
-1.52E-08
-1.48E-08
-1.52E-08
-1.63E-08
-1.54E-08
-1.65E-08
-1.52E-08
-1.42E-08
-1.77E-08
-1.44E-08
-1.67E-08
-1.79E-08
-1.46E-08
-1.81E-08
-1.81E-08
-1.46E-08
-1.69E-08
-1.83E-08
-1.83E-08
-1.71E-08
-1.73E-08
-1.48E-08
-1.69E-08
-1.46E-08
-1.67E-08
-1.71E-08
-1.98E-08
-1.73E-08
-1.73E-08
-1.75E-08
-2E-08
-2E-08
-2.02E-08
-1.77E-08
-1.77E-08
-1.81E-08
-2.02E-08
-2.02E-08
-1.77E-08
-1.79E-08
-1.92E-08
-1.79E-08
-1.77E-08
-1.9E-08
-2.06E-08
-1.79E-08
-1.92E-08
-1.77E-08
-1.88E-08
-1.79E-08
-1.65E-08
-1.75E-08
-1.65E-08
-2.04E-08
-1.77E-08
-1.79E-08
-2E-08
-1.77E-08
-1.79E-08
-2E-08
-1.77E-08
-1.63E-08
-1.75E-08
-1.75E-08
-1.75E-08
-2E-08
-1.77E-08
-1.73E-08
-1.73E-08
-1.65E-08
-1.73E-08
-1.73E-08
-1.73E-08
-1.73E-08
-1.73E-08
-2E-08
-1.73E-08
-1.77E-08
-1.75E-08
-1.73E-08
-1.77E-08
-1.87E-08
-1.96E-08
-1.75E-08
-1.75E-08
-1.75E-08
-1.98E-08
-1.75E-08
-1.77E-08
-1.77E-08
-1.73E-08
-1.75E-08
-1.73E-08
-1.75E-08
-1.73E-08
-1.75E-08
-1.63E-08
-1.75E-08
-1.73E-08
-1.77E-08
-1.73E-08
-2E-08
-1.77E-08
-1.77E-08
-2.02E-08
-1.75E-08
-1.65E-08
-1.77E-08
-2E-08
-1.75E-08
-1.63E-08
-1.79E-08
-1.77E-08
-2E-08
-1.77E-08
-1.77E-08
-1.65E-08
-1.77E-08
-1.79E-08
-2E-08
-1.75E-08
-1.75E-08
-1.75E-08
-1.75E-08
-1.65E-08
-1.65E-08
-1.65E-08
-1.73E-08
-1.71E-08
-1.71E-08
-1.73E-08
-1.73E-08
-1.75E-08
-1.71E-08
-1.85E-08
-1.73E-08
-1.73E-08
-1.73E-08
-1.71E-08
-1.75E-08
-1.75E-08
-1.71E-08
-1.71E-08
-1.69E-08
-1.75E-08
-1.85E-08
-1.71E-08
-1.83E-08
-1.73E-08
-1.83E-08
-1.46E-08
-1.67E-08
-1.79E-08
-1.48E-08
-1.67E-08
-1.83E-08
-1.48E-08
-1.44E-08
-1.83E-08
-1.81E-08
-1.71E-08
-1.46E-08
-1.69E-08
-1.85E-08
-1.83E-08
-1.83E-08
-1.81E-08
-1.83E-08
-1.73E-08
-1.83E-08
-1.73E-08
-1.79E-08
-1.81E-08
-1.73E-08
-1.83E-08
-1.79E-08
-1.81E-08
-1.83E-08
-1.81E-08
-1.56E-08
-1.56E-08
-1.56E-08
-1.69E-08
-1.71E-08
-1.73E-08
-1.71E-08
-1.6E-08
-1.69E-08
-1.71E-08
-1.58E-08
-1.67E-08
-1.71E-08
-1.83E-08
-1.69E-08
-1.54E-08
-1.69E-08
-1.54E-08
-1.67E-08
-1.56E-08
-1.44E-08
-1.79E-08
-1.46E-08
-1.65E-08
-1.79E-08
-1.44E-08
-1.67E-08
-1.79E-08
-1.46E-08
-1.71E-08
-1.83E-08
-1.81E-08
-1.71E-08
-1.48E-08
-1.69E-08
-1.85E-08
-1.87E-08
-1.75E-08
-1.73E-08
-1.73E-08
-1.73E-08
-1.71E-08
-1.73E-08
-1.73E-08
-1.73E-08
-1.71E-08
-1.48E-08
-1.46E-08
-1.44E-08
-1.69E-08
-1.73E-08
-1.75E-08
-1.73E-08
-1.73E-08
-1.73E-08
-1.83E-08
-1.58E-08
-1.69E-08
-1.73E-08
-1.73E-08
-1.83E-08
-1.71E-08
-1.73E-08
-1.73E-08
-1.85E-08
-1.71E-08
-1.73E-08
-2.1E-08
-1.75E-08
-1.75E-08
-1.85E-08
-1.73E-08
-1.56E-08
-1.71E-08
-1.48E-08
-1.71E-08
-1.83E-08
-1.71E-08
-1.85E-08
-1.75E-08
-1.71E-08
-1.48E-08
-1.71E-08
-1.83E-08
-1.73E-08
-1.71E-08
-1.71E-08
-1.75E-08
-1.73E-08
-1.73E-08
-1.73E-08
-1.83E-08
-1.75E-08
-1.73E-08
-1.75E-08
-1.48E-08
-1.69E-08
-1.71E-08
-1.85E-08
-1.85E-08
-1.73E-08
-1.85E-08
-1.85E-08
-1.85E-08
-1.85E-08
-1.87E-08
-1.46E-08
-1.94E-08
-1.75E-08
-1.75E-08
-1.77E-08
-1.77E-08
-2.1E-08
-1.75E-08
-1.73E-08
-1.85E-08
-1.71E-08
-1.75E-08
-1.73E-08
-1.71E-08
-1.73E-08
-1.58E-08
-1.69E-08
-1.71E-08
-1.83E-08
-1.73E-08
-1.79E-08
-1.71E-08
-1.85E-08
-1.71E-08
-1.83E-08
-1.46E-08
-1.81E-08
-1.79E-08
-1.42E-08
-1.81E-08
-1.54E-08
-1.69E-08
-1.83E-08
-1.79E-08
-1.46E-08
-1.81E-08
-1.83E-08
-1.44E-08
-1.69E-08
-1.83E-08
-1.79E-08
-1.81E-08
-1.44E-08
-1.42E-08
-1.54E-08
-1.54E-08
-1.54E-08
-1.52E-08
-1.75E-08
-1.77E-08
-1.77E-08
-1.75E-08
-1.77E-08
-1.77E-08
-1.54E-08
-1.52E-08
-1.52E-08
-1.54E-08
-1.54E-08
-1.75E-08
-1.48E-08
-1.5E-08
-1.5E-08
-1.54E-08
-1.75E-08
-1.52E-08
-1.52E-08
-1.52E-08
-1.5E-08
-1.52E-08
-1.52E-08
-1.42E-08
-1.5E-08
-1.77E-08
-1.48E-08
-1.5E-08
-1.46E-08
-1.5E-08
-1.62E-08
-1.48E-08
-1.52E-08
-1.48E-08
-1.6E-08
-1.48E-08
-1.46E-08
-1.48E-08
-1.48E-08
-1.6E-08
-1.48E-08
-1.46E-08
-1.58E-08
-1.48E-08
-1.48E-08
-1.48E-08
-1.48E-08
-1.48E-08
-1.46E-08
-1.46E-08
-1.5E-08
-1.5E-08
-1.25E-08
-1.46E-08
-1.48E-08
-1.62E-08
-1.5E-08
-1.5E-08
-1.5E-08
-1.5E-08
-1.5E-08
-1.73E-08
-1.73E-08
-1.75E-08
-1.52E-08
-1.5E-08
-1.5E-08
-1.54E-08
-1.54E-08
-1.54E-08
-1.4E-08
-1.67E-08
-1.71E-08
-1.79E-08
-1.54E-08
-1.56E-08
-1.67E-08
-1.79E-08
-1.54E-08
-1.81E-08
-1.52E-08
-1.52E-08
-1.65E-08
-1.5E-08
-1.52E-08
-1.48E-08
-1.5E-08
-1.62E-08
-1.48E-08
-1.58E-08
-1.5E-08
-1.5E-08
-1.48E-08
-1.52E-08
-1.5E-08
-1.6E-08
-1.48E-08
-1.46E-08
-1.6E-08
-1.23E-08
-1.44E-08
-1.58E-08
-1.21E-08
-1.46E-08
-1.58E-08
-1.58E-08
-1.23E-08
-1.44E-08
-1.58E-08
-1.58E-08
-1.58E-08
-1.46E-08
-1.48E-08
-1.48E-08
-1.21E-08
-1.19E-08
-1.19E-08
-1.19E-08
-1.46E-08
-1.46E-08
-1.48E-08
-1.48E-08
-1.48E-08
-1.5E-08
-1.5E-08
-1.48E-08
-1.48E-08
-1.5E-08
-1.46E-08
-1.5E-08
-1.6E-08
-1.21E-08
-1.44E-08
-1.48E-08
-1.48E-08
-1.5E-08
-1.46E-08
-1.46E-08
-1.48E-08
-1.48E-08
-1.6E-08
-1.48E-08
-1.5E-08
-1.5E-08
-1.52E-08
-1.5E-08
-1.4E-08
-1.5E-08
-1.4E-08
-1.52E-08
-1.52E-08
-1.77E-08
-1.48E-08
-1.79E-08
-1.52E-08
-1.4E-08
-1.79E-08
-1.52E-08
-1.54E-08
-1.77E-08
-1.44E-08
-1.67E-08
-1.77E-08
-1.42E-08
-1.81E-08
-1.79E-08
-1.5E-08
-1.42E-08
-1.77E-08
-1.79E-08
-1.5E-08
-1.4E-08
-1.54E-08
-1.52E-08
-1.75E-08
-1.77E-08
-1.77E-08
-1.73E-08
-1.52E-08
-1.75E-08
-1.77E-08
-1.75E-08
-1.79E-08
-1.71E-08
-1.77E-08
-1.77E-08
-1.52E-08
-1.54E-08
-1.56E-08
-1.56E-08
-1.69E-08
-1.67E-08
-1.71E-08
-1.79E-08
-1.83E-08
-1.58E-08
-1.71E-08
-1.71E-08
-1.58E-08
-1.81E-08
-1.73E-08
-1.73E-08
-1.69E-08
-1.73E-08
-1.83E-08
-1.71E-08
-1.73E-08
-1.69E-08
-1.71E-08
-1.83E-08
-1.73E-08
-1.81E-08
-1.48E-08
-1.77E-08
-1.73E-08
-1.85E-08
-1.48E-08
-1.81E-08
-1.54E-08
-1.71E-08
-1.83E-08
-1.79E-08
-1.46E-08
-1.67E-08
-1.83E-08
-1.73E-08
-1.48E-08
-1.67E-08
-1.81E-08
-1.81E-08
-1.71E-08
-1.44E-08
-1.69E-08
-1.69E-08
-1.83E-08
-1.85E-08
-1.81E-08
-1.85E-08
-1.75E-08
-1.75E-08
-1.75E-08
-1.73E-08
-1.83E-08
-1.85E-08
-1.85E-08
-1.71E-08
-1.71E-08
-1.73E-08
-1.75E-08
-1.77E-08
-1.77E-08
-1.73E-08
-1.75E-08
-1.75E-08
-1.75E-08
-2.02E-08
-1.77E-08
-1.77E-08
-1.77E-08
-1.92E-08
-1.79E-08
-1.77E-08
-1.88E-08
-1.94E-08
-1.77E-08
-2.06E-08
-1.81E-08
-1.77E-08
-1.88E-08
-1.79E-08
-2.04E-08
-1.77E-08
-1.77E-08
-1.67E-08
-2.02E-08
-1.67E-08
-2.04E-08
-1.79E-08
-2.04E-08
-1.77E-08
-1.67E-08
-2.02E-08
-1.79E-08
-1.79E-08
-1.75E-08
-1.75E-08
-1.81E-08
-2E-08
-1.75E-08
-1.77E-08
-2.02E-08
-1.77E-08
-1.75E-08
-1.63E-08
-1.77E-08
-1.77E-08
-2E-08
-2.02E-08
-1.75E-08
-1.75E-08
-1.67E-08
-1.75E-08
-1.98E-08
-1.94E-08
-2.02E-08
-1.94E-08
-1.94E-08
-2.02E-08
-2.02E-08
-2.02E-08
-2.04E-08
-2.04E-08
-2.02E-08
-1.79E-08
-1.77E-08
-1.79E-08
-1.77E-08
-1.65E-08
-1.92E-08
-2.04E-08
-1.79E-08
-1.77E-08
-1.9E-08
-1.79E-08
-1.79E-08
-1.92E-08
-1.79E-08
-1.79E-08
-1.9E-08
-1.77E-08
-2.06E-08
-1.69E-08
-1.77E-08
-1.88E-08
-1.77E-08
-2.04E-08
-1.77E-08
-2.06E-08
-1.81E-08
-2.06E-08
-1.77E-08
-2.02E-08
-1.79E-08
-1.9E-08
-1.79E-08
-2.02E-08
-1.79E-08
-2.04E-08
-1.77E-08
-1.67E-08
-2.04E-08
-1.81E-08
-1.69E-08
-2.02E-08
-2.02E-08
-1.77E-08
-1.65E-08
-2.04E-08
-2.02E-08
-2.04E-08
-1.75E-08
-1.67E-08
-1.63E-08
-1.77E-08
-1.77E-08
-2E-08
-1.79E-08
-1.77E-08
-1.65E-08
-1.79E-08
-1.79E-08
-1.79E-08
-1.79E-08
-1.77E-08
-1.77E-08
-1.75E-08
-1.75E-08
-1.75E-08
-1.75E-08
-1.75E-08
-1.73E-08
-1.73E-08
-1.75E-08
-1.77E-08
-1.98E-08
-1.75E-08
-1.75E-08
-1.75E-08
-1.73E-08
-1.77E-08
-1.46E-08
-1.71E-08
-1.75E-08
-1.75E-08
-1.87E-08
-1.75E-08
-1.75E-08
-1.77E-08
-1.73E-08
-1.75E-08
-1.75E-08
-1.73E-08
-1.75E-08
-1.54E-08
-1.73E-08
-1.75E-08
-1.75E-08
-1.75E-08
-1.71E-08
-1.75E-08
-1.71E-08
-1.75E-08
-1.73E-08
-1.77E-08
-1.73E-08
-2.02E-08
-1.77E-08
-1.77E-08
-1.75E-08
-1.77E-08
-2.04E-08
-1.77E-08
-1.75E-08
-1.77E-08
-2.02E-08
-1.79E-08
-1.75E-08
-1.67E-08
-1.65E-08
-2.04E-08
-2.04E-08
-2.02E-08
-2.06E-08
-1.69E-08
-1.67E-08
-1.67E-08
-1.69E-08
-2.08E-08
-2.08E-08
-2.08E-08
-2.08E-08
-2.1E-08
-1.83E-08
-1.81E-08
-1.81E-08
-1.67E-08
-1.96E-08
-1.96E-08
-2.06E-08
-2.08E-08
-1.83E-08
-1.92E-08
-1.96E-08
-1.96E-08
-1.83E-08
-1.94E-08
-1.98E-08
-2E-08
-1.96E-08
-2E-08
-2.02E-08
-1.96E-08
-2E-08
-1.98E-08
-2E-08
-2.02E-08
-2E-08
-2.27E-08
-2E-08
-2.02E-08
-2E-08
-2.25E-08
-2.02E-08
-2.27E-08
-2.04E-08
-2.29E-08
-2.02E-08
-2E-08
-2.29E-08
-2.02E-08
-1.94E-08
-2.29E-08
-2.27E-08
-1.92E-08
-2.04E-08
-2.27E-08
-2.04E-08
-1.94E-08
-2.31E-08
-2.29E-08
-2.29E-08
-2.19E-08
-1.94E-08
-1.92E-08
-2.06E-08
-2.27E-08
-2.29E-08
-2.31E-08
-1.92E-08
-1.92E-08
-1.92E-08
-1.92E-08
-2.31E-08
-2.06E-08
-2.31E-08
-2.29E-08
-2.29E-08
-2.33E-08
-2.31E-08
-2.08E-08
-2.06E-08
-2.19E-08
-2.19E-08
-2.21E-08
-2.06E-08
-2.17E-08
-2.21E-08
-2.06E-08
-2.33E-08
-2.21E-08
-2.21E-08
-2.08E-08
-2.21E-08
-2.06E-08
-2.31E-08
-1.96E-08
-2.29E-08
-2.21E-08
-2.31E-08
-2.19E-08
-2.04E-08
-2.19E-08
-2.04E-08
-2.19E-08
-2.04E-08
-2.19E-08
-2.31E-08
-1.92E-08
-2.29E-08
-2.04E-08
-1.94E-08
-2.04E-08
-2.27E-08
-1.94E-08
-1.9E-08
-2.29E-08
-2.27E-08
-2.02E-08
-1.9E-08
-2.27E-08
-2.27E-08
-2.27E-08
-1.94E-08
-2.02E-08
-2.02E-08
-2.02E-08
-2E-08
-2.02E-08
-2.25E-08
-2.27E-08
-2.27E-08
-2.27E-08
-2.02E-08
-2E-08
-2E-08
-2.02E-08
-2E-08
-2.02E-08
-2.02E-08
-2.23E-08
-2.23E-08
-2E-08
-2E-08
-2E-08
-2E-08
-2E-08
-2.27E-08
-1.98E-08
-2E-08
-1.98E-08
-1.96E-08
-1.98E-08
-2E-08
-2.27E-08
-1.98E-08
-1.98E-08
-2.02E-08
-1.98E-08
-2E-08
-1.96E-08
-1.75E-08
-1.96E-08
-2E-08
-1.96E-08
-2E-08
-1.98E-08
-2.1E-08
-1.98E-08
-1.96E-08
-2.23E-08
-2.02E-08
-2.02E-08
-2E-08
-1.96E-08
-1.98E-08
-1.98E-08
-2.12E-08
-1.98E-08
-1.96E-08
-2.1E-08
-1.98E-08
-1.98E-08
-1.75E-08
-1.96E-08
-1.98E-08
-2.1E-08
-2.1E-08
-1.98E-08
-1.96E-08
-1.98E-08
-2E-08
-1.98E-08
-1.71E-08
-1.96E-08
-1.73E-08
-1.69E-08
-1.69E-08
-1.69E-08
-1.71E-08
-1.96E-08
-1.94E-08
-1.96E-08
-2.06E-08
-1.83E-08
-1.81E-08
-1.92E-08
-1.96E-08
-1.96E-08
-2.04E-08
-1.83E-08
-2.06E-08
-1.94E-08
-2.04E-08
-1.79E-08
-2.06E-08
-1.98E-08
-1.81E-08
-2.06E-08
-1.94E-08
-2.06E-08
-2.08E-08
-1.96E-08
-1.81E-08
-1.92E-08
-1.96E-08
-2.08E-08
-1.96E-08
-2.06E-08
-1.98E-08
-2.08E-08
-1.73E-08
-2.06E-08
-1.73E-08
-1.92E-08
-2.06E-08
-1.98E-08
-2.08E-08
-2.06E-08
-1.94E-08
-1.94E-08
-2.08E-08
-1.73E-08
-1.96E-08
-2.08E-08
-2.08E-08
-1.96E-08
-1.96E-08
-1.96E-08
-2.08E-08
-2.1E-08
-2.06E-08
-1.98E-08
-1.96E-08
-1.96E-08
-1.73E-08
-1.71E-08
-1.69E-08
-1.69E-08
-1.69E-08
-1.69E-08
-1.71E-08
-1.96E-08
-1.96E-08
-1.94E-08
-1.98E-08
-2.06E-08
-2.06E-08
-1.83E-08
-1.94E-08
-1.96E-08
-1.81E-08
-2.06E-08
-1.98E-08
-1.96E-08
-1.83E-08
-1.94E-08
-1.96E-08
-2.08E-08
-1.98E-08
-2.08E-08
-1.96E-08
-1.98E-08
-2E-08
-1.98E-08
-1.98E-08
-1.98E-08
-1.96E-08
-2E-08
-1.98E-08
-2.25E-08
-2.02E-08
-2.04E-08
-2E-08
-1.88E-08
-2.25E-08
-2.02E-08
-1.9E-08
-2.29E-08
-2.27E-08
-2E-08
-1.9E-08
-2.04E-08
-2.27E-08
-2.27E-08
-2.06E-08
-2.02E-08
-2.02E-08
-2.04E-08
-2.04E-08
-2.06E-08
-2.04E-08
-2.02E-08
-2.04E-08
-2.04E-08
-2.06E-08
-2.06E-08
-2.06E-08
-1.88E-08
-2.15E-08
-2.25E-08
-2.27E-08
-2.02E-08
-2.04E-08
-2.04E-08
-2.25E-08
-2.29E-08
-2.04E-08
-2.06E-08
-2.15E-08
-2.31E-08
-2.04E-08
-2.15E-08
-2.04E-08
-2.31E-08
-2.19E-08
-2.21E-08
-2.06E-08
-2.21E-08
-2.23E-08
-2.21E-08
-1.98E-08
-2.31E-08
-2.23E-08
-2.35E-08
-2.23E-08
-2.33E-08
-2.23E-08
-2.21E-08
-2.23E-08
-2.21E-08
-2.37E-08
-2.23E-08
-2.25E-08
-2.29E-08
-2.52E-08
-2.25E-08
-2.27E-08
-2.25E-08
-2.5E-08
-2.25E-08
-2.15E-08
-2.27E-08
-2.29E-08
-2.52E-08
-2.54E-08
-2.54E-08
-2.44E-08
-2.29E-08
-2.15E-08
-2.19E-08
-2.17E-08
-2.15E-08
-2.15E-08
-2.17E-08
-2.17E-08
-2.42E-08
-2.44E-08
-2.46E-08
-2.46E-08
-2.54E-08
-2.58E-08
-2.56E-08
-2.33E-08
-2.42E-08
-2.46E-08
-2.44E-08
-2.29E-08
-2.29E-08
-2.44E-08
-2.48E-08
-2.31E-08
-2.56E-08
-2.46E-08
-2.29E-08
-2.42E-08
-2.46E-08
-2.44E-08
-2.46E-08
-2.58E-08
-2.46E-08
-2.31E-08
-2.44E-08
-2.21E-08
-2.44E-08
-2.48E-08
-2.48E-08
-2.6E-08
-2.5E-08
-2.46E-08
-2.5E-08
-2.5E-08
-2.5E-08
-2.52E-08
-2.5E-08
-2.46E-08
-2.52E-08
-2.52E-08
-2.48E-08
-2.48E-08
-2.52E-08
-2.52E-08
-2.5E-08
-2.52E-08
-2.5E-08
-2.75E-08
-2.77E-08
-2.52E-08
-2.73E-08
-2.79E-08
-2.54E-08
-2.5E-08
-2.5E-08
-2.75E-08
-2.52E-08
-2.52E-08
-2.52E-08
-2.52E-08
-2.52E-08
-2.4E-08
-2.65E-08
-2.75E-08
-2.54E-08
-2.5E-08
-2.56E-08
-2.63E-08
-2.77E-08
-2.54E-08
-2.81E-08
-2.69E-08
-2.52E-08
-2.81E-08
-2.73E-08
-2.81E-08
-2.69E-08
-2.81E-08
-2.73E-08
-2.81E-08
-2.75E-08
-2.83E-08
-2.46E-08
-2.81E-08
-2.46E-08
-2.71E-08
-2.85E-08
-2.75E-08
-2.71E-08
-2.75E-08
-2.75E-08
-2.73E-08
-2.75E-08
-3E-08
-3.02E-08
-2.75E-08
-2.63E-08
-2.77E-08
-2.75E-08
-3E-08
-3.02E-08
-3.04E-08
-3.02E-08
-3.04E-08
-3.04E-08
-3.04E-08
-3.02E-08
-3.04E-08
-3.04E-08
-3.04E-08
-3.04E-08
-3.04E-08
-3.04E-08
-3.06E-08
-3.06E-08
-3.04E-08
-3.06E-08
-2.83E-08
-2.67E-08
-2.67E-08
-2.94E-08
-2.98E-08
-2.96E-08
-2.85E-08
-2.94E-08
-2.98E-08
-2.98E-08
-2.96E-08
-3E-08
-3E-08
-2.98E-08
-3E-08
-3.27E-08
-3.02E-08
-3.27E-08
-3.04E-08
-3.29E-08
-3.04E-08
-3.29E-08
-3.04E-08
-3.15E-08
-3.02E-08
-2.9E-08
-3.27E-08
-3.02E-08
-2.9E-08
-3.29E-08
-3.04E-08
-3.31E-08
-3.04E-08
-2.94E-08
-3.27E-08
-3.04E-08
-3.15E-08
-3.31E-08
-3.04E-08
-2.92E-08
-3.29E-08
-3.27E-08
-2.94E-08
-2.92E-08
-3.29E-08
-3.29E-08
-2.94E-08
-2.9E-08
-3.06E-08
-3.04E-08
-3.27E-08
-3.29E-08
-3.27E-08
-3.29E-08
-3.27E-08
-3.27E-08
-3.31E-08
-3.29E-08
-3.29E-08
-3.27E-08
-3.04E-08
-3.02E-08
-3.02E-08
-3.04E-08
-3.06E-08
-3.17E-08
-3.19E-08
-3.04E-08
-3.06E-08
-3.17E-08
-3.02E-08
-3.31E-08
-3.21E-08
-3.06E-08
-3.17E-08
-3.19E-08
-3.06E-08
-3.19E-08
-3.06E-08
-3.17E-08
-3.06E-08
-3.17E-08
-2.98E-08
-3.19E-08
-3.31E-08
-3.23E-08
-3.35E-08
-2.96E-08
-3.19E-08
-3.33E-08
-2.96E-08
-3.19E-08
-3.31E-08
-2.96E-08
-2.94E-08
-3.31E-08
-3.31E-08
-3.21E-08
-2.94E-08
-2.92E-08
-3.17E-08
-3.33E-08
-3.31E-08
-3.29E-08
-3.21E-08
-3.19E-08
-3.19E-08
-3.19E-08
-3.19E-08
-3.21E-08
-3.19E-08
-3.21E-08
-3.19E-08
-3.21E-08
-3.21E-08
-3.23E-08
-3.31E-08
-3.31E-08
-3.08E-08
-3.06E-08
-3.19E-08
-3.23E-08
-3.33E-08
-3.08E-08
-3.19E-08
-3.21E-08
-3.08E-08
-3.19E-08
-3.23E-08
-3.06E-08
-3.19E-08
-3.21E-08
-3.08E-08
-3.21E-08
-3.06E-08
-3.17E-08
-3.31E-08
-3.06E-08
-3.19E-08
-3.06E-08
-3.19E-08
-3.04E-08
-3.17E-08
-3.06E-08
-3.17E-08
-3.31E-08
-2.94E-08
-3.31E-08
-3.04E-08
-2.9E-08
-3.29E-08
-3.04E-08
-2.94E-08
-3.31E-08
-3.29E-08
-3.06E-08
-2.92E-08
-3.29E-08
-3.29E-08
-3.29E-08
-3.31E-08
-3.02E-08
-2.88E-08
-3.04E-08
-3.04E-08
-3.04E-08
-3.02E-08
-3.02E-08
-3.02E-08
-3E-08
-3E-08
-3E-08
-3.25E-08
-3.27E-08
-3.27E-08
-3.27E-08
-3.02E-08
-3E-08
-3.02E-08
-3.02E-08
-3.02E-08
-3.04E-08
-3.04E-08
-3.15E-08
-3.02E-08
-3E-08
-3.02E-08
-3.29E-08
-3.19E-08
-3.02E-08
-3.06E-08
-3.25E-08
-3.02E-08
-3E-08
-3.15E-08
-3.02E-08
-3.02E-08
-3.15E-08
-3.02E-08
-3.27E-08
-3.02E-08
-3.27E-08
-3.02E-08
-2.9E-08
-3E-08
-2.9E-08
-3.27E-08
-3.04E-08
-3.04E-08
-3E-08
-3E-08
-3.27E-08
-3.02E-08
-2.88E-08
-3.27E-08
-3.27E-08
-2.94E-08
-3.04E-08
-3.27E-08
-3.27E-08
-2.92E-08
-2.88E-08
-3.04E-08
-3.27E-08
-3.27E-08
-2.94E-08
-2.9E-08
-3.04E-08
-3.06E-08
-3.04E-08
-3.02E-08
-3.02E-08
-3.02E-08
-3.04E-08
-3.04E-08
-3.04E-08
-3.04E-08
-3.02E-08
-3.02E-08
-3.25E-08
-3.31E-08
-3.29E-08
-3.29E-08
-3.29E-08
-3.08E-08
-3.06E-08
-3.19E-08
-3.19E-08
-3.21E-08
-3.31E-08
-3.33E-08
-3.21E-08
-3.23E-08
-3.31E-08
-3.08E-08
-3.19E-08
-3.23E-08
-2.98E-08
-3.19E-08
-3.23E-08
-3.35E-08
-3.23E-08
-3.08E-08
-3.21E-08
-3.25E-08
-3.23E-08
-3.23E-08
-3.21E-08
-2.98E-08
-3.19E-08
-3.48E-08
-3.23E-08
-3.25E-08
-3.25E-08
-3.27E-08
-3.25E-08
-3.23E-08
-3.25E-08
-3.25E-08
-3.25E-08
-3.5E-08
-3.25E-08
-3.25E-08
-3.25E-08
-3.5E-08
-3.25E-08
-3.21E-08
-3.37E-08
-3.23E-08
-3.25E-08
-3.5E-08
-3.25E-08
-3.23E-08
-3.23E-08
-3.5E-08
-3.5E-08
-3.23E-08
-3.23E-08
-3.25E-08
-3.5E-08
-3.52E-08
-3.52E-08
-3.52E-08
-3.52E-08
-3.52E-08
-3.29E-08
-3.29E-08
-3.31E-08
-3.42E-08
-3.44E-08
-3.54E-08
-3.31E-08
-3.31E-08
-3.42E-08
-3.46E-08
-3.29E-08
-3.56E-08
-3.46E-08
-3.29E-08
-3.56E-08
-3.46E-08
-3.46E-08
-3.6E-08
-3.48E-08
-3.48E-08
-3.44E-08
-3.48E-08
-3.58E-08
-3.48E-08
-3.23E-08
-3.44E-08
-3.21E-08
-3.44E-08
-3.33E-08
-3.44E-08
-3.33E-08
-3.44E-08
-3.21E-08
-3.44E-08
-3.21E-08
-3.42E-08
-3.56E-08
-3.48E-08
-3.58E-08
-3.56E-08
-3.21E-08
-3.56E-08
-3.56E-08
-3.46E-08
-3.44E-08
-3.58E-08
-3.56E-08
-3.46E-08
-3.23E-08
-3.46E-08
-3.58E-08
-3.58E-08
-3.56E-08
-3.48E-08
-3.46E-08
-3.48E-08
-3.48E-08
-3.5E-08
-3.48E-08
-3.5E-08
-3.5E-08
-3.48E-08
-3.46E-08
-3.48E-08
-3.48E-08
-3.46E-08
-3.48E-08
-3.46E-08
-3.58E-08
-3.58E-08
-3.6E-08
-3.33E-08
-3.19E-08
-3.44E-08
-3.5E-08
-3.48E-08
-3.58E-08
-3.58E-08
-3.44E-08
-3.46E-08
-3.48E-08
-3.31E-08
-3.42E-08
-3.5E-08
-3.48E-08
-3.46E-08
-3.46E-08
-3.23E-08
-3.56E-08
-3.5E-08
-3.33E-08
-3.46E-08
-3.48E-08
-3.6E-08
-3.5E-08
-3.6E-08
-3.46E-08
-3.5E-08
-3.48E-08
-3.48E-08
-3.48E-08
-3.5E-08
-3.48E-08
-3.6E-08
-3.23E-08
-3.44E-08
-3.48E-08
-3.46E-08
-3.58E-08
-3.46E-08
-3.58E-08
-3.5E-08
-3.46E-08
-3.48E-08
-3.48E-08
-3.58E-08
-3.48E-08
-3.48E-08
-3.44E-08
-3.58E-08
-3.48E-08
-3.46E-08
-3.48E-08
-3.48E-08
-3.6E-08
-3.5E-08
-3.5E-08
-3.5E-08
-3.48E-08
-3.48E-08
-3.38E-08
-3.52E-08
-3.38E-08
-3.5E-08
-3.38E-08
-3.38E-08
-3.4E-08
-3.77E-08
-3.77E-08
-3.77E-08
-3.79E-08
-3.79E-08
-3.77E-08
-3.52E-08
-3.52E-08
-3.54E-08
-3.63E-08
-3.67E-08
-3.69E-08
-3.79E-08
-3.79E-08
-3.58E-08
-3.67E-08
-3.56E-08
-3.54E-08
-3.67E-08
-3.71E-08
-3.54E-08
-3.81E-08
-3.71E-08
-3.58E-08
-3.69E-08
-3.71E-08
-3.83E-08
-3.73E-08
-3.83E-08
-3.71E-08
-3.73E-08
-3.71E-08
-3.83E-08
-3.73E-08
-3.83E-08
-3.71E-08
-3.71E-08
-3.73E-08
-3.71E-08
-3.73E-08
-3.75E-08
-3.69E-08
-3.73E-08
-3.73E-08
-3.85E-08
-3.73E-08
-3.48E-08
-3.67E-08
-3.83E-08
-3.48E-08
-3.71E-08
-3.85E-08
-3.73E-08
-3.73E-08
-3.71E-08
-3.83E-08
-3.73E-08
-3.71E-08
-3.46E-08
-3.69E-08
-3.83E-08
-3.83E-08
-3.81E-08
-3.79E-08
-3.81E-08
-3.79E-08
-3.54E-08
-3.44E-08
-3.42E-08
-3.4E-08
-3.4E-08
-3.4E-08
-3.42E-08
-3.5E-08
-3.77E-08
-3.52E-08
-3.5E-08
-3.52E-08
-3.52E-08
-3.52E-08
-3.65E-08
-3.48E-08
-3.5E-08
-3.48E-08
-3.5E-08
-3.35E-08
-3.44E-08
-3.5E-08
-3.48E-08
-3.31E-08
-3.44E-08
-3.46E-08
-3.31E-08
-3.42E-08
-3.44E-08
-3.31E-08
-3.42E-08
-3.44E-08
-3.29E-08
-3.44E-08
-3.21E-08
-3.42E-08
-3.31E-08
-3.44E-08
-3.21E-08
-3.42E-08
-3.54E-08
-3.46E-08
-3.56E-08
-3.46E-08
-3.58E-08
-3.21E-08
-3.44E-08
-3.56E-08
-3.31E-08
-3.21E-08
-3.56E-08
-3.58E-08
-3.21E-08
-3.21E-08
-3.44E-08
-3.56E-08
-3.56E-08
-3.46E-08
-3.44E-08
-3.21E-08
-3.19E-08
-3.19E-08
-3.17E-08
-3.31E-08
-3.31E-08
-3.31E-08
-3.54E-08
-3.56E-08
-3.31E-08
-3.54E-08
-3.58E-08
-3.58E-08
-3.31E-08
-3.31E-08
-3.17E-08
-3.19E-08
-3.19E-08
-3.46E-08
-3.46E-08
-3.48E-08
-3.56E-08
-3.33E-08
-3.44E-08
-3.48E-08
-3.46E-08
-3.31E-08
-3.42E-08
-3.44E-08
-3.21E-08
-3.31E-08
-3.44E-08
-3.31E-08
-3.56E-08
-3.46E-08
-3.29E-08
-3.42E-08
-3.21E-08
-3.54E-08
-3.44E-08
-3.29E-08
-3.42E-08
-3.29E-08
-3.42E-08
-3.31E-08
-3.54E-08
-3.21E-08
-3.42E-08
-3.29E-08
-3.42E-08
-3.29E-08
-3.19E-08
-3.54E-08
-3.29E-08
-3.15E-08
-3.54E-08
-3.54E-08
-3.17E-08
-3.31E-08
-3.52E-08
-3.27E-08
-3.17E-08
-3.29E-08
-3.52E-08
-3.52E-08
-3.27E-08
-3.13E-08
-3.29E-08
-3.29E-08
-3.27E-08
-3.5E-08
-3.54E-08
-3.54E-08
-3.17E-08
-3.25E-08
-3.15E-08
-3.13E-08
-3.29E-08
-3.15E-08
-3.27E-08
-3.29E-08
-3.15E-08
-3.29E-08
-3.15E-08
-3.17E-08
-3.4E-08
-3.44E-08
-3.31E-08
-3.25E-08
-3.27E-08
-3.29E-08
-3.52E-08
-3.27E-08
-3.25E-08
-3.25E-08
-3.27E-08
-3.48E-08
-3.27E-08
-3.23E-08
-3.25E-08
-3.37E-08
-3.23E-08
-3.23E-08
-3.25E-08
-3.25E-08
-3.21E-08
-3.25E-08
-3.23E-08
-3.19E-08
-3.21E-08
-3.21E-08
-3.35E-08
-3.23E-08
-2.98E-08
-3.19E-08
-2.96E-08
-3.21E-08
-3.35E-08
-3.21E-08
-3.35E-08
-3.23E-08
-3.33E-08
-2.96E-08
-3.19E-08
-2.98E-08
-3.19E-08
-3.33E-08
-2.96E-08
-3.17E-08
-3.31E-08
-2.96E-08
-3.17E-08
-3.29E-08
-2.96E-08
-3.19E-08
-3.33E-08
-3.23E-08
-2.96E-08
-2.94E-08
-3.06E-08
-3.27E-08
-3.29E-08
-3.31E-08
-3.19E-08
-2.94E-08
-2.92E-08
-2.92E-08
-3.17E-08
-3.06E-08
-3.29E-08
-3.29E-08
-3.31E-08
-3.31E-08
-3.31E-08
-3.31E-08
-3.31E-08
-3.08E-08
-3.31E-08
-3.08E-08
-3.19E-08
-3.21E-08
-3.21E-08
-3.23E-08
-3.21E-08
-3.23E-08
-3.33E-08
-3.19E-08
-3.21E-08
-3.25E-08
-3.21E-08
-3.33E-08
-3.1E-08
-3.21E-08
-3.23E-08
-3.25E-08
-3.19E-08
-3.23E-08
-3.08E-08
-3.21E-08
-3.23E-08
-3.08E-08
-3.21E-08
-3.08E-08
-3.17E-08
-3.21E-08
-3.33E-08
-3.21E-08
-3.06E-08
-3.21E-08
-3.31E-08
-3.21E-08
-3.06E-08
-3.21E-08
-3.06E-08
-3.17E-08
-3.06E-08
-3.21E-08
-3.33E-08
-3.23E-08
-3.31E-08
-2.98E-08
-3.17E-08
-3.31E-08
-3.21E-08
-3.33E-08
-3.21E-08
-3.19E-08
-3.33E-08
-3.23E-08
-3.21E-08
-3.19E-08
-3.31E-08
-3.31E-08
-2.98E-08
-3.19E-08
-3.31E-08
-3.31E-08
-3.21E-08
-2.94E-08
-3.06E-08
-3.31E-08
-3.29E-08
-3.27E-08
-3.31E-08
-3.31E-08
-3.19E-08
-2.92E-08
-3.17E-08
-3.17E-08
-2.92E-08
-3.27E-08
-3.17E-08
-3.17E-08
-3.17E-08
-3.17E-08
-3.17E-08
-3.21E-08
-3.29E-08
-3.29E-08
-3.29E-08
-3.27E-08
-3.27E-08
-3.27E-08
-3.04E-08
-3.06E-08
-3.15E-08
-3.17E-08
-3.29E-08
-3.04E-08
-3.04E-08
-3.17E-08
-3.19E-08
-3.29E-08
-3.06E-08
-3.17E-08
-3.21E-08
-3.29E-08
-3.08E-08
-3.19E-08
-3.31E-08
-3.08E-08
-3.21E-08
-3.21E-08
-3.08E-08
-3.21E-08
-3.31E-08
-3.19E-08
-3.23E-08
-3.33E-08
-3.23E-08
-3.23E-08
-3.21E-08
-2.98E-08
-3.23E-08
-3.23E-08
-3.21E-08
-3.23E-08
-3.35E-08
-3.23E-08
-3.19E-08
-3.21E-08
-3.19E-08
-2.98E-08
-3.19E-08
-3.08E-08
-3.19E-08
-3.04E-08
-3.17E-08
-3.04E-08
-3.15E-08
-3.29E-08
-3.06E-08
-3.17E-08
-3.29E-08
-2.94E-08
-3.29E-08
-3.02E-08
-2.92E-08
-3.29E-08
-3.04E-08
-3.15E-08
-3.29E-08
-3.06E-08
-2.92E-08
-3.31E-08
-3.29E-08
-3.06E-08
-2.94E-08
-3.31E-08
-3.31E-08
-3.29E-08
-3.21E-08
-2.94E-08
-2.96E-08
-2.92E-08
-3.29E-08
-3.31E-08
-3.29E-08
-3.29E-08
-3.21E-08
-3.21E-08
-3.19E-08
-3.17E-08
-2.94E-08
-2.94E-08
-2.92E-08
-3.31E-08
-3.08E-08
-3.29E-08
-3.06E-08
-3.06E-08
-3.06E-08
-3.06E-08
-3.06E-08
-2.9E-08
-3.17E-08
-3.17E-08
-3.29E-08
-3.29E-08
-3.27E-08
-3.04E-08
-3.02E-08
-3.04E-08
-3.02E-08
-3.15E-08
-3E-08
-3E-08
-3.02E-08
-3E-08
-3.15E-08
-3E-08
-3E-08
-3E-08
-3.23E-08
-3E-08
-2.98E-08
-3.1E-08
-2.96E-08
-3E-08
-2.85E-08
-2.98E-08
-2.98E-08
-2.85E-08
-2.96E-08
-2.71E-08
-2.92E-08
-2.98E-08
-3.08E-08
-2.96E-08
-2.85E-08
-2.96E-08
-2.98E-08
-2.96E-08
-2.73E-08
-2.94E-08
-2.81E-08
-2.96E-08
-3.08E-08
-2.98E-08
-3.1E-08
-2.98E-08
-2.96E-08
-3.08E-08
-2.98E-08
-3.08E-08
-2.96E-08
-2.96E-08
-2.98E-08
-2.96E-08
-2.94E-08
-2.98E-08
-2.71E-08
-3.06E-08
-3.06E-08
-2.71E-08
-2.94E-08
-3.06E-08
-2.71E-08
-3.06E-08
-2.81E-08
-2.67E-08
-3.06E-08
-3.04E-08
-2.69E-08
-2.81E-08
-3.02E-08
-3.04E-08
-2.71E-08
-2.77E-08
-2.65E-08
-2.81E-08
-3.04E-08
-3.06E-08
-3.04E-08
-2.94E-08
-2.69E-08
-2.69E-08
-2.67E-08
-2.67E-08
-2.81E-08
-3.06E-08
-3.08E-08
-2.81E-08
-3.08E-08
-3.08E-08
-3.08E-08
-3.08E-08
-3.06E-08
-3.1E-08
-2.83E-08
-2.81E-08
-2.81E-08
-2.81E-08
-2.69E-08
-2.69E-08
-2.71E-08
-2.96E-08
-2.94E-08
-2.94E-08
-2.96E-08
-2.96E-08
-2.96E-08
-3.06E-08
-3.06E-08
-3.06E-08
-2.81E-08
-2.79E-08
-2.67E-08
-2.92E-08
-2.79E-08
-2.77E-08
-2.79E-08
-3E-08
-2.79E-08
-2.77E-08
-2.79E-08
-2.77E-08
-2.77E-08
-2.79E-08
-2.9E-08
-2.79E-08
-2.77E-08
-2.88E-08
-2.94E-08
-2.79E-08
-2.92E-08
-2.79E-08
-2.77E-08
-2.92E-08
-2.77E-08
-3.04E-08
-2.75E-08
-2.77E-08
-2.9E-08
-2.77E-08
-2.9E-08
-2.77E-08
-3.04E-08
-2.79E-08
-2.77E-08
-2.75E-08
-3.04E-08
-2.77E-08
-3.02E-08
-2.73E-08
-2.75E-08
-2.75E-08
-2.87E-08
-2.73E-08
-2.71E-08
-2.98E-08
-2.75E-08
-2.85E-08
-2.75E-08
-2.73E-08
-2.77E-08
-2.77E-08
-2.73E-08
-2.77E-08
-2.75E-08
-2.73E-08
-2.77E-08
-2.75E-08
-2.75E-08
-2.73E-08
-2.77E-08
-2.73E-08
-2.71E-08
-2.71E-08
-2.77E-08
-2.75E-08
-2.75E-08
-2.73E-08
-2.83E-08
-2.48E-08
-2.71E-08
-2.69E-08
-2.81E-08
-2.73E-08
-2.71E-08
-2.46E-08
-2.44E-08
-2.42E-08
-2.56E-08
-2.81E-08
-2.56E-08
-2.77E-08
-2.56E-08
-2.75E-08
-2.77E-08
-2.79E-08
-2.79E-08
-2.79E-08
-2.52E-08
-2.5E-08
-2.75E-08
-2.75E-08
-2.52E-08
-2.5E-08
-2.5E-08
-2.5E-08
-2.52E-08
-2.5E-08
-2.5E-08
-2.54E-08
-2.46E-08
-2.5E-08
-2.52E-08
-2.5E-08
-2.5E-08
-2.54E-08
-2.65E-08
-2.71E-08
-2.52E-08
-2.54E-08
-2.67E-08
-2.69E-08
-2.58E-08
-2.83E-08
-2.71E-08
-2.71E-08
-2.83E-08
-2.83E-08
-2.71E-08
-2.73E-08
-2.75E-08
-2.73E-08
-2.75E-08
-2.77E-08
-2.9E-08
-2.77E-08
-3.04E-08
-2.92E-08
-2.77E-08
-2.81E-08
-2.92E-08
-2.79E-08
-3.06E-08
-2.96E-08
-2.85E-08
-2.96E-08
-2.96E-08
-3.08E-08
-3E-08
-3.1E-08
-3E-08
-3.02E-08
-3E-08
-3.27E-08
-3.04E-08
-3.29E-08
-3E-08
-3.27E-08
-3.17E-08
-3.29E-08
-3.02E-08
-3.31E-08
-3.04E-08
-3.31E-08
-2.96E-08
-3.19E-08
-3.31E-08
-3.17E-08
-3.31E-08
-3.04E-08
-2.92E-08
-3.29E-08
-2.96E-08
-2.92E-08
-3.29E-08
-3.04E-08
-2.9E-08
-3.29E-08
-3.06E-08
-2.92E-08
-3.29E-08
-3.29E-08
-2.94E-08
-3.04E-08
-3.27E-08
-3.02E-08
-2.9E-08
-3.04E-08
-3.25E-08
-3.02E-08
-3.02E-08
-3.02E-08
-3.02E-08
-3.27E-08
-3.27E-08
-3.31E-08
-3.02E-08
-2.92E-08
-2.9E-08
-3.06E-08
-3.04E-08
-3.27E-08
-3.27E-08
-3.27E-08
-3.29E-08
-3.27E-08
-3.27E-08
-3E-08
-2.88E-08
-3.02E-08
-3.02E-08
-3.02E-08
-3.02E-08
-3.04E-08
-2.98E-08
-2.88E-08
-3E-08
-3.25E-08
-3.27E-08
-3.27E-08
-3.29E-08
-3.02E-08
-3E-08
-3E-08
-3.02E-08
-3.04E-08
-3.04E-08
-2.9E-08
-3.15E-08
-3.27E-08
-3.27E-08
-3.02E-08
-3.02E-08
-3.02E-08
-3.02E-08
-3.02E-08
-3.13E-08
-3.25E-08
-3.02E-08
-3.02E-08
-3.02E-08
-3.15E-08
-3.27E-08
-3.02E-08
-3.02E-08
-3.04E-08
-2.9E-08
-3E-08
-3E-08
-3.02E-08
-3.13E-08
-3E-08
-3E-08
-3E-08
-3E-08
-2.98E-08
-2.98E-08
-2.98E-08
-3.06E-08
-2.81E-08
-2.81E-08
-2.92E-08
-3.06E-08
-2.79E-08
-2.65E-08
-2.67E-08
-2.75E-08
-2.77E-08
-2.71E-08
-2.75E-08
-2.5E-08
-2.71E-08
-2.73E-08
-2.71E-08
-2.75E-08
-2.58E-08
-2.71E-08
-2.71E-08
-2.81E-08
-2.69E-08
-2.81E-08
-2.54E-08
-2.65E-08
-2.54E-08
-2.77E-08
-2.52E-08
-2.77E-08
-2.54E-08
-2.52E-08
-2.48E-08
-2.52E-08
-2.46E-08
-2.48E-08
-2.56E-08
-2.21E-08
-2.54E-08
-2.21E-08
-2.56E-08
-2.29E-08
-2.13E-08
-2.25E-08
-2.23E-08
-2.25E-08
-2.21E-08
-1.96E-08
-2.19E-08
-2.06E-08
-2.21E-08
-2.29E-08
-2.02E-08
-2.29E-08
-2.02E-08
-1.88E-08
-2.27E-08
-1.94E-08
-2.31E-08
-2.02E-08
-1.9E-08
-2.27E-08
-2E-08
-2.04E-08
-2E-08
-1.9E-08
-2.02E-08
-2E-08
-2E-08
-2.02E-08
-2E-08
-1.98E-08
-1.98E-08
-2.06E-08
-1.71E-08
-1.69E-08
-2.06E-08
-2.06E-08
-2.06E-08
-1.96E-08
-1.94E-08
-2.04E-08
-1.71E-08
-1.69E-08
-1.79E-08
-2E-08
-1.79E-08
-1.75E-08
-1.79E-08
-1.77E-08
-2.02E-08
-2.02E-08
-2.02E-08
-1.75E-08
-1.73E-08
-1.73E-08
-1.63E-08
-1.87E-08
-1.77E-08
-1.77E-08
-1.75E-08
-1.75E-08
-1.75E-08
-1.75E-08
-1.75E-08
-1.77E-08
-1.77E-08
-1.75E-08
-1.75E-08
-2E-08
-2.02E-08
-2.02E-08
-2E-08
-2E-08
-2E-08
-2.02E-08
-2.02E-08
-2E-08
-2.02E-08
-2E-08
-1.73E-08
-1.73E-08
-1.73E-08
-1.73E-08
-1.75E-08
-1.71E-08
-1.71E-08
-1.73E-08
-1.71E-08
-1.71E-08
-1.71E-08
-1.71E-08
-1.75E-08
-1.73E-08
-1.73E-08
-1.71E-08
-1.79E-08
-1.79E-08
-1.79E-08
-1.79E-08
-1.79E-08
-1.56E-08
-1.56E-08
-1.54E-08
-1.67E-08
-1.67E-08
-1.79E-08
-1.79E-08
-1.52E-08
-1.54E-08
-1.52E-08
-1.38E-08
-1.75E-08
-1.52E-08
-1.5E-08
-1.52E-08
-1.54E-08
-1.48E-08
-1.5E-08
-1.5E-08
-1.52E-08
-1.52E-08
-1.73E-08
-1.5E-08
-1.5E-08
-1.5E-08
-1.52E-08
-1.48E-08
-1.48E-08
-1.5E-08
-1.52E-08
-1.52E-08
-1.5E-08
-1.48E-08
-1.5E-08
-1.48E-08
-1.52E-08
-1.48E-08
-1.48E-08
-1.48E-08
-1.48E-08
-1.44E-08
-1.5E-08
-1.48E-08
-1.85E-08
-1.5E-08
-1.48E-08
-1.6E-08
-1.21E-08
-1.73E-08
-1.52E-08
-1.52E-08
-1.77E-08
-1.52E-08
-1.5E-08
-1.52E-08
-1.5E-08
-1.5E-08
-1.54E-08
-1.73E-08
-1.5E-08
-1.5E-08
-1.52E-08
-1.75E-08
-1.52E-08
-1.5E-08
-1.63E-08
-1.5E-08
-1.52E-08
-1.87E-08
-1.52E-08
-1.5E-08
-1.63E-08
-1.5E-08
-1.5E-08
-1.48E-08
-1.5E-08
-1.77E-08
-1.48E-08
-1.48E-08
-1.52E-08
-1.46E-08
-1.5E-08
-1.62E-08
-1.48E-08
-1.5E-08
-1.48E-08
-1.5E-08
-1.6E-08
-1.5E-08
-1.6E-08
-1.48E-08
-1.23E-08
-1.46E-08
-1.48E-08
-1.48E-08
-1.58E-08
-1.46E-08
-1.6E-08
-1.5E-08
-1.6E-08
-1.5E-08
-1.6E-08
-1.5E-08
-1.62E-08
-1.48E-08
-1.5E-08
-1.48E-08
-1.75E-08
-1.5E-08
-1.48E-08
-1.46E-08
-1.33E-08
-1.46E-08
-1.23E-08
-1.46E-08
-1.48E-08
-1.46E-08
-1.58E-08
-1.5E-08
-1.6E-08
-1.46E-08
-1.44E-08
-1.6E-08
-1.23E-08
-1.46E-08
-1.58E-08
-1.21E-08
-1.56E-08
-1.21E-08
-1.56E-08
-1.21E-08
-1.42E-08
-1.54E-08
-1.19E-08
-1.54E-08
-1.29E-08
-1.42E-08
-1.56E-08
-1.29E-08
-1.56E-08
-1.31E-08
-1.44E-08
-1.54E-08
-1.21E-08
-1.56E-08
-1.56E-08
-1.19E-08
-1.56E-08
-1.21E-08
-1.42E-08
-1.56E-08
-1.19E-08
-1.42E-08
-1.58E-08
-1.46E-08
-1.58E-08
-1.29E-08
-1.44E-08
-1.56E-08
-1.29E-08
-1.19E-08
-1.54E-08
-1.19E-08
-1.42E-08
-1.54E-08
-1.19E-08
-1.56E-08
-1.31E-08
-1.17E-08
-1.56E-08
-1.21E-08
-1.4E-08
-1.56E-08
-1.54E-08
-1.17E-08
-1.56E-08
-1.54E-08
-1.54E-08
-1.27E-08
-1.31E-08
-1.52E-08
-1.29E-08
-1.15E-08
-1.54E-08
-1.29E-08
-1.17E-08
-1.54E-08
-1.52E-08
-1.29E-08
-1.13E-08
-1.29E-08
-1.5E-08
-1.25E-08
-1.23E-08
-1.29E-08
-1.27E-08
-1.23E-08
-1.17E-08
-1.27E-08
-1.27E-08
-1.25E-08
-1.25E-08
-1.29E-08
-1.54E-08
-1.27E-08
-1.27E-08
-1.29E-08
-1.52E-08
-1.27E-08
-1.13E-08
-1.54E-08
-1.54E-08
-1.19E-08
-1.17E-08
-1.56E-08
-1.52E-08
-1.29E-08
-1.17E-08
-1.54E-08
-1.56E-08
-1.31E-08
-1.19E-08
-1.56E-08
-1.56E-08
-1.21E-08
-1.21E-08
-1.42E-08
-1.58E-08
-1.46E-08
-1.46E-08
-1.44E-08
-1.58E-08
-1.48E-08
-1.46E-08
-1.58E-08
-1.58E-08
-1.46E-08
-1.23E-08
-1.42E-08
-1.58E-08
-1.46E-08
-1.23E-08
-1.46E-08
-1.6E-08
-1.5E-08
-1.48E-08
-1.46E-08
-1.6E-08
-1.48E-08
-1.48E-08
-1.75E-08
-1.48E-08
-1.48E-08
-1.52E-08
-1.75E-08
-1.5E-08
-1.5E-08
-1.52E-08
-1.5E-08
-1.5E-08
-1.75E-08
-1.52E-08
-1.4E-08
-1.42E-08
-1.79E-08
-1.77E-08
-1.79E-08
-1.44E-08
-1.44E-08
-1.81E-08
-1.81E-08
-1.83E-08
-1.79E-08
-1.71E-08
-1.73E-08
-1.73E-08
-1.73E-08
-1.73E-08
-1.71E-08
-1.77E-08
-1.77E-08
-1.77E-08
-2E-08
-2.02E-08
-2.04E-08
-1.69E-08
-1.69E-08
-1.94E-08
-2.08E-08
-2.08E-08
-2.06E-08
-1.96E-08
-1.96E-08
-1.98E-08
-1.71E-08
-1.96E-08
-1.96E-08
-2.1E-08
-2.08E-08
-2.1E-08
-1.98E-08
-2E-08
-2E-08
-1.73E-08
-1.96E-08
-1.94E-08
-2.1E-08
-1.98E-08
-1.96E-08
-1.73E-08
-1.71E-08
-1.92E-08
-2.08E-08
-1.98E-08
-1.96E-08
-2E-08
-1.96E-08
-1.96E-08
-2.1E-08
-2.1E-08
-2.1E-08
-2.06E-08
-2.06E-08
-1.98E-08
-2.06E-08
-1.96E-08
-1.96E-08
-1.96E-08
-1.96E-08
-1.96E-08
-1.96E-08
-1.67E-08
-1.65E-08
-1.65E-08
-1.67E-08
-1.81E-08
-1.81E-08
-1.81E-08
-2.04E-08
-1.81E-08
-2.04E-08
-2.06E-08
-2.06E-08
-2.06E-08
-2.06E-08
-2.06E-08
-1.96E-08
-2.06E-08
-1.98E-08
-1.98E-08
-1.98E-08
-1.96E-08
-1.96E-08
-1.98E-08
-1.98E-08
-2E-08
-1.98E-08
-2E-08
-2E-08
-2.02E-08
-2.27E-08
-2.06E-08
-2.04E-08
-2.02E-08
-2.02E-08
-2.02E-08
-2.02E-08
-2.04E-08
-2.04E-08
-2.04E-08
-2.06E-08
-2.04E-08
-2.02E-08
-2.02E-08
-2E-08
-2E-08
-2.02E-08
-1.98E-08
-1.98E-08
-2.23E-08
-2E-08
-1.98E-08
-1.96E-08
-1.98E-08
-1.96E-08
-1.69E-08
-1.71E-08
-1.67E-08
-1.67E-08
-1.67E-08
-1.67E-08
-1.65E-08
-1.65E-08
-1.73E-08
-1.77E-08
-1.77E-08
-1.77E-08
-1.75E-08
-1.73E-08
-1.75E-08
-1.73E-08
-1.73E-08
-1.73E-08
-1.73E-08
-1.71E-08
-1.73E-08
-1.71E-08
-1.73E-08
-1.73E-08
-1.85E-08
-1.85E-08
-1.85E-08
-1.71E-08
-1.73E-08
-1.73E-08
-1.75E-08
-1.73E-08
-1.73E-08
-1.75E-08
-1.87E-08
-1.87E-08
-1.85E-08
-1.71E-08
-1.48E-08
-1.44E-08
-1.71E-08
-1.71E-08
-1.75E-08
-1.75E-08
-1.75E-08
-1.75E-08
-1.85E-08
-1.63E-08
-1.98E-08
-1.77E-08
-1.75E-08
-1.77E-08
-1.85E-08
-1.96E-08
-1.75E-08
-1.75E-08
-1.75E-08
-1.85E-08
-1.71E-08
-1.73E-08
-1.75E-08
-1.77E-08
-1.75E-08
-1.77E-08
-1.69E-08
-1.73E-08
-1.73E-08
-1.75E-08
-1.75E-08
-1.75E-08
-1.96E-08
-1.73E-08
-1.75E-08
-1.75E-08
-1.63E-08
-1.71E-08
-1.75E-08
-1.73E-08
-1.75E-08
-1.98E-08
-1.73E-08
-1.75E-08
-1.73E-08
-1.96E-08
-1.75E-08
-1.75E-08
-1.77E-08
-1.73E-08
-1.75E-08
-1.77E-08
-2.02E-08
-1.75E-08
-1.75E-08
-1.75E-08
-1.96E-08
-1.77E-08
-1.75E-08
-1.75E-08
-1.75E-08
-1.75E-08
-1.75E-08
-1.98E-08
-1.75E-08
-1.75E-08
-1.77E-08
-1.88E-08
-1.77E-08
-1.75E-08
-1.79E-08
-1.88E-08
-2.02E-08
-1.77E-08
-1.79E-08
-1.9E-08
-1.92E-08
-1.79E-08
-1.77E-08
-1.81E-08
-1.9E-08
-1.94E-08
-1.79E-08
-1.77E-08
-1.81E-08
-1.92E-08
-1.96E-08
-1.79E-08
-1.81E-08
-1.9E-08
-1.94E-08
-1.79E-08
-1.79E-08
-2.04E-08
-1.92E-08
-2.06E-08
-1.81E-08
-1.92E-08
-1.96E-08
-1.79E-08
-1.94E-08
-1.96E-08
-2.08E-08
-1.98E-08
-1.81E-08
-1.79E-08
-1.94E-08
-2.06E-08
-2.08E-08
-1.96E-08
-1.96E-08
-2.1E-08
-1.94E-08
-1.94E-08
-1.81E-08
-1.94E-08
-1.98E-08
-1.81E-08
-1.94E-08
-1.96E-08
-1.83E-08
-1.94E-08
-1.96E-08
-2.08E-08
-1.96E-08
-1.71E-08
-2.06E-08
-1.98E-08
-1.81E-08
-1.92E-08
-1.96E-08
-1.83E-08
-1.96E-08
-1.98E-08
-2.08E-08
-1.98E-08
-1.98E-08
-1.94E-08
-1.98E-08
-2.1E-08
-1.98E-08
-1.98E-08
-1.96E-08
-1.98E-08
-2.02E-08
-1.98E-08
-2E-08
-1.98E-08
-2E-08
-1.96E-08
-1.98E-08
-1.98E-08
-1.98E-08
-2E-08
-2.02E-08
-1.98E-08
-2E-08
-1.98E-08
-2E-08
-1.96E-08
-2E-08
-2.27E-08
-2E-08
-2E-08
-2E-08
-2E-08
-2.29E-08
-2.02E-08
-2.02E-08
-2.12E-08
-2.02E-08
-2E-08
-1.98E-08
-2E-08
-2E-08
-1.98E-08
-1.98E-08
-1.98E-08
-2.12E-08
-1.98E-08
-2E-08
-1.98E-08
-2E-08
-2.1E-08
-1.98E-08
-1.98E-08
-1.96E-08
-1.98E-08
-2.12E-08
-1.98E-08
-2.1E-08
-1.98E-08
-2E-08
-1.96E-08
-1.73E-08
-1.96E-08
-1.81E-08
-1.96E-08
-1.73E-08
-1.94E-08
-1.83E-08
-1.94E-08
-1.79E-08
-1.92E-08
-1.71E-08
-2.06E-08
-1.71E-08
-2.04E-08
-1.69E-08
-2.04E-08
-2.02E-08
-1.79E-08
-1.9E-08
-1.77E-08
-2.04E-08
-1.75E-08
-1.77E-08
-1.9E-08
-1.77E-08
-1.79E-08
-1.67E-08
-1.77E-08
-1.92E-08
-1.79E-08
-1.92E-08
-1.79E-08
-2.04E-08
-1.79E-08
-2.06E-08
-1.71E-08
-2.06E-08
-1.96E-08
-2.06E-08
-1.96E-08
-2.08E-08
-1.96E-08
-1.73E-08
-1.96E-08
-1.98E-08
-1.98E-08
-1.98E-08
-2.13E-08
-2.02E-08
-2E-08
-2E-08
-2.27E-08
-1.92E-08
-2.02E-08
-2.15E-08
-2.04E-08
-2.17E-08
-2.04E-08
-2.17E-08
-2.31E-08
-2.19E-08
-2.06E-08
-2.19E-08
-2.02E-08
-2.15E-08
-2.04E-08
-2.17E-08
-2.04E-08
-2.17E-08
-2.04E-08
-2.17E-08
-2.06E-08
-2.17E-08
-2.06E-08
-2.33E-08
-2.19E-08
-2.35E-08
-2.23E-08
-2.31E-08
-2.21E-08
-2.35E-08
-2.21E-08
-2.35E-08
-2.21E-08
-2.06E-08
-2.19E-08
-1.98E-08
-2.17E-08
-1.96E-08
-2.31E-08
-2.21E-08
-2.33E-08
-2.23E-08
-2.31E-08
-2.19E-08
-2.06E-08
-2.19E-08
-2.06E-08
-2.21E-08
-2.33E-08
-2.23E-08
-2.25E-08
-2.23E-08
-2.35E-08
-2.23E-08
-2.19E-08
-2.25E-08
-2.35E-08
-2.25E-08
-2.5E-08
-2.23E-08
-2.25E-08
-2.23E-08
-2.23E-08
-2.23E-08
-2.25E-08
-2.23E-08
-2.23E-08
-2.21E-08
-2.25E-08
-2.35E-08
-2.23E-08
-2.35E-08
-2.23E-08
-2.23E-08
-2.48E-08
-2.23E-08
-2.23E-08
-2.23E-08
-2.5E-08
-2.25E-08
-2.5E-08
-2.23E-08
-2.23E-08
-2.23E-08
-2.23E-08
-2.21E-08
-2.25E-08
-2.23E-08
-2.25E-08
-2.35E-08
-2.25E-08
-2.27E-08
-2.25E-08
-2.27E-08
-2.25E-08
-2.38E-08
-2.27E-08
-2.42E-08
-2.27E-08
-2.17E-08
-2.25E-08
-2.15E-08
-2.27E-08
-2.15E-08
-2.52E-08
-2.19E-08
-2.54E-08
-2.29E-08
-2.54E-08
-2.27E-08
-2.54E-08
-2.27E-08
-2.54E-08
-2.29E-08
-2.38E-08
-2.27E-08
-2.38E-08
-2.27E-08
-2.4E-08
-2.29E-08
-2.4E-08
-2.29E-08
-2.15E-08
-2.52E-08
-2.19E-08
-2.56E-08
-2.29E-08
-2.46E-08
-2.29E-08
-2.44E-08
-2.56E-08
-2.46E-08
-2.56E-08
-2.46E-08
-2.56E-08
-2.48E-08
-2.44E-08
-2.21E-08
-2.44E-08
-2.56E-08
-2.46E-08
-2.6E-08
-2.21E-08
-2.44E-08
-2.6E-08
-2.48E-08
-2.46E-08
-2.23E-08
-2.46E-08
-2.56E-08
-2.23E-08
-2.54E-08
-2.21E-08
-2.56E-08
-2.23E-08
-2.56E-08
-2.21E-08
-2.44E-08
-2.29E-08
-2.42E-08
-2.29E-08
-2.4E-08
-2.29E-08
-2.19E-08
-2.27E-08
-2.42E-08
-2.54E-08
-2.17E-08
-2.54E-08
-2.29E-08
-2.56E-08
-2.27E-08
-2.4E-08
-2.29E-08
-2.15E-08
-2.27E-08
-2.25E-08
-2.54E-08
-2.25E-08
-2.54E-08
-2.27E-08
-2.54E-08
-2.25E-08
-2.37E-08
-2.25E-08
-2.23E-08
-2.5E-08
-2.25E-08
-2.27E-08
-2.25E-08
-2.21E-08
-2.23E-08
-2.21E-08
-2.25E-08
-2.25E-08
-2.21E-08
-2.25E-08
-2.21E-08
-2.33E-08
-2.23E-08
-2.35E-08
-2.21E-08
-2.21E-08
-2.33E-08
-2.21E-08
-2.33E-08
-1.98E-08
-2.19E-08
-1.96E-08
-2.21E-08
-2.31E-08
-2.19E-08
-2.19E-08
-1.96E-08
-2.19E-08
-2.31E-08
-2.23E-08
-2.31E-08
-2.19E-08
-2.33E-08
-1.96E-08
-2.19E-08
-2.08E-08
-2.19E-08
-2.31E-08
-1.94E-08
-2.31E-08
-2.06E-08
-2.13E-08
-2.31E-08
-2.06E-08
-2.15E-08
-2.29E-08
-1.94E-08
-2.31E-08
-2.02E-08
-1.9E-08
-2.29E-08
-2.04E-08
-2.15E-08
-2.29E-08
-1.94E-08
-2.29E-08
-2.02E-08
-1.9E-08
-2.27E-08
-2.04E-08
-1.88E-08
-2.29E-08
-2.02E-08
-1.9E-08
-2.27E-08
-2E-08
-2.02E-08
-2.27E-08
-2.02E-08
-2.15E-08
-2.04E-08
-2E-08
-2.29E-08
-2.02E-08
-2.02E-08
-2E-08
-2E-08
-2E-08
-2E-08
-2E-08
-2E-08
-1.98E-08
-2.02E-08
-2E-08
-2.25E-08
-2E-08
-2.02E-08
-2E-08
-1.88E-08
-2.02E-08
-1.98E-08
-2.02E-08
-2E-08
-2E-08
-2E-08
-2E-08
-1.96E-08
-2.25E-08
-2E-08
-2.04E-08
-2E-08
-2E-08
-2.27E-08
-2.02E-08
-2.12E-08
-2E-08
-1.98E-08
-2.25E-08
-2.02E-08
-2E-08
-2E-08
-2.1E-08
-2E-08
-1.96E-08
-2.02E-08
-2E-08
-1.98E-08
-1.98E-08
-1.98E-08
-2.25E-08
-1.98E-08
-1.98E-08
-1.98E-08
-2.1E-08
-2.48E-08
-1.96E-08
-2.1E-08
-2E-08
-1.94E-08
-1.98E-08
-1.98E-08
-2.08E-08
-1.71E-08
-1.94E-08
-2.08E-08
-1.73E-08
-1.94E-08
-2E-08
-1.98E-08
-2.08E-08
-1.71E-08
-1.96E-08
-2.08E-08
-1.71E-08
-1.92E-08
-2.04E-08
-1.69E-08
-2.06E-08
-1.81E-08
-1.67E-08
-2.04E-08
-1.81E-08
-1.9E-08
-2.04E-08
-1.69E-08
-2.06E-08
-1.79E-08
-1.94E-08
-2.04E-08
-1.71E-08
-1.94E-08
-2.04E-08
-1.71E-08
-1.92E-08
-2.06E-08
-1.71E-08
-2.06E-08
-1.96E-08
-1.96E-08
-2.08E-08
-1.73E-08
-2.06E-08
-1.71E-08
-1.96E-08
-2.06E-08
-1.96E-08
-2.08E-08
-1.71E-08
-2.06E-08
-1.79E-08
-1.94E-08
-2.06E-08
-1.71E-08
-2.06E-08
-1.81E-08
-1.94E-08
-2.08E-08
-1.71E-08
-2.06E-08
-1.81E-08
-1.92E-08
-1.79E-08
-1.9E-08
-2.04E-08
-1.69E-08
-2.04E-08
-1.77E-08
-2.02E-08
-1.79E-08
-1.63E-08
-1.75E-08
-1.77E-08
-2.02E-08
-1.77E-08
-2.04E-08
-1.77E-08
-1.63E-08
-1.75E-08
-1.73E-08
-1.77E-08
-1.75E-08
-2.02E-08
-1.79E-08
-1.79E-08
-1.75E-08
-1.65E-08
-2.02E-08
-1.79E-08
-2.02E-08
-1.79E-08
-1.75E-08
-2.02E-08
-1.79E-08
-1.9E-08
-1.79E-08
-1.65E-08
-2.02E-08
-1.69E-08
-2E-08
-1.75E-08
-2.04E-08
-1.77E-08
-2.02E-08
-1.79E-08
-2.04E-08
-1.75E-08
-1.77E-08
-1.75E-08
-1.77E-08
-1.75E-08
-1.63E-08
-1.75E-08
-1.85E-08
-1.75E-08
-1.73E-08
-1.75E-08
-1.73E-08
-1.85E-08
-1.73E-08
-1.71E-08
-1.83E-08
-1.73E-08
-1.85E-08
-1.73E-08
-1.73E-08
-1.48E-08
-1.71E-08
-1.83E-08
-1.75E-08
-1.69E-08
-2E-08
-1.73E-08
-1.85E-08
-1.75E-08
-1.87E-08
-1.75E-08
-1.73E-08
-2.02E-08
-1.75E-08
-2.04E-08
-1.79E-08
-1.63E-08
-2.02E-08
-1.81E-08
-1.79E-08
-1.77E-08
-1.65E-08
-2.02E-08
-1.79E-08
-1.65E-08
-2.02E-08
-1.69E-08
-2.02E-08
-1.77E-08
-1.63E-08
-2.02E-08
-1.73E-08
-1.79E-08
-1.75E-08
-1.65E-08
-1.75E-08
-1.75E-08
-1.65E-08
-2.02E-08
-1.79E-08
-1.79E-08
-1.75E-08
-1.71E-08
-1.77E-08
-1.75E-08
-1.73E-08
-1.75E-08
-1.75E-08
-1.73E-08
-1.75E-08
-1.75E-08
-1.69E-08
-1.75E-08
-1.73E-08
-1.71E-08
-1.85E-08
-1.73E-08
-1.71E-08
-1.83E-08
-1.73E-08
-1.69E-08
-1.83E-08
-1.81E-08
-1.44E-08
-1.67E-08
-1.81E-08
-1.71E-08
-1.44E-08
-1.81E-08
-1.83E-08
-1.71E-08
-1.48E-08
-1.44E-08
-1.81E-08
-1.85E-08
-1.73E-08
-1.46E-08
-1.44E-08
-1.81E-08
-1.81E-08
-1.46E-08
-1.46E-08
-1.81E-08
-1.81E-08
-1.71E-08
-1.44E-08
-1.42E-08
-1.79E-08
-1.79E-08
-1.44E-08
-1.42E-08
-1.81E-08
-1.79E-08
-1.81E-08
-1.71E-08
-1.42E-08
-1.4E-08
-1.56E-08
-1.54E-08
-1.77E-08
-1.81E-08
-1.44E-08
-1.4E-08
-1.81E-08
-1.79E-08
-1.79E-08
-1.81E-08
-1.71E-08
-1.54E-08
-1.42E-08
-1.38E-08
-1.54E-08
-1.54E-08
-1.54E-08
-1.52E-08
-1.75E-08
-1.79E-08
-1.71E-08
-1.71E-08
-1.69E-08
-1.79E-08
-1.69E-08
-1.69E-08
-1.42E-08
-1.42E-08
-1.4E-08
-1.42E-08
-1.42E-08
-1.4E-08
-1.4E-08
-1.54E-08
-1.56E-08
-1.56E-08
-1.56E-08
-1.54E-08
-1.56E-08
-1.54E-08
-1.54E-08
-1.54E-08
-1.54E-08
-1.56E-08
-1.56E-08
-1.4E-08
-1.38E-08
-1.38E-08
-1.38E-08
-1.38E-08
-1.42E-08
-1.75E-08
-1.77E-08
-1.52E-08
-1.5E-08
-1.52E-08
-1.5E-08
-1.52E-08
-1.62E-08
-1.46E-08
-1.71E-08
-1.73E-08
-1.52E-08
-1.5E-08
-1.52E-08
-1.52E-08
-1.48E-08
-1.52E-08
-1.5E-08
-1.5E-08
-1.52E-08
-1.75E-08
-1.5E-08
-1.5E-08
-1.5E-08
-1.52E-08
-1.73E-08
-1.52E-08
-1.5E-08
-1.52E-08
-1.73E-08
-1.77E-08
-1.52E-08
-1.5E-08
-1.52E-08
-1.48E-08
-1.48E-08
-1.48E-08
-1.5E-08
-1.46E-08
-1.48E-08
-1.5E-08
-1.48E-08
-1.62E-08
-1.46E-08
-1.48E-08
-1.46E-08
-1.48E-08
-1.33E-08
-1.44E-08
-1.46E-08
-1.54E-08
-1.33E-08
-1.44E-08
-1.56E-08
-1.29E-08
-1.56E-08
-1.29E-08
-1.25E-08
-1.54E-08
-1.5E-08
-1.27E-08
-1.27E-08
-1.5E-08
-1.27E-08
-1.27E-08
-1.23E-08
-1.25E-08
-1.27E-08
-1.23E-08
-1.25E-08
-1.25E-08
-1.23E-08
-1.25E-08
-1.21E-08
-1.25E-08
-1.52E-08
-1.25E-08
-1.25E-08
-1.25E-08
-1.54E-08
-1.25E-08
-1.27E-08
-1.25E-08
-1.25E-08
-1.4E-08
-1.27E-08
-1.25E-08
-1.27E-08
-1.4E-08
-1.29E-08
-1.42E-08
-1.27E-08
-1.15E-08
-1.27E-08
-1.17E-08
-1.54E-08
-1.19E-08
-1.56E-08
-1.29E-08
-1.4E-08
-1.54E-08
-1.29E-08
-1.27E-08
-1.4E-08
-1.27E-08
-1.54E-08
-1.27E-08
-1.15E-08
-1.27E-08
-1.17E-08
-1.54E-08
-1.29E-08
-1.42E-08
-1.54E-08
-1.31E-08
-1.42E-08
-1.56E-08
-1.21E-08
-1.42E-08
-1.58E-08
-1.48E-08
-1.46E-08
-1.58E-08
-1.46E-08
-1.58E-08
-1.56E-08
-1.21E-08
-1.56E-08
-1.56E-08
-1.29E-08
-1.17E-08
-1.29E-08
-1.52E-08
-1.29E-08
-1.15E-08
-1.27E-08
-1.5E-08
-1.52E-08
-1.25E-08
-1.13E-08
-1.25E-08
-1.25E-08
-1.5E-08
-1.25E-08
-1.23E-08
-1.27E-08
-1.23E-08
-1.5E-08
-1.27E-08
-1.23E-08
-1.27E-08
-1.25E-08
-1.5E-08
-1.27E-08
-1.23E-08
-1.35E-08
-1.23E-08
-1.25E-08
-1.25E-08
-1.23E-08
-1.23E-08
-1.37E-08
-1.33E-08
-1.25E-08
-1.25E-08
-9.8E-09
-9.4E-09
-1.19E-08
-1.33E-08
-1.33E-08
-1.31E-08
-1.21E-08
-1.23E-08
-9.6E-09
-9.6E-09
-9.2E-09
-9.2E-09
-1.19E-08
-9.4E-09
-9.4E-09
-9.2E-09
-9.4E-09
-9.2E-09
-9.2E-09
-9.6E-09
-9.2E-09
-9.4E-09
-1.17E-08
-1.19E-08
-1.21E-08
-1.31E-08
-1.31E-08
-1.21E-08
-1.29E-08
-1.31E-08
-1.31E-08
-1.29E-08
-1.08E-08
-9.4E-09
-1.19E-08
-1.19E-08
-1.21E-08
-1.29E-08
-1.29E-08
-1.29E-08
-1.31E-08
-1.08E-08
-9.2E-09
-1.19E-08
-1.19E-08
-1.25E-08
-1.23E-08
-1.23E-08
-1.35E-08
-1.23E-08
-1.23E-08
-1.25E-08
-1.25E-08
-1.21E-08
-1.21E-08
-1.25E-08
-1.23E-08
-1.33E-08
-1.21E-08
-1.21E-08
-1.21E-08
-1.31E-08
-1.35E-08
-1.21E-08
-1.21E-08
-1.23E-08
-1.08E-08
-1.21E-08
-1.23E-08
-1.33E-08
-1.33E-08
-1.19E-08
-1.06E-08
-1.17E-08
-1.21E-08
-1.06E-08
-1.17E-08
-1.31E-08
-1.33E-08
-1.19E-08
-1.31E-08
-1.19E-08
-1.21E-08
-1.33E-08
-1.23E-08
-1.08E-08
-1.21E-08
-9.6E-09
-1.17E-08
-1.21E-08
-1.33E-08
-1.21E-08
-9.8E-09
-1.19E-08
-1.23E-08
-1.21E-08
-1.25E-08
-1.13E-08
-1.27E-08
-1.13E-08
-1.25E-08
-1.23E-08
-1.25E-08
-1.23E-08
-1.27E-08
-1.25E-08
-1.54E-08
-1.27E-08
-1.31E-08
-1.25E-08
-1.56E-08
-1.29E-08
-1.42E-08
-1.29E-08
-1.42E-08
-1.31E-08
-1.42E-08
-1.31E-08
-1.44E-08
-1.54E-08
-1.21E-08
-1.56E-08
-1.29E-08
-1.17E-08
-1.52E-08
-1.17E-08
-1.54E-08
-1.29E-08
-1.42E-08
-1.54E-08
-1.21E-08
-1.56E-08
-1.58E-08
-1.21E-08
-1.56E-08
-1.56E-08
-1.17E-08
-1.56E-08
-1.31E-08
-1.44E-08
-1.56E-08
-1.21E-08
-1.44E-08
-1.58E-08
-1.21E-08
-1.44E-08
-1.6E-08
-1.48E-08
-1.58E-08
-1.23E-08
-1.44E-08
-1.56E-08
-1.48E-08
-1.44E-08
-1.56E-08
-1.48E-08
-1.58E-08
-1.48E-08
-1.48E-08
-1.44E-08
-1.5E-08
-1.48E-08
-1.46E-08
-1.58E-08
-1.48E-08
-1.46E-08
-1.46E-08
-1.6E-08
-1.48E-08
-1.23E-08
-1.44E-08
-1.58E-08
-1.21E-08
-1.44E-08
-1.56E-08
-1.46E-08
-1.19E-08
-1.44E-08
-1.58E-08
-1.56E-08
-1.48E-08
-1.48E-08
-1.48E-08
-1.46E-08
-1.62E-08
-1.48E-08
-1.48E-08
-1.5E-08
-1.48E-08
-1.46E-08
-1.46E-08
-1.52E-08
-1.5E-08
-1.5E-08
-1.75E-08
-1.48E-08
-1.48E-08
-1.4E-08
-1.38E-08
-1.52E-08
-1.54E-08
-1.54E-08
-1.52E-08
-1.52E-08
-1.75E-08
-1.52E-08
-1.75E-08
-1.77E-08
-1.79E-08
-1.77E-08
-1.52E-08
-1.5E-08
-1.75E-08
-1.79E-08
-1.77E-08
-1.77E-08
-1.77E-08
-1.75E-08
-1.42E-08
-1.4E-08
-1.4E-08
-1.52E-08
-1.52E-08
-1.54E-08
-1.56E-08
-1.56E-08
-1.54E-08
-1.54E-08
-1.54E-08
-1.54E-08
-1.54E-08
-1.54E-08
-1.79E-08
-1.54E-08
-1.77E-08
-1.52E-08
-1.75E-08
-1.79E-08
-1.77E-08
-1.77E-08
-1.79E-08
-1.77E-08
-1.79E-08
-1.79E-08
-1.79E-08
-1.81E-08
-1.79E-08
-1.79E-08
-1.79E-08
-1.79E-08
-1.79E-08
-1.77E-08
-1.77E-08
-1.79E-08
-1.77E-08
-1.81E-08
-1.79E-08
-1.79E-08
-1.79E-08
-1.79E-08
-1.54E-08
-1.79E-08
-1.58E-08
-1.4E-08
-1.69E-08
-1.69E-08
-1.69E-08
-1.69E-08
-1.81E-08
-1.71E-08
-1.79E-08
-1.81E-08
-1.79E-08
-1.77E-08
-1.77E-08
-1.77E-08
-1.77E-08
-1.77E-08
-1.52E-08
-1.75E-08
-1.54E-08
-1.52E-08
-1.52E-08
-1.52E-08
-1.52E-08
-1.56E-08
-1.56E-08
-1.67E-08
-1.69E-08
-2.02E-08
-1.54E-08
-1.56E-08
-1.65E-08
-1.69E-08
-1.52E-08
-1.52E-08
-1.67E-08
-1.67E-08
-1.77E-08
-1.52E-08
-1.54E-08
-1.54E-08
-1.67E-08
-1.69E-08
-1.79E-08
-1.54E-08
-1.54E-08
-1.54E-08
-1.67E-08
-1.69E-08
-1.79E-08
-1.56E-08
-1.54E-08
-1.56E-08
-1.42E-08
-1.71E-08
-1.69E-08
-1.71E-08
-1.52E-08
-1.54E-08
-1.56E-08
-1.54E-08
-1.4E-08
-1.67E-08
-1.79E-08
-1.52E-08
-1.5E-08
-1.52E-08
-1.54E-08
-1.48E-08
-1.5E-08
-1.5E-08
-1.5E-08
-1.48E-08
-1.46E-08
-1.48E-08
-1.44E-08
-1.48E-08
-1.19E-08
-1.42E-08
-1.44E-08
-1.46E-08
-1.31E-08
-1.31E-08
-1.44E-08
-1.46E-08
-1.31E-08
-1.31E-08
-1.4E-08
-1.54E-08
-1.29E-08
-1.15E-08
-1.4E-08
-1.29E-08
-1.27E-08
-1.54E-08
-1.44E-08
-1.31E-08
-1.56E-08
-1.29E-08
-1.27E-08
-1.38E-08
-1.27E-08
-1.27E-08
-1.23E-08
-1.25E-08
-1.27E-08
-1.4E-08
-1.27E-08
-1.27E-08
-1.25E-08
-1.25E-08
-1.52E-08
-1.25E-08
-1.23E-08
-1.21E-08
-1.25E-08
-1.25E-08
-1.23E-08
-1.25E-08
-1.25E-08
-1.21E-08
-1.25E-08
-1.5E-08
-1.25E-08
-1.25E-08
-1.25E-08
-1.23E-08
-1.23E-08
-1.25E-08
