-0.549692675
-0.5496926
-0.54969253
-0.549692455
-0.549692385
-0.549697745
0.98618138
0.986758705
0.986163045
0.98616596
0.98616576
0.986755625
0.986755425
0.98675873
5.875E-07
6.583E-07
7.304E-07
8.021E-07
8.777E-07
9.485E-07
1.0229E-06
1.0929E-06
1.035E-06
-1.0579E-06
-3.1773E-06
-5.2977E-06
-7.4229E-06
-9.5429E-06
-1.16623E-05
-1.37825E-05
-1.59054E-05
-1.80283E-05
-2.01479E-05
-2.22681E-05
-2.43869E-05
-2.65094E-05
-2.86306E-05
-3.07523E-05
-3.28729E-05
-3.49923E-05
-3.71125E-05
-3.92348E-05
-4.13575E-05
-4.34754E-05
-4.55967E-05
-4.77185E-05
-4.984E-05
-5.19635E-05
-5.40804E-05
-5.62017E-05
-5.8325E-05
-6.04421E-05
-6.25669E-05
-6.46869E-05
-6.68069E-05
-6.89283E-05
-7.10502E-05
-7.31721E-05
-7.50496E-05
-7.49771E-05
-5.14971E-05
-5.14246E-05
-5.13523E-05
-5.12817E-05
1.52E-08
1.427E-07
2.156E-07
1.6979E-06
2.6875E-06
3.0927E-06
2.8977E-06
2.1225E-06
8.246E-07
-9.273E-07
-3.0425E-06
-5.1648E-06
-7.2871E-06
-9.4073E-06
-1.15304E-05
-1.36548E-05
-1.57727E-05
-1.78969E-05
-2.00179E-05
-2.21431E-05
-2.42629E-05
-2.63842E-05
-2.85075E-05
-3.06298E-05
-3.27521E-05
-3.48723E-05
-3.69944E-05
-3.912E-05
-4.12379E-05
-4.33619E-05
-4.54848E-05
-4.74825E-05
-4.93527E-05
-5.11067E-05
-5.27469E-05
-5.42915E-05
-5.57352E-05
-5.70942E-05
-5.83777E-05
-5.95827E-05
-6.07204E-05
-6.1795E-05
-6.28129E-05
-6.37748E-05
-6.469E-05
-6.55598E-05
-6.63854E-05
-6.71727E-05
-6.79221E-05
-6.86398E-05
-6.93252E-05
-6.99856E-05
-7.06121E-05
-7.12188E-05
-7.18008E-05
-7.236E-05
-7.29029E-05
-7.34196E-05
-7.39256E-05
-7.44098E-05
-7.4884E-05
-7.53377E-05
-7.578E-05
-7.621E-05
-7.66287E-05
-7.70331E-05
-7.74292E-05
-7.78094E-05
-7.81875E-05
-7.85531E-05
-7.89102E-05
-7.92579E-05
-7.95983E-05
-7.99327E-05
-8.02573E-05
-8.05748E-05
-8.08902E-05
-8.11942E-05
-8.14948E-05
-8.17898E-05
-8.20798E-05
-8.23619E-05
-8.26396E-05
-8.29129E-05
-8.31856E-05
-8.34475E-05
-8.37065E-05
-8.39656E-05
-8.42177E-05
-8.4466E-05
-8.47079E-05
-8.49521E-05
-8.51881E-05
-8.54204E-05
-8.56529E-05
-8.588E-05
-8.61025E-05
-8.63223E-05
-8.65421E-05
-8.67573E-05
-8.69688E-05
-8.71796E-05
-8.73885E-05
-8.75906E-05
-8.77915E-05
-8.79898E-05
-8.81892E-05
-8.83848E-05
-8.858E-05
-8.87675E-05
-8.69442E-05
-8.5085E-05
-8.3225E-05
-8.13706E-05
-7.95079E-05
-7.76467E-05
-7.57906E-05
-7.39323E-05
-7.20727E-05
-7.02121E-05
-6.83513E-05
-6.64944E-05
-6.46358E-05
-6.27779E-05
-6.09202E-05
-5.90604E-05
-5.71996E-05
-5.53398E-05
-5.34829E-05
-5.16229E-05
-4.97642E-05
-4.79073E-05
-4.60475E-05
-4.41877E-05
-4.23292E-05
-4.04696E-05
-3.86115E-05
-3.67525E-05
-3.48944E-05
-3.30379E-05
-3.11781E-05
-2.93173E-05
-2.74602E-05
-2.56027E-05
-2.37402E-05
-2.18844E-05
-2.00248E-05
-1.81671E-05
-1.63106E-05
-1.44496E-05
-1.25921E-05
-1.07331E-05
-8.875E-06
-7.0146E-06
-5.1575E-06
-3.2979E-06
-1.44E-06
4.302E-07
2.2904E-06
4.1444E-06
6.0058E-06
7.8654E-06
9.7221E-06
1.15821E-05
1.344E-05
1.52981E-05
1.71575E-05
1.90144E-05
2.08744E-05
2.27329E-05
2.45921E-05
2.64471E-05
2.83075E-05
3.01646E-05
3.20252E-05
3.38829E-05
3.57421E-05
3.76025E-05
3.94602E-05
4.13202E-05
4.31773E-05
4.50375E-05
4.6895E-05
4.87531E-05
5.06098E-05
5.24706E-05
5.43281E-05
5.61848E-05
5.80454E-05
5.9905E-05
6.17652E-05
6.36229E-05
6.54804E-05
6.73398E-05
6.91973E-05
7.10583E-05
7.2916E-05
7.47748E-05
7.66325E-05
7.84929E-05
8.03496E-05
8.22096E-05
8.40679E-05
8.59273E-05
8.77844E-05
8.96421E-05
9.15054E-05
9.33633E-05
9.52196E-05
9.56196E-05
9.56877E-05
9.57608E-05
9.58304E-05
9.59023E-05
9.59721E-05
9.60444E-05
9.61169E-05
9.61844E-05
9.62585E-05
9.63294E-05
9.64E-05
9.64715E-05
9.65394E-05
9.66127E-05
9.66823E-05
9.67552E-05
9.68275E-05
9.68969E-05
9.69694E-05
0.000102734
0.0001028071
0.0001028773
0.0001029498
1.46E-08
1.796E-07
2.49E-07
3.204E-07
3.923E-07
2.1892E-06
3.7992E-06
5.1073E-06
6.0769E-06
6.7031E-06
6.9825E-06
6.9329E-06
6.5742E-06
5.9425E-06
5.0663E-06
3.9904E-06
2.746E-06
1.3679E-06
-1.217E-07
-1.6827E-06
-3.2902E-06
-4.9283E-06
-6.58E-06
-8.2275E-06
-9.8613E-06
-1.14754E-05
-1.30567E-05
-1.4599E-05
-1.61031E-05
-1.75588E-05
-1.89727E-05
-2.03348E-05
-2.16483E-05
-2.29171E-05
-2.41371E-05
-2.53077E-05
-2.64325E-05
-2.75152E-05
-2.85552E-05
-2.95538E-05
-3.05123E-05
-3.14323E-05
-3.2319E-05
-3.31673E-05
-3.39865E-05
-3.47754E-05
-3.55325E-05
-3.6261E-05
-3.69631E-05
-3.76423E-05
-3.82927E-05
-3.8925E-05
-3.95325E-05
-4.01217E-05
-4.06925E-05
-4.12454E-05
-4.17802E-05
-4.22983E-05
-4.28006E-05
-4.32885E-05
-4.37598E-05
-4.42198E-05
-4.46675E-05
-4.51044E-05
-4.55269E-05
-4.5941E-05
-4.63433E-05
-4.67348E-05
-4.712E-05
-4.74933E-05
-4.78592E-05
-4.82177E-05
-4.85646E-05
-4.89094E-05
-4.9245E-05
-4.95725E-05
-4.98946E-05
-5.02096E-05
-5.05171E-05
-5.08223E-05
-5.11173E-05
-5.14113E-05
-5.16983E-05
-5.198E-05
-5.22573E-05
-5.25308E-05
-5.27971E-05
-5.30579E-05
-5.33194E-05
-5.3575E-05
-5.38279E-05
-5.40731E-05
-5.4315E-05
-5.45552E-05
-5.47944E-05
-5.50275E-05
-5.52571E-05
-5.54842E-05
-5.57075E-05
-5.59298E-05
-5.61475E-05
-5.63596E-05
-5.65746E-05
-5.67821E-05
-5.69892E-05
-5.71938E-05
-5.73948E-05
-5.7595E-05
-5.77927E-05
-5.79877E-05
-5.81794E-05
-5.83671E-05
-5.85538E-05
-5.87419E-05
-5.89258E-05
-5.91073E-05
-5.929E-05
-5.94656E-05
-5.96431E-05
-5.78213E-05
-5.59648E-05
-5.41029E-05
-5.22481E-05
-5.03879E-05
-4.85279E-05
-4.66685E-05
-4.48115E-05
-4.29529E-05
-4.10935E-05
-3.92352E-05
-3.73756E-05
-3.55173E-05
-3.36579E-05
-3.17975E-05
-2.99388E-05
-2.80796E-05
-2.62225E-05
-2.43646E-05
-2.25075E-05
-2.06473E-05
-1.87881E-05
-1.69302E-05
-1.50696E-05
-1.32119E-05
-1.1354E-05
-9.4952E-06
-7.6367E-06
-5.7802E-06
0.0003454598
0.0003473194
0.0003491779
0.0003510356
1.44E-08
1.9444E-06
3.8013E-06
5.6598E-06
7.5227E-06
8.6208E-06
9.5825E-06
1.04373E-05
1.11975E-05
1.1869E-05
1.24627E-05
1.29823E-05
1.344E-05
1.38417E-05
1.41946E-05
1.44988E-05
1.47673E-05
1.49998E-05
1.52027E-05
1.53735E-05
1.55198E-05
1.56508E-05
1.57556E-05
1.58442E-05
1.59233E-05
1.59823E-05
1.60317E-05
1.60725E-05
1.61073E-05
1.613E-05
1.61469E-05
1.61583E-05
1.61598E-05
1.61594E-05
1.61573E-05
1.61498E-05
1.61367E-05
1.61246E-05
1.61108E-05
1.60904E-05
1.6069E-05
1.60475E-05
1.60244E-05
1.59994E-05
1.59725E-05
1.59446E-05
1.59196E-05
1.58913E-05
1.58608E-05
1.583E-05
1.58002E-05
1.57667E-05
1.57358E-05
1.57029E-05
1.56754E-05
1.56412E-05
1.56081E-05
1.55754E-05
1.55406E-05
1.55108E-05
1.54744E-05
1.54417E-05
1.54079E-05
1.5375E-05
1.53433E-05
1.53062E-05
1.52731E-05
1.52375E-05
1.52054E-05
1.51704E-05
1.51385E-05
1.51023E-05
1.50696E-05
1.50335E-05
1.50002E-05
1.49644E-05
1.49315E-05
1.48952E-05
1.48623E-05
1.48283E-05
1.47915E-05
1.47581E-05
1.47225E-05
1.46879E-05
1.46556E-05
1.46225E-05
1.45848E-05
1.45517E-05
1.45175E-05
1.44815E-05
1.44465E-05
1.44144E-05
1.43785E-05
1.43454E-05
1.4309E-05
1.42756E-05
1.42421E-05
1.42071E-05
1.41698E-05
1.41404E-05
1.41021E-05
1.40671E-05
1.40346E-05
1.40027E-05
1.39658E-05
1.39294E-05
1.38979E-05
1.38619E-05
1.38267E-05
1.37919E-05
1.37602E-05
1.37237E-05
1.36896E-05
1.36515E-05
1.36227E-05
1.3586E-05
1.35502E-05
1.35177E-05
1.34848E-05
1.34506E-05
1.34138E-05
1.33808E-05
1.33446E-05
1.33102E-05
1.32744E-05
1.32429E-05
1.32071E-05
1.31729E-05
1.31367E-05
1.31023E-05
1.30671E-05
1.30354E-05
1.30004E-05
1.29646E-05
1.29329E-05
1.28948E-05
1.28604E-05
1.28271E-05
1.27925E-05
1.27577E-05
1.27223E-05
1.26896E-05
1.26552E-05
1.26192E-05
1.25844E-05
1.25494E-05
1.25171E-05
1.24827E-05
1.24479E-05
1.24123E-05
1.238E-05
1.23452E-05
1.23065E-05
1.22756E-05
1.22431E-05
1.22075E-05
1.21719E-05
1.21381E-05
1.21025E-05
1.20671E-05
1.20354E-05
1.19977E-05
1.19654E-05
1.193E-05
1.18954E-05
1.18629E-05
1.18277E-05
1.17931E-05
1.17573E-05
1.17221E-05
1.16904E-05
1.16548E-05
1.16229E-05
1.15833E-05
1.15529E-05
1.15156E-05
1.14804E-05
1.14477E-05
1.14119E-05
1.13769E-05
1.13419E-05
1.13075E-05
1.12746E-05
1.12412E-05
1.12054E-05
1.11696E-05
1.11346E-05
1.11021E-05
1.10677E-05
1.10352E-05
1.09998E-05
1.09654E-05
1.09304E-05
1.08952E-05
1.08604E-05
1.08281E-05
1.07937E-05
1.07548E-05
1.07225E-05
1.06879E-05
1.06523E-05
1.06204E-05
1.0585E-05
1.055E-05
1.05152E-05
1.04821E-05
1.04444E-05
1.04133E-05
1.03804E-05
1.03433E-05
1.03079E-05
1.02729E-05
1.02402E-05
1.02044E-05
1.01698E-05
1.01383E-05
1.01029E-05
1.00679E-05
1.00338E-05
9.9975E-06
9.9656E-06
9.9312E-06
9.8944E-06
9.8596E-06
9.8283E-06
9.7921E-06
9.7573E-06
9.7223E-06
9.6892E-06
9.6521E-06
9.6181E-06
9.5852E-06
9.5502E-06
9.5173E-06
9.4794E-06
9.4471E-06
9.4092E-06
9.3798E-06
9.3462E-06
9.3073E-06
9.2723E-06
9.2402E-06
9.2054E-06
9.1704E-06
9.1377E-06
9.1025E-06
9.0679E-06
9.0317E-06
8.9981E-06
8.9629E-06
8.9275E-06
8.8975E-06
8.8606E-06
8.8242E-06
8.7921E-06
8.7573E-06
8.7208E-06
8.6858E-06
8.6523E-06
8.6179E-06
8.5821E-06
8.5498E-06
8.5156E-06
8.4802E-06
8.4471E-06
8.4125E-06
8.3771E-06
8.3425E-06
8.3071E-06
8.2721E-06
8.2398E-06
8.2046E-06
8.1702E-06
8.1356E-06
8.099E-06
8.0654E-06
8.0298E-06
8E-06
7.9635E-06
7.9271E-06
7.8948E-06
7.8594E-06
7.8242E-06
7.7904E-06
7.7571E-06
7.7227E-06
7.6871E-06
7.6519E-06
7.6179E-06
7.5846E-06
7.5525E-06
7.5183E-06
7.4819E-06
7.4444E-06
7.4131E-06
7.3783E-06
7.3423E-06
7.3104E-06
7.2719E-06
7.2373E-06
7.2048E-06
7.1717E-06
7.1383E-06
7.0994E-06
7.0673E-06
7.0329E-06
7.0002E-06
6.9662E-06
6.9287E-06
6.8927E-06
6.8602E-06
6.8227E-06
6.7902E-06
6.7552E-06
6.7194E-06
6.6869E-06
6.6498E-06
6.6179E-06
6.5846E-06
6.55E-06
6.5158E-06
6.4804E-06
6.4417E-06
6.4106E-06
6.3775E-06
6.3417E-06
6.3073E-06
6.2731E-06
6.2367E-06
6.2048E-06
6.1702E-06
6.1362E-06
6.1002E-06
6.0679E-06
6.0323E-06
5.9944E-06
5.96E-06
5.9306E-06
5.8919E-06
5.86E-06
5.8221E-06
5.79E-06
5.7544E-06
5.7194E-06
5.6852E-06
5.6527E-06
5.6167E-06
5.5815E-06
5.5498E-06
5.5115E-06
5.481E-06
5.4454E-06
5.4131E-06
5.3769E-06
5.3417E-06
5.305E-06
5.2746E-06
5.2369E-06
5.2021E-06
5.1669E-06
5.1346E-06
5.1008E-06
5.0658E-06
5.0323E-06
4.9967E-06
4.9627E-06
4.9277E-06
4.8946E-06
4.8604E-06
4.8262E-06
4.789E-06
4.7548E-06
4.7212E-06
4.6854E-06
4.6531E-06
4.6187E-06
4.5825E-06
4.5479E-06
4.5152E-06
4.4773E-06
4.445E-06
4.4096E-06
4.3769E-06
4.341E-06
4.3046E-06
4.2696E-06
4.2352E-06
4.2029E-06
4.1725E-06
4.1356E-06
4.1002E-06
4.065E-06
4.0296E-06
3.9956E-06
3.9594E-06
3.9277E-06
3.8921E-06
3.8573E-06
3.826E-06
3.7896E-06
3.7548E-06
3.7206E-06
3.685E-06
3.6525E-06
3.6177E-06
3.5823E-06
3.5498E-06
3.515E-06
3.4802E-06
3.4442E-06
3.4092E-06
3.3765E-06
3.3398E-06
3.3073E-06
3.2723E-06
3.2346E-06
3.2052E-06
3.1673E-06
3.135E-06
3.0971E-06
3.065E-06
3.0296E-06
2.9973E-06
2.9598E-06
2.9273E-06
2.8917E-06
2.86E-06
2.8221E-06
2.7873E-06
2.755E-06
2.7196E-06
2.6844E-06
2.6523E-06
2.6173E-06
2.5788E-06
2.5479E-06
2.5156E-06
2.4808E-06
2.4437E-06
2.4096E-06
2.3754E-06
2.3408E-06
2.3046E-06
2.2735E-06
2.2375E-06
2.2029E-06
2.1679E-06
2.1346E-06
2.1004E-06
2.065E-06
2.0292E-06
1.9969E-06
1.9629E-06
1.925E-06
1.8929E-06
1.8575E-06
1.8229E-06
1.7898E-06
1.755E-06
1.7179E-06
1.685E-06
1.6525E-06
1.6148E-06
1.58E-06
1.5479E-06
1.5129E-06
1.4806E-06
1.445E-06
1.4094E-06
1.3752E-06
1.3404E-06
1.305E-06
1.2723E-06
1.2379E-06
1.204E-06
1.1669E-06
1.1323E-06
1.1008E-06
1.0621E-06
1.0306E-06
9.948E-07
9.623E-07
9.273E-07
8.931E-07
8.596E-07
8.219E-07
7.881E-07
7.548E-07
7.227E-07
6.846E-07
6.492E-07
6.167E-07
5.804E-07
5.475E-07
5.117E-07
4.8E-07
4.446E-07
4.075E-07
3.752E-07
3.423E-07
3.071E-07
2.725E-07
2.375E-07
2.054E-07
1.685E-07
1.402E-07
1.102E-07
8.29E-08
5.81E-08
3.54E-08
1.56E-08
-1.73E-08
-3.54E-08
-5.06E-08
-6.48E-08
-7.73E-08
-8.98E-08
-1.029E-07
-1.133E-07
-1.221E-07
-1.308E-07
-1.367E-07
-1.452E-07
-1.515E-07
-1.583E-07
-1.633E-07
-1.698E-07
-1.727E-07
-1.754E-07
-1.794E-07
-1.821E-07
-1.827E-07
-1.852E-07
-1.877E-07
-1.888E-07
-1.908E-07
-1.925E-07
-1.948E-07
-1.927E-07
-1.929E-07
-1.946E-07
-1.973E-07
-1.958E-07
-1.979E-07
-1.948E-07
-1.971E-07
-1.975E-07
-1.985E-07
-1.975E-07
-1.944E-07
-1.942E-07
-1.992E-07
-1.948E-07
-1.938E-07
-1.95E-07
-1.981E-07
-1.929E-07
-1.931E-07
-1.915E-07
-1.917E-07
-1.929E-07
-1.952E-07
-1.929E-07
-1.925E-07
-1.931E-07
-1.904E-07
-1.9E-07
-1.875E-07
-1.904E-07
-1.906E-07
-1.879E-07
-1.848E-07
-1.867E-07
-1.875E-07
-1.883E-07
-1.852E-07
-1.835E-07
-1.821E-07
-1.844E-07
-1.844E-07
-1.831E-07
-1.833E-07
-1.823E-07
-1.794E-07
-1.804E-07
-1.788E-07
-1.808E-07
-1.787E-07
-1.798E-07
-1.754E-07
-1.767E-07
-1.738E-07
-1.752E-07
-1.787E-07
-1.717E-07
-1.756E-07
-1.719E-07
-1.715E-07
-1.727E-07
-1.698E-07
-1.729E-07
-1.731E-07
-1.702E-07
-1.7E-07
-1.7E-07
-1.679E-07
-1.677E-07
-1.675E-07
-1.685E-07
-1.656E-07
-1.652E-07
-1.648E-07
1.6725E-06
3.5304E-06
5.3869E-06
7.2456E-06
9.1048E-06
1.09617E-05
1.28206E-05
1.46825E-05
1.65371E-05
1.83977E-05
2.02548E-05
2.21133E-05
2.39704E-05
2.58298E-05
2.76865E-05
2.95448E-05
3.14058E-05
3.32635E-05
3.51198E-05
3.69777E-05
3.88344E-05
4.06954E-05
4.25496E-05
4.441E-05
4.62671E-05
4.81283E-05
4.99846E-05
5.18435E-05
5.3699E-05
5.55573E-05
5.74162E-05
5.92752E-05
6.1131E-05
6.29871E-05
6.48475E-05
6.67054E-05
6.85625E-05
7.04198E-05
7.22804E-05
7.41356E-05
7.59925E-05
7.78521E-05
7.97098E-05
8.15675E-05
8.34244E-05
8.52833E-05
8.71398E-05
8.89971E-05
9.08581E-05
9.27154E-05
9.4574E-05
9.64296E-05
9.82906E-05
0.0001001462
0.000102006
0.0001038631
0.0001057192
0.0001075777
0.0001094358
0.0001112921
0.0001131525
0.0001150087
0.0001168696
0.0001187244
0.0001205819
0.0001224394
0.0001242992
0.0001261567
0.0001280129
0.0001298725
0.0001317298
0.0001335883
0.0001354473
0.0001373021
0.0001391627
0.0001410202
0.0001428779
0.0001447327
0.0001465925
0.0001484496
0.0001503077
0.0001521679
0.0001540256
0.0001558821
0.000157739
0.0001596008
0.000161455
0.0001633146
0.0001651719
0.0001670292
0.0001688867
0.0001707471
0.0001726033
0.0001744621
0.00017632
0.0001781765
0.0001800352
0.0001818925
0.000183749
0.00018561
0.0001874646
0.0001893256
0.0001911825
0.0001930396
0.000194899
0.0001967554
0.0001986146
0.0002004704
0.0002023296
0.000204185
0.0002060452
0.0002079031
0.000209759
0.0002116171
0.0002134769
0.0002153342
0.0002171921
0.0002190496
0.0002209065
0.0002227644
0.0002246219
0.0002264802
0.0002283381
0.0002301944
0.0002320552
0.0002339125
0.00023577
0.0002376269
0.0002394838
0.0002413419
0.0002432029
0.0002450598
0.0002469146
0.0002487744
0.0002506323
0.0002524871
0.0002543477
0.0002562087
0.0002580608
0.0002599204
0.0002617777
0.0002636348
0.0002654948
0.0002673525
0.0002692098
0.0002710679
0.0002729254
0.0002747788
0.0002766404
0.0002784975
0.0002803544
0.000282214
0.0002840706
0.0002859285
0.0002877846
0.0002896431
0.0002915008
0.0002933602
0.0002952177
0.0002970748
0.0002989319
0.0003007925
0.0003026483
0.0003045044
0.0003063631
0.0003082229
0.0003100773
0.0003119373
0.0003137948
0.0003156492
0.0003175098
0.0003193681
0.000321224
0.0003230825
0.0003249396
0.0003268004
0.0003286573
0.0003305135
0.0003323698
0.00033423
0.0003360852
0.000337945
0.0003397998
0.0003416602
0.0003435196
0.0003453721
0.0003472325
0.0003490906
0.0003509494
0.0003528048
0.0003546633
0.0003565219
0.0003583775
0.0003602377
0.0003620962
0.0003639527
0.0003658096
0.0003676683
0.0003695248
0.0003713852
0.000373241
0.0003750998
0.0003769569
0.000378814
0.0003806729
0.0003825294
0.0003843875
0.0003862444
0.0003881052
0.0003899594
0.0003918194
0.0003936752
0.0003955325
0.0003973896
0.0003992498
0.0004011038
0.0004029654
0.0004048225
0.0004066802
0.0004085369
0.0004103979
0.0004122502
0.0004141129
0.0004159683
0.0004178246
0.0004196846
0.0004215396
0.0004233983
0.0004252573
0.000427115
0.0004289719
0.0004308312
0.0004326883
0.0004345473
0.000436405
0.000438261
0.0004401202
0.0004419775
0.0004438321
0.0004456927
0.0004475473
0.0004494083
0.0004512644
0.0004531219
0.0004549825
0.0004568383
0.000458695
0.0004605554
0.0004624106
0.0004642683
0.0004661281
0.0004679821
0.000469839
0.0004717004
0.0004735546
0.0004754156
0.0004772729
0.0004791277
0.0004809854
0.0004828448
0.0004847031
0.0004865608
0.0004884171
0.0004902779
0.0004921333
0.0004939898
0.0004958481
0.000497705
0.0004995654
0.0005014198
0.0005032794
0.0005051373
0.0005069952
0.0005088521
0.000510709
0.0005125671
0.0005144258
0.0005162821
0.0005181431
0.0005199996
0.0005218585
0.0005237137
0.0005255725
0.0005274308
0.0005292863
0.0005311452
0.0005330025
0.000534859
0.0005367181
0.0010327029
0.0010345592
0.0010364175
0.0010382771
0.0010401346
1.58E-08
1.9096E-06
3.7652E-06
5.6254E-06
6.9206E-06
8.0679E-06
9.0927E-06
1.00019E-05
1.0804E-05
1.15254E-05
1.21521E-05
1.27096E-05
1.31987E-05
1.36256E-05
1.40035E-05
1.43304E-05
1.46171E-05
1.48671E-05
1.50835E-05
1.52677E-05
1.54252E-05
1.5565E-05
1.56804E-05
1.578E-05
1.58621E-05
1.59298E-05
1.59877E-05
1.60329E-05
1.60683E-05
1.60944E-05
1.6116E-05
1.61298E-05
1.61352E-05
1.61369E-05
1.61373E-05
1.61304E-05
1.61227E-05
1.611E-05
1.60952E-05
1.60752E-05
1.60579E-05
1.60385E-05
1.60127E-05
1.59896E-05
1.59658E-05
1.59406E-05
1.59094E-05
1.58817E-05
1.58533E-05
1.58229E-05
1.57925E-05
1.57633E-05
1.57329E-05
1.56971E-05
1.56671E-05
1.56352E-05
1.56029E-05
1.55687E-05
1.55354E-05
1.55019E-05
1.54669E-05
1.54383E-05
1.53996E-05
1.53673E-05
1.5336E-05
1.52992E-05
1.52683E-05
1.52325E-05
1.52002E-05
1.51619E-05
1.513E-05
1.50958E-05
1.50625E-05
1.50283E-05
1.49958E-05
1.49569E-05
1.49275E-05
1.48912E-05
1.48544E-05
1.48223E-05
1.47904E-05
1.47537E-05
1.47206E-05
1.4684E-05
1.46504E-05
1.46127E-05
1.45827E-05
1.4545E-05
1.45104E-05
1.44754E-05
1.44427E-05
1.441E-05
1.4375E-05
1.4339E-05
1.43052E-05
1.42721E-05
1.42375E-05
1.42033E-05
1.41662E-05
1.41325E-05
1.41008E-05
1.40648E-05
1.40281E-05
1.39975E-05
1.39594E-05
1.3926E-05
1.38925E-05
1.38562E-05
1.38227E-05
1.37873E-05
1.37552E-05
1.37188E-05
1.36842E-05
1.36504E-05
1.36152E-05
1.35823E-05
1.35471E-05
1.35127E-05
1.34779E-05
1.34446E-05
1.34081E-05
1.33752E-05
1.33394E-05
1.33073E-05
1.32698E-05
1.32371E-05
1.32027E-05
1.31677E-05
1.31327E-05
1.30996E-05
1.30662E-05
1.303E-05
1.2994E-05
1.29596E-05
1.29246E-05
1.28927E-05
1.28567E-05
1.28223E-05
1.27871E-05
1.27552E-05
1.2721E-05
1.26856E-05
1.26498E-05
1.26144E-05
1.25798E-05
1.25448E-05
1.25127E-05
1.248E-05
1.24423E-05
1.241E-05
1.2375E-05
1.23408E-05
1.23046E-05
1.22723E-05
1.22367E-05
1.22019E-05
1.21696E-05
1.21327E-05
1.20973E-05
1.20656E-05
1.20308E-05
1.19952E-05
1.19619E-05
1.19275E-05
1.18938E-05
1.18583E-05
1.18213E-05
1.17869E-05
1.17531E-05
1.17194E-05
1.16819E-05
1.16504E-05
1.16154E-05
1.15821E-05
1.15477E-05
1.15127E-05
1.14781E-05
1.14429E-05
1.14098E-05
1.13744E-05
1.13375E-05
1.13052E-05
1.12721E-05
1.12375E-05
1.12033E-05
1.11706E-05
1.11319E-05
1.10969E-05
1.10648E-05
1.10302E-05
1.09954E-05
1.096E-05
1.09267E-05
1.08896E-05
1.08571E-05
1.08198E-05
1.07869E-05
1.07527E-05
1.07179E-05
1.06858E-05
1.06523E-05
1.06144E-05
1.05796E-05
1.05454E-05
1.05121E-05
1.04777E-05
1.04419E-05
1.04075E-05
1.03731E-05
1.03392E-05
1.03046E-05
1.02663E-05
1.0235E-05
1.02029E-05
1.01677E-05
1.01302E-05
1.0031E-05
1.00025E-05
9.9777E-06
9.9473E-06
9.9177E-06
9.8898E-06
9.8598E-06
9.8275E-06
9.7985E-06
9.7671E-06
9.7379E-06
9.7019E-06
9.6694E-06
9.6385E-06
9.605E-06
9.5694E-06
9.5377E-06
9.504E-06
9.4721E-06
9.4394E-06
9.4046E-06
9.3698E-06
9.3348E-06
9.3006E-06
9.27E-06
9.2358E-06
9.1973E-06
9.165E-06
9.129E-06
9.0973E-06
9.0617E-06
9.0294E-06
8.995E-06
8.9604E-06
8.9269E-06
8.8927E-06
8.8567E-06
8.8221E-06
8.7902E-06
8.7552E-06
8.7206E-06
8.6871E-06
8.6513E-06
8.6173E-06
8.5806E-06
8.5471E-06
8.5152E-06
8.48E-06
8.4427E-06
8.4073E-06
8.3725E-06
8.3427E-06
8.3052E-06
8.2725E-06
8.2381E-06
8.2019E-06
8.1683E-06
8.1346E-06
8.1E-06
8.0658E-06
8.0304E-06
7.9971E-06
7.9654E-06
7.9283E-06
7.8954E-06
7.86E-06
7.8219E-06
7.7896E-06
7.7544E-06
7.7227E-06
7.6821E-06
7.6531E-06
7.6171E-06
7.5829E-06
7.5496E-06
7.5144E-06
7.4798E-06
7.4431E-06
7.4106E-06
7.3773E-06
7.3421E-06
7.3077E-06
7.2717E-06
7.2379E-06
7.2023E-06
7.1704E-06
7.135E-06
7.1017E-06
7.0658E-06
7.0327E-06
6.9979E-06
6.9623E-06
6.9279E-06
6.8923E-06
6.8567E-06
6.8233E-06
6.7898E-06
6.7556E-06
6.7198E-06
6.6869E-06
6.6533E-06
6.6173E-06
6.5827E-06
6.5506E-06
6.5125E-06
6.4806E-06
6.4452E-06
6.4123E-06
6.3762E-06
6.3396E-06
6.3071E-06
6.2725E-06
6.2369E-06
6.2046E-06
6.17E-06
6.1344E-06
6.0998E-06
6.0648E-06
6.0294E-06
5.9971E-06
5.9625E-06
5.9265E-06
5.8954E-06
5.8596E-06
5.8244E-06
5.7883E-06
5.7523E-06
5.7204E-06
5.6873E-06
5.6521E-06
5.6148E-06
5.585E-06
5.5469E-06
5.515E-06
5.4804E-06
5.4467E-06
5.4094E-06
5.374E-06
5.3392E-06
5.3073E-06
5.2706E-06
5.2375E-06
5.2019E-06
5.1698E-06
5.1321E-06
5.1E-06
5.065E-06
5.0298E-06
4.9977E-06
4.9637E-06
4.9281E-06
4.8942E-06
4.8577E-06
4.8254E-06
4.7925E-06
4.756E-06
4.7225E-06
4.6873E-06
4.6502E-06
4.6198E-06
4.5821E-06
4.5479E-06
4.5152E-06
4.4771E-06
4.4456E-06
4.4102E-06
4.3775E-06
4.3402E-06
4.3073E-06
4.2721E-06
4.2377E-06
4.2048E-06
4.1681E-06
4.1352E-06
4.1029E-06
4.0675E-06
4.0304E-06
3.9979E-06
3.9652E-06
3.9296E-06
3.8919E-06
3.8573E-06
3.8252E-06
3.7892E-06
3.7527E-06
3.7229E-06
3.6848E-06
3.6521E-06
3.6179E-06
3.5796E-06
3.55E-06
3.515E-06
3.4798E-06
3.4442E-06
3.4131E-06
3.3748E-06
3.3398E-06
3.3075E-06
3.2719E-06
3.2394E-06
3.2062E-06
3.1696E-06
3.135E-06
3.0998E-06
3.0642E-06
3.0304E-06
2.9958E-06
2.9627E-06
2.9277E-06
2.894E-06
2.8585E-06
2.8252E-06
2.7898E-06
2.755E-06
2.7202E-06
2.6854E-06
2.6502E-06
2.6183E-06
2.5821E-06
2.5473E-06
2.5156E-06
2.4796E-06
2.4452E-06
2.4106E-06
2.3752E-06
2.34E-06
2.3069E-06
2.2692E-06
2.2381E-06
2.2042E-06
2.1694E-06
2.1354E-06
2.1004E-06
2.0646E-06
2.0294E-06
1.9977E-06
1.9625E-06
1.9273E-06
1.8954E-06
1.861E-06
1.825E-06
1.7885E-06
1.7548E-06
1.7204E-06
1.6879E-06
1.6523E-06
1.6138E-06
1.5827E-06
1.55E-06
1.516E-06
1.4798E-06
1.446E-06
1.4117E-06
1.3744E-06
1.3404E-06
1.3052E-06
1.2708E-06
1.2379E-06
1.2025E-06
1.1698E-06
1.135E-06
1.1031E-06
1.0646E-06
1.0306E-06
9.95E-07
9.621E-07
9.306E-07
8.921E-07
8.594E-07
8.246E-07
7.902E-07
7.54E-07
7.206E-07
6.856E-07
6.527E-07
6.198E-07
5.819E-07
5.508E-07
5.15E-07
4.796E-07
4.454E-07
4.108E-07
3.746E-07
3.392E-07
3.071E-07
2.729E-07
2.381E-07
2.048E-07
1.717E-07
1.45E-07
1.152E-07
9E-08
6.58E-08
4.29E-08
1.96E-08
-7.9E-09
-2.73E-08
-4.48E-08
-5.79E-08
-7.29E-08
-8.48E-08
-9.65E-08
-1.054E-07
-1.156E-07
-1.256E-07
-1.352E-07
-1.408E-07
-1.475E-07
-1.521E-07
-1.573E-07
-1.629E-07
-1.679E-07
-1.721E-07
-1.746E-07
-1.771E-07
-1.79E-07
-1.821E-07
-1.842E-07
-1.871E-07
-1.883E-07
-1.898E-07
-1.91E-07
-1.927E-07
-1.927E-07
-1.944E-07
-1.921E-07
-1.95E-07
-1.944E-07
-1.944E-07
-1.935E-07
-1.969E-07
-1.954E-07
-1.948E-07
-1.948E-07
-1.95E-07
-1.927E-07
-1.952E-07
-1.956E-07
-1.929E-07
-1.956E-07
-1.925E-07
-1.929E-07
-1.919E-07
-1.929E-07
-1.929E-07
-1.902E-07
-1.896E-07
-1.908E-07
-1.873E-07
-1.863E-07
-1.902E-07
-1.902E-07
-1.873E-07
-1.85E-07
-1.854E-07
-1.877E-07
-1.879E-07
-1.825E-07
-1.856E-07
-1.827E-07
-1.829E-07
-1.823E-07
-1.831E-07
-1.821E-07
-1.806E-07
-1.79E-07
-1.796E-07
-1.777E-07
-1.779E-07
-1.773E-07
-1.777E-07
-1.76E-07
-1.744E-07
-1.746E-07
-1.777E-07
-1.754E-07
-1.748E-07
-1.729E-07
-1.744E-07
-1.727E-07
-1.737E-07
-1.698E-07
-1.727E-07
-1.704E-07
-1.675E-07
-1.677E-07
-1.677E-07
-1.679E-07
-1.669E-07
-1.685E-07
-1.675E-07
-1.65E-07
-1.648E-07
-1.631E-07
-1.646E-07
-1.621E-07
1.6725E-06
3.5304E-06
5.3867E-06
7.2483E-06
9.1025E-06
1.09631E-05
1.28196E-05
1.46773E-05
1.6534E-05
1.83931E-05
2.02504E-05
2.21079E-05
2.39642E-05
2.58235E-05
2.76796E-05
2.9541E-05
3.13983E-05
3.21192E-05
3.21896E-05
3.22627E-05
3.23296E-05
