59.9766618 28
123.9742934 28
187.9747204 28
249.9724439 28
310.9723485 28
372.9713514 28
435.9706503 28
496.9713827 28
556.968378 28
619.9672094 28
683.9705179 28
744.9656642 28
806.9647205 28
867.9641421 28
929.963689 28
990.961256 28
1053.9607371 28
1113.9602481 28
1176.9599756 28
1237.959722 28
1299.9577478 28
1363.9564351 28
1424.9566332 28
1485.955205 28
1546.9541817 28
1608.9537783 28
1669.9524287 28
1733.951604 28
1794.9508393 28
1856.9507305 28
1917.9483386 28
1978.9486619 28
2039.9474338 28
2100.9462935 28
2167.9454627 28
2229.9446898 28
2291.9434038 28
2353.9427813 28
2416.9454365 28
2479.9411673 28
2539.9440206 28
2599.9393978 28
2659.9387374 28
2724.9377695 28
2785.9362551 28
2848.9361519 28
2912.9351061 28
2972.934227 28
3032.9327275 28
3093.9317909 28
3155.9313716 28
3217.9304766 28
3278.9296412 28
3339.9301702 28
3400.9279805 28
3461.9270603 28
3522.9263573 28
3586.9251138 28
3650.9244939 28
3710.9236312 28
3773.9225556 28
3834.9217058 28
3895.9210073 28
3956.9211623 28
4018.9193656 28
4081.9183731 28
4144.917629 28
4204.9159873 28
4264.9155419 28
4327.9143323 29
4389.9136872 29
4449.912023 29
4510.9122488 29
4571.9114092 29
4633.9094996 29
4694.9093354 29
4758.9083019 29
4819.9082079 29
4881.9068141 29
4943.9059299 29
5003.909805 29
5064.9046033 29
5128.9075547 29
5195.9016674 29
5256.9009792 29
5318.9007616 29
5379.8995869 29
5440.8981095 29
5501.8982809 29
5561.8972232 29
5622.8958119 29
5682.8952387 29
5743.8948451 29
5804.8934898 29
5865.8929268 29
5925.8922894 29
5987.8904758 29
6050.8897245 29
6110.8895998 29
6173.8895454 29
6237.8881177 29
6298.8879525 29
6359.8855842 29
6422.8861163 29
6482.8843376 29
6545.8833708 29
6606.8828263 29
6666.8814366 29
6729.8806037 29
6791.8800592 29
6852.8789163 29
6912.8779382 29
6975.87694 29
7038.8763478 29
7101.8758962 29
7163.874759 29
7225.8739107 29
7286.8722819 29
7347.8711118 29
7407.8711985 29
7468.8699694 29
7529.8691981 29
7592.8681097 29
7653.8672814 29
7715.8655294 29
7777.8650039 29
7839.8643988 29
7901.8639744 29
7964.8628752 29
8027.8616168 29
8091.8617764 29
8151.860572 29
8212.8588882 29
8274.8586912 29
8337.856974 29
8399.8575031 29
8459.8558835 29
8521.854908 29
8582.8538128 29
8647.8522173 29
8707.8519905 29
8767.8510781 29
8827.8499537 29
8888.8493804 29
8951.8482524 29
9011.84775 29
9071.846969 29
9131.8461612 29
9191.8454089 29
9254.8445647 29
9315.8440279 29
9376.8423996 29
9437.8418243 29
9498.8407918 29
9559.8403484 29
9622.8385466 29
9683.8385106 29
9747.8376988 29
9808.8369721 29
9870.8354613 29
9931.8344359 29
9993.8344539 29
10054.832744 29
10119.8327599 29
10183.8319552 29
10246.8305542 29
10307.8302073 29
10368.8294909 29
10428.8289562 29
10490.8270343 29
10553.8261855 29
10614.8256276 29
10677.8248856 29
10740.8244529 29
10800.8232706 29
10861.8223622 29
10922.8209607 29
10984.8204819 29
11047.8244966 29
11110.8194063 29
11170.8182665 29
11231.8174279 29
11292.8167105 29
11354.8152828 29
11414.8281761 29
11475.8138916 29
11535.8142939 29
11602.8117747 29
11662.8101648 29
11724.8095121 29
11784.8095665 29
11844.8082979 29
11909.8089347 29
11971.8067321 29
12031.8063005 30
12094.8038865 30
12155.8033466 30
12215.8022207 30
12276.8131706 29
12338.8007007 30
12402.8002675 30
12462.8009732 30
12522.7972926 30
12583.7966152 30
12644.7960142 30
12704.7942176 30
12764.7939138 30
12825.7932276 30
12885.7918251 30
12945.7911205 30
13005.7909091 30
13068.789173 30
13128.7937649 30
13188.7871644 30
13248.788007 30
13309.7862729 30
13369.7900556 30
13429.7865306 30
13490.7834915 30
13550.7825724 30
13610.7817636 30
13670.7798017 30
13731.7796375 30
13793.7828587 30
13853.7779424 30
13913.7776222 30
13973.775554 30
14033.7754535 30
14093.7746724 30
14153.7732247 30
14215.7732606 30
14275.77164 30
14335.7706254 30
14395.7706459 30
14455.768585 30
14515.7688251 30
14575.767457 30
14636.7663249 30
14696.7685414 30
14756.7649316 30
14816.7636373 30
14878.7626726 30
14940.8232783 30
15002.7615615 30
15062.7604864 30
15122.7638031 30
15182.7592075 29
15242.7582828 30
15302.7572359 30
15364.7555608 30
15424.7556984 29
15484.7538052 29
15545.757028 29
15606.7523067 29
15666.7516765 29
15727.7511141 29
15787.7508246 29
15847.7489895 29
15908.7475875 29
15968.7471687 29
16030.7457626 29
16090.7476023 29
16150.743715 29
16210.7428918 29
16270.7433029 30
16330.74103 30
16390.7404183 30
16450.7393262 30
16510.7396844 30
16570.7380627 30
16630.7372463 30
16691.7359669 30
16751.7364924 30
16811.7348327 30
16871.7375105 30
16932.7334389 30
16992.7318989 30
17052.7308391 30
17112.7299493 30
17172.7299672 30
17232.7279602 30
17293.7274034 30
17353.7268173 30
17413.7300252 30
17473.725776 30
17533.724316 30
17594.7228365 30
17654.72305 30
17714.7222848 30
17774.7218281 30
17834.7198759 30
17895.7204271 29
17955.7187711 29
18017.7185945 30
18077.7164566 30
18137.7163242 30
18197.7163185 30
18257.7154415 30
18318.7131968 30
18378.7135771 30
18438.7121304 30
18498.7112693 30
18558.7111605 30
18618.7101377 30
18678.7091837 30
18738.7090144 30
18798.7081368 30
18859.7066234 30
18919.7066958 30
18979.705108 30
19040.7049915 30
19100.7033883 30
19160.7029424 30
19220.7018108 30
19280.7012237 30
19341.7016127 30
19402.6991402 30
19462.7029069 30
19522.6982631 30
19582.6973897 30
19643.6963736 30
19703.6959204 30
19763.6954262 30
19823.6937522 30
19883.6932565 30
19943.6927844 30
20003.6923009 30
20063.6914136 30
20124.6900465 30
20186.68997 30
20246.6882853 30
20306.6877444 30
20368.6872969 30
20428.686738 30
20488.6877633 30
20548.6859159 30
20608.6835516 30
20668.6829312 30
20728.6820937 30
20788.6812885 30
20849.6834634 30
20910.6799029 30
20970.6889914 30
21030.6782643 30
21090.6780862 30
21150.6767488 30
21210.675762 30
21270.6753566 30
21330.6746294 30
21390.6748824 30
21450.673348 30
21510.6744 30
21570.6714769 30
21630.6720773 30
21690.6698142 30
21750.6694093 30
21810.6679267 30
21870.6669952 29
21930.66615 29
21990.6663265 29
22050.6648239 29
22111.6733084 29
22171.6636149 29
22231.6626024 29
22292.662744 29
22354.661499 29
22415.659865 29
22475.6602037 29
22535.6587817 29
22596.6582926 29
22656.6576445 29
22716.656127 29
22776.6553192 29
22836.6542985 29
22896.6547881 29
22956.6530068 29
23016.6529935 29
23077.6508535 29
23138.6505091 29
23198.6538705 29
23259.6496921 29
23320.6487309 29
23380.6482183 29
23441.6504347 29
23502.6497527 29
23562.6449734 29
23622.6444674 29
23683.6438731 29
23743.6431439 29
23803.6420539 29
23864.6415186 29
23925.6403732 29
23985.6398415 29
24045.6404373 29
24107.6377221 29
24167.6373475 29
24227.6377021 29
24288.6353948 29
24348.6347276 29
24409.634604 29
24469.6337859 29
24529.632639 29
24590.631259 29
24651.6310384 29
24711.6294151 29
24771.6293454 29
24831.6285971 29
24892.6278797 29
24953.6274245 29
25014.6265151 29
25075.6254256 29
25135.6249397 29
25197.6246825 29
25257.6228571 29
25319.6218513 29
25379.6211221 29
25439.6210441 29
25499.6257377 29
25560.6193849 29
25621.6186044 29
25682.6177874 29
25742.6168144 29
25802.6164433 29
25863.614991 29
25923.6142059 29
25983.6142259 29
26043.6131831 29
26103.6121747 29
26163.6111616 29
26223.6103092 29
26283.6098371 29
26344.6088369 29
26404.6084382 29
26464.6072773 29
26524.6064752 29
26584.6055366 29
26644.6051374 29
26704.6040304 29
26764.6036666 29
26825.6024631 29
26885.6017606 29
26945.6012787 29
27005.6002462 29
27066.5991798 29
27126.5996878 29
27186.5982083 29
27246.5971178 29
27307.5966503 29
27367.5959 29
27427.5976808 29
27487.5953694 29
27548.5933459 29
27608.5919321 29
27669.5915677 29
27729.5904402 29
27792.5897628 29
27852.5896607 29
27912.5888057 29
27973.5880359 29
28033.5870732 29
28095.5859919 29
28156.58479 29
28216.5845345 29
28276.5832885 29
28336.582803 29
28396.5815585 29
28456.5815252 29
28516.5805039 29
28576.5801303 29
28637.5785466 29
28697.5783367 29
28758.5774197 29
28819.5769121 29
28880.5761054 29
28940.5747603 29
29000.5741727 29
29064.5735677 29
29124.5736185 29
29185.5717767 29
29245.5706985 29
29305.5701879 29
29365.5696116 29
29427.5685631 29
29487.5676763 29
29548.5672145 29
29608.5660213 29
29668.5655805 29
29728.5644022 29
29789.5650119 29
29849.563345 29
29909.5666464 29
29969.5611255 29
30029.5611086 29
30089.5607093 29
30149.5597071 29
30209.5582296 29
30269.5577688 29
30330.5565736 29
30392.5561296 29
30455.555909 29
30515.5584179 29
30576.5544233 29
30638.5533795 29
30698.5525296 29
30760.5511374 29
30820.5508413 29
30881.5504579 29
30942.5489271 29
31004.5490687 29
31065.5471499 29
31125.5474296 29
31186.5459111 29
31246.5444706 29
31306.5446918 29
31366.5435099 29
31427.5426729 29
31488.5409173 29
31548.5413956 29
31608.5404446 29
31668.5393403 29
31729.5386285 29
31789.5379372 29
31850.5375261 29
31910.536411 29
31970.5350177 29
32030.5345209 29
32091.534096 29
32151.5331271 29
32212.5357746 29
32272.5314464 29
32332.5301409 29
32392.5295605 29
32452.5287707 29
32513.5283642 29
32573.5266954 29
32633.5268734 29
32693.5250239 29
32753.5250824 29
32813.5236419 29
32874.5224236 29
32934.5227946 29
32995.5211016 29
33055.5208035 29
33115.5201076 29
33175.5193861 29
33236.5176371 29
33296.5172466 29
33356.5161386 29
33417.5156865 29
33477.5153735 29
33537.5146365 29
33597.5135547 29
33657.5125992 29
33719.5120957 29
33779.5107271 29
33839.5096109 29
33899.5101056 29
33964.5117735 29
34024.508058 29
34084.5066252 29
34145.5055105 29
34205.5051462 29
34265.5040859 29
34326.5037867 29
34386.5020573 29
34446.5053751 29
34508.5015965 29
34568.5001914 29
34629.4990901 29
34690.4987652 29
34751.4972821 29
34811.4971569 29
34871.4956579 29
34931.4950323 29
34992.4956286 28
35052.4930658 28
35112.4961495 28
35172.4918926 28
35234.4909941 28
35294.4897911 28
35354.4888223 28
35414.4881741 28
35474.4880237 28
35535.4868609 28
35595.4862681 28
35656.4856128 28
35716.4846957 28
35778.4835744 28
35838.4827738 28
35899.482353 28
35959.4810229 28
36020.4803562 28
36081.479045 28
36141.4792072 28
36201.4788151 28
36261.4845664 28
36321.4807078 28
36383.4752382 28
36443.4743899 28
36504.4733348 28
36565.4727898 28
36625.472292 28
36685.4707992 28
36745.4708274 28
36806.4692268 28
36866.4685899 28
36926.467893 28
36986.4672007 28
37046.4667583 28
37106.4650263 28
37168.4648401 28
37228.4642812 28
37289.4629828 28
37349.461938 28
37410.4629746 28
37470.4603522 28
37530.4602645 28
37590.4594193 28
37651.4573968 28
37711.4569313 28
37771.4567712 28
37832.456042 28
37892.4560158 28
37952.45429 28
38012.4527699 28
38072.4521705 28
38132.4512837 28
38192.4509917 28
38252.4505412 28
38312.449249 28
38372.4477638 28
38432.4480681 28
38493.446331 28
38553.4463849 28
38614.4455838 28
38676.4445353 28
38736.443764 28
38797.4432739 28
38858.4423127 28
38918.4407947 28
38978.4407963 28
39038.4397032 28
39099.4470879 28
39160.4379784 28
39220.4373456 28
39280.4362915 28
39340.4357855 28
39401.4349973 28
39462.4355243 28
39522.4330492 28
39582.4326746 28
39642.4317493 28
39703.4310616 28
39764.4300163 28
39825.4293266 28
39885.428158 28
39946.4292096 28
40006.4267745 28
40067.4254864 28
40128.4253155 28
40189.4237477 28
40249.4234136 28
40310.4215559 28
40370.4219095 28
40431.4204469 28
40491.4191439 28
40551.4193877 28
40611.4178507 28
40672.4176998 28
40732.4174935 28
40792.4157271 28
40852.4163774 28
40914.4136077 28
40975.4129949 28
41035.4125577 28
41096.4114143 28
41159.4109904 28
41219.4095068 28
41279.4089377 28
41340.4122472 28
41401.4071831 28
41463.4070748 28
41524.4054111 28
41584.4041882 28
41644.4057842 28
41706.4032629 28
41766.40177 28
41826.4016515 28
41888.4012461 28
41948.4007011 28
42010.3984749 28
42073.3981747 28
42133.3967167 28
42194.396182 28
42255.3958432 28
42315.3964503 28
42376.3934841 28
42438.3931429 28
42500.3923895 28
42562.3912117 28
42623.3901135 28
42683.3888306 28
42743.3902665 28
42805.3873552 28
42867.3868579 28
42929.3877298 28
42989.3854127 28
43049.3853378 28
43110.3836228 28
43170.3830095 28
43230.3822264 28
43292.3821258 28
43353.384218 28
43413.3789261 28
43475.3786495 28
43537.3780429 28
43597.3766583 28
43657.3752958 28
43717.3743787 28
43777.3742392 28
43839.3807556 28
43900.3720874 28
43960.3712616 28
44020.3704554 28
44080.3700346 28
44141.3725159 28
44201.3701321 28
44262.3674589 28
44322.3663602 28
44383.3662699 28
44444.3644968 28
44505.3640935 28
44565.3628002 28
44625.3628654 28
44687.3611026 28
44747.3647088 28
44807.3602097 28
44867.3594779 28
44927.3583289 28
44987.3576458 28
45047.3571157 28
45107.3556623 28
45167.355104 28
45228.3539067 28
45288.3537379 28
45350.3529666 28
45411.3515481 28
45472.3517934 28
45535.3498238 28
45596.3496298 28
45656.3486353 28
45716.3481549 28
45776.3470814 28
45837.3475263 28
45897.3457414 28
45961.3476936 28
46023.3441757 28
46083.3434341 28
46143.3420439 28
46203.3411171 28
46264.3400964 28
46324.3395483 28
46384.3439689 28
46444.3382956 28
46504.3369044 28
46564.3366124 28
46625.3369552 28
46685.3344914 28
46745.3334388 28
46806.3335368 28
46866.3315991 28
46927.3310099 28
46990.3308139 28
47051.329046 28
47112.3290496 28
47172.3283311 28
47232.3307138 28
47292.3261998 28
47352.3248337 28
47412.3250062 28
47474.3239182 28
47534.3232798 28
47595.3224515 28
47656.3211419 28
47716.3204332 28
47776.319979 28
47838.3186149 28
47898.3184025 28
47959.3169189 28
48020.316029 28
48081.3153932 28
48141.3148543 28
48201.3135703 28
48262.3129643 28
48323.3118563 28
48384.311671 28
48448.3110254 28
48509.3095849 28
48569.3089922 28
48629.3078786 28
48690.3075794 28
48750.3066598 28
48810.3088085 28
48870.3042447 28
48932.304043 28
48993.3038106 28
49054.3018635 28
49115.3015674 28
49175.3004097 28
49235.2999411 28
49296.2987295 28
49356.2979705 28
49416.2974799 28
49476.2954949 28
49536.2949889 28
49598.2949314 28
49658.2938419 28
49718.2936526 28
49778.2919067 28
49838.291628 28
49899.2908567 28
49959.2895147 28
50019.2885038 28
50080.2883216 28
50142.2869827 28
50202.2864156 28
50262.2861903 28
50324.2845409 28
50384.2834001 28
50445.2843736 28
50505.2822321 28
50566.2805468 28
50626.2801455 28
50686.2798325 28
50746.2794578 28
50807.2778967 28
50868.2775847 28
50930.2766056 28
50990.2752056 28
51050.2749228 28
51111.2737466 28
51171.2728141 28
51231.275963 28
51291.271231 28
51353.270551 28
51413.2698587 28
51473.2686425 28
51533.2682622 28
51593.2709903 28
51653.2666282 28
51713.2646612 28
51773.2645226 28
51833.2636055 28
51895.2635491 28
51955.2623585 28
52015.2620311 28
52075.2608754 28
52135.2590613 28
52200.2586938 28
52261.257846 28
52321.256308 28
52382.2558123 28
52443.2557353 28
52504.254246 28
52564.2540326 28
52625.25228 28
52685.2524124 28
52746.2516724 28
52807.2502129 28
52868.2498132 28
52928.2493554 28
52988.2479954 28
53049.2475772 28
53109.2461885 28
53170.2457918 28
53230.2457785 28
53290.244302 28
53351.246188 28
53411.2417874 28
53473.2411978 28
53534.2402936 28
53596.2393395 28
53656.2390912 28
53717.2381002 28
53780.2370995 28
53841.2357529 28
53902.2355856 28
53964.2373448 28
54024.2339095 28
54084.2327472 28
54148.2319353 28
54209.2308997 28
54269.2296901 28
54329.2326035 28
54389.228069 28
54449.2279519 28
54509.2273613 28
54569.2256062 28
54630.2258068 28
54690.2237618 28
54750.2229612 28
54810.222486 28
54870.2222982 28
54930.2204543 28
54990.2204256 28
55050.2196789 28
55111.2179464 28
55171.2186289 28
55231.2162339 28
55291.2167753 28
55352.2154651 28
55412.2148134 28
55472.2139579 28
55533.2130865 28
55593.2115008 28
55656.2126919 28
55717.2096723 28
55778.2087213 28
55838.2094044 28
55899.2081671 28
55959.2071022 28
56020.206177 28
56080.2044793 28
56141.2041899 28
56201.2035464 28
56261.2027607 28
56322.2012535 28
56382.2013094 28
56443.2003579 28
56503.1994609 28
56563.1981867 28
56623.1980265 28
56684.1964172 28
56744.1956515 28
56804.1950265 28
56866.1937507 28
56928.1933145 28
56990.1928449 28
57050.1919668 28
57112.1910795 28
57176.1896503 28
57236.1883053 28
57296.1882914 28
57358.1875683 28
57418.1868134 28
57479.185336 28
57539.1845965 28
57599.1845031 28
57660.1833818 28
57720.1822199 28
57780.1820136 28
57840.1834475 28
57900.1792891 28
57961.1797048 28
58021.1774375 28
58082.1774801 28
58144.1770244 28
58206.1753109 28
58267.1751585 28
58328.1734013 28
58388.1727101 28
58450.172434 28
58510.1713121 28
58572.1707127 28
58632.1752257 28
58693.1683264 28
58754.1679087 28
58815.1673483 28
58876.1660197 28
58936.1657641 28
58997.1642933 28
59061.1637319 28
59122.162801 28
59182.1615709 28
59243.1664353 28
59303.1605214 28
59364.1608231 28
59424.1579939 28
59485.1571847 28
59547.156671 28
59607.1558288 28
59667.1543847 28
59728.1542092 28
59788.1561444 28
59849.1514924 28
59910.151751 28
59972.1499677 28
60032.1494463 28
60096.1482414 28
60158.1476112 28
60218.1467757 28
60278.1464052 28
60338.1446542 28
60398.1437053 28
60459.1439121 28
60522.1426702 28
60583.1436422 28
60646.140753 28
60709.1406247 28
60770.1388809 28
60831.1393432 28
60891.1378483 28
60951.1364858 28
61011.1358438 28
61071.135169 28
61136.1344315 28
61197.1335545 28
61258.132505 28
61321.1312231 28
61381.130754 28
61442.1296825 28
61503.1292222 28
61565.1319877 28
61625.1274866 28
61687.1256971 28
61749.1258254 28
61809.1247605 28
61870.1240503 28
61931.1228705 28
61993.126023 28
62053.1218903 28
62114.1206817 28
62176.1197944 28
62236.1188476 28
62299.1179424 28
62360.1171095 28
62420.1159938 28
62480.114249 28
62541.1137676 28
62603.1136619 28
62663.1128161 28
62724.1122291 28
62786.1107018 28
62846.1093101 28
62906.1091874 28
62966.108354 28
63027.1071624 28
63087.1065496 28
63148.1067718 28
63209.1052354 28
63272.1037687 28
63332.103159 28
63392.1023821 28
63452.1007039 28
63512.1001841 28
63574.1001158 28
63634.0992049 28
63694.0973636 28
63755.0972384 28
63817.0962597 28
63881.0951975 28
63943.0951338 28
64003.0934706 28
64066.0926018 28
64127.0916277 28
64187.0908251 28
64247.0904874 28
64307.0897228 28
64367.0885856 28
64430.0880293 28
64490.0862321 28
64551.0862788 28
64611.0850856 28
64672.0845037 28
64733.0832787 28
64794.08214 28
64854.0818639 28
64915.0807451 28
64975.0797357 28
65036.079474 28
65096.0778302 28
65157.0771872 28
65217.0761824 28
65279.0755912 28
65342.0745309 28
65403.0733429 28
65464.0733049 28
65525.0723268 28
65588.0714164 28
65649.070426 28
65709.0696121 28
65773.0688916 28
65834.0679904 28
65897.0669142 28
65958.0657113 28
66020.0644376 28
66081.0639136 28
66142.0628529 28
66204.0625973 28
66264.061747 28
66324.0608602 28
66384.0592878 28
66444.0588054 28
66505.0581511 28
66569.0568168 28
66629.0567301 27
66691.0563601 27
66753.0544798 27
66813.0539917 27
66873.0568142 27
66934.051802 27
66995.0515864 27
67059.0499304 27
67119.0498057 27
67182.0484344 27
67242.0475425 27
67302.0462996 27
67362.0462513 27
67422.0453225 27
67482.0450443 27
67546.0437265 27
67607.0425559 27
67669.041781 27
67731.0404205 27
67792.0397092 27
67852.0383626 27
67912.0382995 27
67973.0367882 27
68033.0355529 27
68093.0349443 27
68154.0377129 27
68215.0339267 27
68276.0328834 27
68337.0324446 27
68398.0310764 27
68458.0308629 27
68519.0302959 27
68579.0281754 27
68641.0294009 27
68702.0268391 27
68763.0264003 27
68826.0253169 27
68886.02454 27
68946.0227916 27
69007.0226227 27
69067.0210909 27
69127.0210852 27
69189.0202605 27
69249.0191372 27
69310.0178645 27
69370.0168591 27
69430.016541 27
69490.015763 27
69550.0150034 27
69611.0134654 27
69673.0123503 27
69733.0115235 27
69794.0120444 27
69854.0102283 27
69915.0089776 27
69975.008234 27
70035.0077542 27
70096.0061792 27
70157.0062583 27
70218.0046212 27
70280.0055459 27
70343.0031155 27
70405.0026757 27
70466.001521 27
70528.0003422 27
70588.000372 27
70649.9990157 27
70710.9980344 27
70771.997219 27
70831.9960258 27
70891.9951596 27
70952.9953566 27
71013.9942502 27
71073.9933049 27
71135.992296 27
71197.9905368 27
71259.9903613 27
71322.9895351 27
71388.9884004 27
71449.9866458 27
71509.9864554 27
71570.9856246 27
71632.9901519 27
71692.9837243 27
71756.9829919 27
71816.9815653 27
71878.9804835 27
71938.9795043 27
71999.9787643 27
72062.9782886 27
72123.9776076 27
72185.9771904 27
72246.9761137 27
72306.9753152 27
72367.9745413 27
72428.9735924 27
72488.9726153 27
72549.9709536 27
72609.9703173 27
72670.9700438 27
72730.9684241 27
72790.9673778 27
72852.9668168 27
72912.9664597 27
72973.9655955 27
73033.9645896 27
73094.9637116 27
73155.9628325 27
73218.9617414 27
73278.9605201 27
73338.9603025 27
73399.9587839 27
73459.9580645 27
73522.9572505 27
73586.9567533 27
73649.9559773 27
73712.9587167 27
73772.9539482 27
73833.9528915 27
73894.9516091 27
73954.9513828 27
74016.9502697 27
74077.9488697 27
74137.9480927 27
74200.9471577 27
74260.9476606 27
74320.9459461 27
74382.9449685 27
74443.9488389 27
74503.9425668 27
74564.9428121 27
74626.9413454 27
74687.940729 27
74747.939852 27
74808.938452 27
74868.937515 27
74928.93746 27
74990.9363377 27
75050.934969 27
75111.9345682 27
75171.9335208 27
75234.9329122 27
75294.9321275 27
75355.9310853 27
75415.9303971 27
75475.9293107 27
75535.9283782 27
75595.9273944 27
75657.9268002 27
75717.9254546 27
75778.9240372 27
75840.9233829 27
75900.9229112 27
75960.921986 27
76020.9203535 27
76083.9202334 27
76144.9191578 27
76206.9183736 27
76268.9177106 27
76329.9164179 27
76389.9179143 27
76449.9153525 28
76510.913581 28
76571.9144421 28
76631.912024 28
76692.9113492 28
76754.9102494 28
76814.9096012 28
76875.9086888 28
76936.9077753 28
76996.9131499 28
77058.9055845 28
77119.9039033 28
77179.9048225 28
77239.9023268 28
77300.9018578 28
77360.9020302 28
77422.9001268 28
77482.898462 28
77542.901378 28
77602.8969825 28
77664.8987915 28
77727.8955974 28
77787.8940712 28
77847.8933964 28
77908.8929176 28
77968.8919743 28
78029.8913549 28
78091.8898882 28
78152.8921319 28
78212.8877421 28
78274.8879268 28
78334.8862138 28
78394.8852675 28
78454.8851018 28
78516.8833862 28
78578.8825651 28
78638.8809485 28
78698.8813411 28
78760.8801439 28
78820.8803953 28
78881.8781763 28
78943.8774886 28
79003.8780583 28
79063.8815095 28
79123.8752799 28
79185.8739497 28
79245.8732708 28
79308.8720545 28
79368.8709414 28
79429.869642 28
79489.869095 28
79552.8693177 28
79614.8668139 28
79674.8660754 28
79734.8656151 28
79795.8646097 28
79856.8632585 28
79916.8627417 28
79976.8621854 28
80037.6335848 28
80096.8599038 28
80157.8603826 28
80217.8588056 28
80278.8570305 28
80338.8589724 28
80398.8553334 28
80459.8548079 28
80520.8547848 28
80582.8529584 28
80642.8526351 28
80702.8523605 28
80763.8501235 28
80823.8489119 28
80883.8477367 28
80945.8501892 28
81008.846484 28
81068.8453663 28
81129.8444636 28
81189.8427952 28
81249.8448757 28
81309.8411895 28
81369.8413901 28
81429.8402714 28
81491.8383803 28
81554.8380734 28
81615.8375197 28
81675.8362665 28
81738.8358031 28
81799.8349373 28
81860.8339607 28
81921.8331186 28
81982.831615 28
82042.8312681 28
82102.8302519 28
82163.8293713 28
82223.8298886 28
82285.8272216 28
82345.826868 28
82406.8265981 28
82466.8248578 28
82526.824651 28
82586.8234476 28
82646.8225377 28
82707.8209176 28
82767.8195356 28
82827.8195223 28
82887.8179899 28
82947.8176024 28
83007.8164734 28
83069.8152392 28
83129.8150765 28
83189.8136971 28
83251.8133158 28
83312.8130305 28
83372.8111804 28
83432.8104645 28
83492.8104953 28
83553.8086263 28
83613.8070729 28
83673.8061579 28
83733.8053476 28
83793.8049113 28
83856.8079725 28
83916.8033564 28
83977.808441 28
84037.8003902 28
84098.8037808 28
84158.7999406 28
84220.7983995 28
84280.7992986 28
84340.7961318 28
84400.7964068 28
84460.7951228 28
84520.7937506 28
84581.7936546 28
84641.7918333 28
84704.7909553 28
84765.7901106 28
84825.7897241 28
84885.7880414 28
84946.789682 28
85006.7867056 28
85066.786665 28
85127.7852933 28
85187.7849043 28
85248.7835007 28
85308.7834386 28
85368.7814475 28
85430.7800454 28
85490.7805745 28
85550.7782513 28
85610.7777007 28
85671.7770038 28
85731.776096 28
85791.7748895 28
85853.7743624 28
85914.7728111 28
85974.7726217 28
86035.7717031 28
86097.7706316 28
86159.7701256 28
86220.7681005 28
86280.7683037 28
86340.7668268 28
86400.7662382 28
86460.7655361 28
86521.764149 28
86581.7637482 28
86641.7630097 29
86701.7618884 29
86761.7615985 29
86821.7593502 29
86882.7583993 29
86942.7581324 29
87002.7568972 29
87062.7565549 29
87124.7556281 29
87184.7543271 29
87244.7540054 29
87304.7526059 29
87364.7516309 29
87424.7512162 29
87486.7495186 29
87546.7495442 29
87606.7480242 29
87666.7474171 29
87729.7465334 29
87789.7451016 29
87851.7439628 29
87912.7510551 29
87972.7423093 29
88035.7423658 29
88096.740544 29
88156.7394222 29
88216.739047 29
88277.7382547 29
88339.7372883 29
88399.7366417 29
88461.734998 29
88524.7344751 29
88584.7330351 29
88644.7320487 29
88705.7320651 29
88765.7301212 29
88826.7299575 29
88886.7291215 29
88947.7278914 29
89009.7270416 29
89069.7254081 29
89129.7259413 29
89190.7240297 29
89250.7231316 29
89311.7227057 29
89371.7213159 29
89433.7200535 29
89494.719548 29
89554.7187146 29
89614.7188229 29
89674.7216546 29
89735.7163211 29
89795.714293 29
89856.7146563 29
89918.7126688 29
89979.7119934 29
90039.7116034 29
90099.7108526 29
90159.709835 29
90219.7086018 29
90279.7082076 29
90339.7070489 29
90400.7066635 29
90460.705187 29
90520.704623 29
90580.7051793 29
90640.7028382 29
90700.7033257 29
90760.7009835 29
90820.6999105 29
90880.6985331 29
90940.6971018 29
91002.6964557 29
91062.6962915 29
91123.6944686 29
91184.6944676 29
91244.6932873 29
91304.6929193 29
91364.6912309 29
91424.6912227 29
91484.6904832 29
91545.6909241 29
91606.6882858 29
91667.6864511 29
91728.6863505 29
91788.6853529 29
91848.6836645 29
91908.6890006 29
91968.6889103 29
92028.6820644 29
92089.6815866 29
92149.6795108 29
92209.6793317 29
92269.6790849 29
92329.6778558 29
92389.6763896 29
92449.6765405 29
92510.6749671 29
92571.6741716 29
92631.6730755 29
92692.6719146 29
92753.6742814 29
92813.6809262 29
92873.6696156 29
92933.66866 29
92993.6676444 29
93053.6677039 29
93114.6661279 29
93175.664476 29
93237.6641886 29
93297.6634404 29
93357.6619886 29
93417.6611198 29
93479.6599143 29
93539.6604788 29
93600.658134 29
93660.6580904 29
93720.6568223 29
93781.6601832 29
93841.6566566 29
93901.6546285 29
93961.6532952 29
94022.6524526 29
94082.6542764 29
94142.6499067 29
94204.6493416 29
94264.6481526 29
94324.6506975 29
94384.6461624 29
94444.6460614 29
94504.6446681 29
94564.6434102 29
94624.6471103 29
94684.6422381 29
94746.6416577 29
94806.6401104 29
94866.6401192 29
94926.6384575 29
94986.6378868 29
95046.6369154 29
95106.6351664 29
95166.6343463 29
95226.637153 29
95287.6375209 29
95348.632407 29
95408.6313878 29
95468.6308187 29
95528.6319221 29
95588.6298319 29
95648.62754 29
95708.628651 29
95769.6258326 29
95829.6248606 29
95889.6248093 29
95949.6232271 29
96009.6223475 29
96069.6213289 29
96129.6208526 29
96190.6193613 29
96251.6191129 29
96311.8230586 30
96371.6338224 30
96432.6162873 30
96492.6166368 30
96552.6140817 30
96613.6133078 30
96673.612987 30
96733.6110549 30
96793.6105381 30
96853.6102266 30
96913.6087302 30
96975.6082267 30
97036.6091884 30
97096.6061396 30
97158.608158 30
97218.8913211 30
97279.603507 30
97339.6025109 30
97399.6010057 30
97459.687672 30
97520.5921312 ?
97580.0301927 30
97640.5992999 30
97701.5971768 30
97761.5954084 30
97821.5954576 30
97884.5933561 30
97944.5935219 30
98004.5926952 30
98064.5916365 30
98124.5906578 30
98184.5901657 30
98244.5889469 30
98304.5872426 30
98364.5869808 30
98424.586383 30
98484.5847977 30
98545.5842871 30
98605.5835014 30
98666.5819085 30
98726.5842471 30
98786.5802709 30
98847.5804675 30
98909.5794796 30
98969.5778836 30
99029.5781084 30
99089.5758709 30
99149.5750462 30
99209.5747557 30
99269.572723 30
99329.5721559 30
99389.5716155 30
99449.5699851 30
99509.569144 30
99569.5702433 30
99629.5684261 30
99689.5671996 30
99749.5662163 30
99810.5651576 30
99870.564629 30
99930.5635241 30
99990.5627477 30
100050.5612764 30
100110.5606955 30
100171.560328 30
100231.5587962 30
100292.5588105 30
100352.5572612 30
100412.5565048 30
100472.5552967 30
100535.5581018 30
100595.556181 30
100655.5526087 30
100716.5511866 30
100776.5514874 30
100837.5498467 30
100897.5492535 30
100957.5486777 30
101017.5476154 30
101077.546512 30
101137.5456596 30
101197.5442745 30
101258.5430911 30
101318.543046 30
101378.5419647 30
101438.5402542 30
101499.5399089 30
101559.5391047 30
101619.5388876 30
101679.5379916 30
101741.5359265 30
101801.5416958 30
101861.5347406 30
101923.5341443 30
101983.5329367 30
102043.5316096 30
102103.5307701 30
102163.5296544 30
102224.5292331 30
102286.5356012 30
102347.5324353 30
102407.5256592 30
102468.5249854 30
102528.5255166 30
102588.5235665 30
102649.5230938 30
102709.5225411 30
102769.5210072 30
102829.5201671 30
102890.5197124 30
102950.5190951 30
103010.5173903 30
103071.5164234 30
103131.5161109 30
103191.5147494 30
103251.5152236 30
103311.5171876 30
103373.5121065 30
103433.5112131 30
103493.5111838 31
103553.5092881 31
103614.5082756 31
103674.507164 31
103737.5066698 31
103797.5053982 31
103857.505101 31
103917.5044595 31
103977.5025623 31
104037.5026998 30
104098.506111 30
104158.5002966 30
104218.5006768 30
104278.4978974 30
104338.4975084 30
104399.4966853 30
104462.8754739 31
104523.4954403 31
104583.4935318 31
104644.495703 31
104705.492063 31
104765.4903741 31
104825.4893139 31
104885.4894022 31
104945.4886329 31
105005.4878985 31
105066.4864924 31
105126.4857693 31
105187.485078 31
105247.4833573 31
105307.4830946 31
105367.4813082 31
105427.480736 31
105488.4794556 31
105548.4790127 31
105608.4787217 31
105668.477253 31
105729.4772412 31
105790.4760706 31
105850.4749714 31
105912.4742775 30
105972.47303 31
106032.471202 31
106092.470402 31
106152.4699339 31
106213.4692586 31
106273.46799 31
106334.4665951 31
106395.4665551 31
106455.4655693 31
106515.4646527 31
106576.4629941 31
106637.4622675 31
106697.4618625 31
106757.4604995 31
106817.4597918 31
106877.4591026 31
106937.4582764 31
106997.4572603 31
107057.456509 31
107117.4549561 31
107177.4539985 30
107238.4537978 30
107298.4524584 30
107358.4516512 30
107418.4502286 30
107478.4494506 30
107538.4484746 30
107599.4478244 30
107659.4473486 30
107719.4455756 30
107779.4454847 30
107839.4435044 30
107899.4432724 30
107962.4427556 30
108022.4412043 30
108082.4408897 30
108142.4399644 30
108202.4380056 30
108262.4371537 30
108323.437108 30
108384.4353935 30
108444.4349773 30
108504.4337446 30
108564.4330015 30
108624.4318945 30
108685.4304746 30
108745.4295744 30
108805.4295159 30
108867.4285799 30
108927.4271773 30
108987.4265918 30
109047.4260648 30
109107.4244164 30
109167.4235086 30
109227.4227722 30
109288.4224986 30
109350.4212516 30
109410.4196792 30
109470.418951 30
109530.4180632 30
109590.4175495 30
109650.4161967 30
109710.4158426 30
109770.4143903 30
109831.4131386 30
109891.412762 30
109951.4112635 30
110011.4110217 30
110071.4101781 30
110131.4094981 30
110192.4085005 30
110252.4077173 30
110312.4066864 30
110372.4059058 30
110432.4043478 30
110492.4030217 30
110552.4029509 30
110612.40202 30
110672.4012302 30
110732.400194 30
110792.3998979 30
110853.3975599 30
110913.3966874 30
110973.3967249 30
111033.3952341 30
111093.3949 30
111153.3939137 30
111213.3919831 30
111273.3919595 30
111333.3917526 30
111394.3901864 30
111454.3888855 30
111514.38774 30
111574.3866706 30
111634.3863334 30
111694.3855513 30
111754.3838696 30
111814.3829849 30
111874.3825697 30
111934.3818441 30
111994.3810301 30
112054.3795942 30
112114.3788604 30
112175.3780229 30
112235.3769852 30
112296.3765033 30
112356.3754954 30
112417.3786002 30
112477.3726832 30
112537.3728977 30
112597.371432 30
112657.3699125 30
112718.3704857 30
112778.3692484 30
112840.367988 30
112901.3672675 30
112961.3659045 30
113021.3651876 30
113081.3643865 30
113142.3631682 30
113202.3622629 30
113262.3611652 30
113323.3606428 30
113383.3603113 29
113443.3583971 29
113503.3576489 29
113563.3569073 29
113625.3558527 29
113685.3556762 29
113745.3548664 29
113805.3537122 29
113865.3523261 29
113925.3507563 29
113985.3501646 29
114045.3495298 29
114107.3484639 29
114168.3526227 29
114228.3469305 29
114288.3458908 29
114348.3449937 29
114408.3435748 29
114468.3431268 29
114529.3424293 29
114589.3406111 29
114649.3410945 29
114709.3394185 29
114769.3381063 29
114829.3375982 29
114889.3361295 29
114949.3388807 29
115009.3348614 29
115069.3335558 29
115130.3332397 29
115190.3315447 29
115250.3309432 29
115310.3296094 29
115370.3295889 29
115430.3277065 29
115490.3269342 29
115550.3265652 29
115610.3260479 29
115670.3250641 29
115730.3236483 29
115790.323308 29
115850.3223222 29
115910.3210244 29
115971.320115 29
116033.3199898 29
116093.3185472 29
116153.3174423 29
116213.3162445 29
116273.3154388 29
116333.3152223 29
116394.3134313 29
116455.3132347 29
116517.3124639 29
116577.3109567 29
116637.3097327 29
116697.3095162 29
116758.3168891 29
116820.3074018 29
116880.3068553 29
116940.3055887 29
117000.3050099 29
117061.3034713 29
117121.3031398 29
117181.3027903 29
117241.3012031 29
117301.2999427 29
117361.2995491 29
117421.2985237 29
117481.2976303 29
117541.2964212 29
117601.2960748 29
117661.2948868 29
117721.2938476 29
117781.2924189 29
117843.2915937 29
117904.2910682 29
117964.2906597 29
118026.2892859 29
118087.2888538 29
118148.2899571 29
118208.2866902 29
118268.2846246 29
118330.2843675 29
118390.283803 29
118450.2823635 29
118510.2818755 29
118570.2805232 29
118630.2802523 29
118691.2784895 29
118751.2783519 29
118811.2772614 29
118871.2762037 29
118933.2748941 29
118993.2745662 29
119054.2730558 29
119114.2721655 29
119175.2709456 29
119237.2709513 29
119297.2701358 29
119357.2683823 29
119417.2715727 29
119477.267904 29
119539.2658045 29
119599.2648777 29
119659.2635901 29
119720.2628973 29
119781.2616395 29
119842.2613403 29
119903.2608082 29
119964.2591742 29
120024.2582787 29
120084.2582299 29
120144.2575951 29
120205.2558441 29
120265.2586451 29
120326.2601056 29
120386.253756 29
120446.2530447 29
120507.2512896 29
120568.250391 29
120628.2491747 29
120689.2486636 29
120749.2476408 29
120809.2469111 29
120869.2465513 29
120930.2455491 29
120990.2445627 29
121050.2437103 29
121111.2427409 29
121172.2410192 29
121232.2402397 29
121293.2394596 29
121353.2388274 29
121413.2374818 29
121473.239904 29
121534.2361285 29
121595.2347835 29
121655.2347275 29
121715.2347553 29
121775.2323002 29
121835.231455 29
121895.2314329 29
121956.2300324 29
122016.229218 29
122076.2277318 29
122136.2261589 29
122196.2259834 29
122256.2252413 29
122317.2246593 29
122377.2235309 29
122437.221531 29
122498.2213647 29
122560.220287 29
122621.2197779 29
122681.2185961 29
122743.2180244 29
122805.2162359 29
122865.2150612 29
122925.2151146 29
122985.2145552 29
123045.2124152 29
123105.2125405 29
123165.2114566 29
123226.2098421 29
123289.2097826 29
123350.208708 29
123410.2075066 29
123472.2068662 29
123532.2053415 29
123592.2053081 29
123652.2075333 29
123713.2031861 29
123773.2018652 29
123834.2016953 29
123895.1999828 29
123955.1993803 29
124015.1978834 29
124075.1980532 29
124135.197111 29
124195.1959497 29
124255.1947606 29
124315.1943814 29
124375.1927664 29
124435.1914906 29
124495.1910421 29
124555.1932744 29
124616.1901994 29
124678.1879445 29
124738.187829 29
124798.1864819 29
124860.1855818 29
124920.1851712 29
124982.1842393 29
125042.1827742 29
125102.1824139 29
125163.1809765 29
125223.1796011 29
125285.1794272 29
125345.1790258 29
125405.1778686 29
125465.1770249 29
125526.1755588 29
125586.1747951 29
125646.1742404 29
125706.1734265 29
125766.1720932 29
125826.1710761 29
125887.1695134 29
125947.1697223 29
126008.1684147 29
126068.1675187 29
126129.1666955 29
126190.1656081 29
126251.1649656 29
126311.1637873 29
126372.1630324 29
126432.1625983 29
126492.1603613 29
126552.1604547 29
126614.1585287 29
126674.157744 29
126734.1576034 29
126794.156672 29
126854.1555517 29
126914.1544622 29
126975.1535918 29
127035.1522124 29
127095.1516084 29
127155.1511178 29
127215.1506092 29
127275.1487294 29
127336.1498779 29
127396.1469281 29
127456.1465617 29
127516.1500083 29
127577.1447496 29
127637.144317 29
127697.1431193 29
127757.1421108 29
127818.1410968 29
127878.1402172 29
127939.1398462 29
127999.1379191 29
128059.1377457 29
128119.136569 29
128179.1359901 29
128239.134993 29
128300.1336756 29
128360.1324619 29
128420.131766 29
128480.1317337 29
128542.1300325 29
128602.1290528 29
128663.1285068 29
128725.1275266 29
128787.126998 29
128847.1254051 29
128907.1288055 29
128967.1237065 29
129028.1226349 29
129090.1219888 29
129151.1213294 29
129211.1205334 29
129272.1189631 29
129333.1178746 29
129394.1170079 29
129454.1164403 29
129514.1153 29
129577.1146636 29
129638.1138117 29
129698.1126689 29
129759.111625 29
129820.1105273 29
129880.1102364 29
129940.1094702 29
130000.1085372 29
130060.1071116 29
130123.1055305 29
130183.1059723 29
130243.1093096 29
130304.1036147 29
130365.1031026 29
130425.1019089 29
130486.1011078 29
130549.0996565 29
130609.0992603 29
130669.0974467 29
130729.0976443 29
130789.0965451 29
130849.0947171 29
130910.0941547 29
130970.0938334 29
131030.0929764 29
131090.0938652 29
131151.0907374 29
131211.0897192 29
131272.0888565 29
131332.0883295 29
131394.0873904 29
131454.0863009 29
131514.0849717 29
131574.0847187 29
131634.0832146 29
131694.0822534 29
131755.0816991 29
131815.08074 29
131875.0803048 29
131935.0794031 29
131995.0783983 29
132055.0771266 29
132118.0767669 29
132178.0756795 29
132238.0741922 29
132298.0741589 29
132360.0728826 29
132420.0722257 29
132480.0709561 29
132541.0702695 29
132602.0686981 29
132662.0681987 29
132722.0681613 29
132782.0669148 29
132842.0659623 29
132903.0647163 29
132964.0631516 29
133025.0621308 29
133085.0620739 29
133145.0602336 29
133207.0600437 29
133267.0589173 29
133327.0576112 29
133387.0573551 29
133448.0558787 29
133509.056104 28
133569.0542673 28
133629.0541831 29
133689.0524486 29
133749.0516475 29
133811.0510789 28
133871.0504189 28
133932.0492412 28
133994.0483133 28
134057.0471679 28
134117.0460055 28
134177.0458854 28
134237.0446564 28
134299.0438691 28
134360.0428535 28
134421.0423645 28
134481.041179 28
134541.043202 28
134601.0392756 28
134663.0386439 28
134723.0370294 28
134783.0364207 28
134843.0355396 28
134904.0377956 28
134966.0334284 28
135026.0331435 28
135086.0320669 28
135146.0312022 28
135207.0294142 28
135267.0292962 28
135328.0277438 28
135389.0274272 28
135449.0268586 28
135512.0255746 28
135572.0247463 28
135632.0238651 28
135692.0227792 28
135754.022538 28
135814.0199485 28
135874.0193224 28
135934.0188262 28
135994.0183879 28
136054.0166462 28
136118.0169602 28
136178.0156465 28
136238.0147715 28
136298.0137241 28
136358.0119977 28
136419.0108282 28
136479.0109549 28
136542.0104356 28
136602.008544 28
136662.0084562 28
136722.0107974 28
136782.0056045 28
136843.0051765 28
136903.0047582 28
136963.0039587 28
137023.0019773 28
137083.0015457 28
137144.0008021 28
137204.0004398 28
137266.9993338 28
137326.9985343 28
137386.9970861 28
137446.9965816 28
137507.9953464 28
137569.9942518 28
137629.9927805 28
137690.9921102 28
137750.9919717 28
137810.9912758 28
137870.9899795 28
137930.9888566 28
137990.9880668 28
138051.9868886 28
138111.9854742 28
138171.9891286 28
138231.9843883 28
138292.9835441 28
138353.9823351 28
138413.9820395 28
138473.9810798 28
138533.9795818 28
138593.9799246 28
138654.9780962 28
138718.97696 28
138778.9761271 28
138838.9758735 28
138898.9792457 28
138958.9735283 28
139019.9731398 28
139080.9719872 28
139140.9698765 28
139201.9701017 28
139262.9701397 28
139323.9682076 28
139383.9663257 28
139443.9663221 28
139503.965365 28
139564.9643551 28
139624.9639887 28
139686.9625518 28
139746.9617045 28
139806.9602281 28
139866.9599022 28
139926.9583934 28
139986.9577966 28
140046.9575097 28
140110.9572813 28
140172.9557223 28
140232.9538117 28
140295.9533524 28
140356.9526688 28
140416.9513309 28
140476.9509948 28
140537.9490119 28
140598.9488764 28
140660.9478279 28
140720.9462617 28
140781.9461534 28
140841.9453215 28
140901.9440037 28
140961.9432159 28
141021.9422455 28
141081.9420608 28
141142.940942 28
141204.9403544 28
141265.938062 28
141326.9380287 28
141386.9364275 28
141446.9365676 28
141509.9356747 28
141569.9344969 28
141630.9368386 28
141690.9329651 28
141750.9319454 28
141810.9302426 28
141870.9294225 28
141931.9292373 28
141991.9280636 28
142051.9276685 28
142111.9266128 28
142172.9255408 28
142232.9237282 28
142292.9226813 28
142354.922726 28
142416.9213958 28
142476.9213214 28
142536.9197669 28
142597.9193277 28
142657.9174915 28
142718.9174674 28
142778.9162886 28
142839.9146813 28
142899.9144544 28
142959.9137026 28
143020.9127922 28
143080.9112783 28
143140.9111521 28
143200.9093339 28
143261.9088428 28
143321.9073827 28
143381.9077953 28
143443.9061855 28
143504.9057318 28
143564.9046895 28
143626.9028672 28
143686.9029683 28
143747.901652 28
143807.9004558 28
143868.8996372 28
143929.898498 28
143990.8978601 28
144050.9003172 28
144110.8965643 28
144171.8954804 28
144231.894898 28
144292.8932065 28
144352.8931536 28
144412.891845 28
144472.8915838 28
144532.8897184 28
144593.8888968 28
144655.8883492 28
144715.8866187 28
144775.8859814 28
144836.885755 28
144898.8845906 28
144958.8830706 28
145018.8828848 28
145078.8829782 28
145138.8852737 28
145199.8801121 28
145259.8785668 28
145319.878028 28
145380.8767584 28
145441.8767522 28
145501.876043 28
145562.8741904 28
145622.8728874 28
145683.8730522 28
145745.8720745 28
145806.8712021 28
145867.8700582 28
145928.8719991 28
145988.8682431 28
146049.8666928 28
146109.8657346 28
146171.8654662 28
146231.8644835 28
146291.8629255 28
146351.8630892 28
146411.8613428 28
146474.8608963 28
146535.8592238 28
146596.8588005 28
146656.8577715 28
146717.8565697 28
146777.8562997 28
146837.8552621 28
146897.8543809 28
146957.8534428 28
147017.8525914 28
147077.8515009 28
147137.8507465 28
147197.8492424 28
147258.8488354 28
147319.848138 28
147379.8470968 28
147439.8474519 28
147499.8456172 28
147561.8447151 28
147622.8432453 28
147683.8431611 28
147744.8421471 28
147807.8411582 28
147868.8399291 28
147928.8390238 28
147990.8383336 28
148051.837086 28
148111.8358821 28
148173.8357302 28
148233.834301 28
148293.8339813 28
148353.8329149 28
148414.8314779 28
148474.8307631 28
148534.830214 28
148594.8292943 28
148654.8276906 28
148715.827101 28
148777.8255409 28
148838.8254875 28
148899.8237386 28
148960.8233337 28
149020.8229709 28
149080.8223243 28
149141.8203336 28
149202.8200698 28
149262.818735 28
149322.8176271 28
149384.8172129 28
149444.8156872 28
149504.8158181 28
149565.8141862 28
149625.8132003 28
149686.8130551 28
149746.8120113 28
149807.810639 28
149867.8107632 28
149927.808889 28
149987.8083061 28
150048.8073751 28
150108.8064432 28
150168.8058176 28
150229.8048795 28
150289.8033841 28
150351.8025902 28
150412.8018194 28
150474.8009978 28
150534.7999796 28
150594.7991939 28
150654.7986525 28
150715.7965208 28
150777.796589 28
150837.7959686 28
150897.7947651 28
150957.7933421 28
151017.792384 28
151077.7912837 28
151138.7915685 28
151198.7901454 28
151258.788767 28
151319.7879372 28
151382.7879937 28
151444.7864854 28
151504.7850546 28
151564.7842767 28
151624.7833714 28
151684.7819627 28
151744.7823183 28
151805.7814521 28
151866.7802543 28
151926.7786747 28
151987.7781056 28
152048.7776874 28
152108.7763787 28
152168.7755258 28
152231.7743604 28
152291.7736198 28
152351.7730009 28
152412.7722214 28
152473.7704761 28
152534.7699418 28
152594.7685675 28
152654.7681867 28
152715.7673923 28
152776.7665322 28
152837.7659298 28
152897.7648798 28
152957.763391 28
153017.7630693 28
153077.7615179 28
153137.7609113 28
153198.7602534 28
153261.7590495 28
153321.7585583 28
153383.7578409 28
153443.7567776 28
153503.7560904 28
153564.7548455 28
153624.7545488 28
153685.7528384 28
153745.7519408 28
153809.7508862 28
153870.749672 28
153932.7486297 28
153995.7475875 28
154056.7473329 28
154117.7457749 28
154178.7451329 28
154240.7451339 28
154302.743854 28
154364.7427024 28
154424.7423412 28
154485.740485 28
154545.7397111 28
154605.7394186 28
154666.7380047 28
154727.7374926 28
154788.7364067 28
154848.7358155 28
154908.7347409 28
154968.7338459 28
155028.7330823 28
155089.7316346 28
155150.7311055 28
155210.7301453 28
155271.7291677 28
155331.7287848 28
155394.7268086 28
155454.7268671 28
155514.7259911 28
155574.7245557 28
155634.7236427 28
155696.7230115 28
155757.722116 28
155818.7215905 28
155881.7198487 28
155941.7195311 28
156001.7185519 28
156062.7170539 28
156122.7166808 28
156182.7159532 28
156242.7149098 28
156303.7138866 28
156363.7122521 28
156423.7121997 28
156483.7117461 28
156545.7096913 28
156606.7094028 28
156667.7080172 28
156728.7094701 28
156788.7065336 28
156848.7059537 28
156910.7041211 28
156970.7032272 28
157031.7027032 28
157093.7023137 28
157154.7006428 28
157214.7002384 28
157274.6996728 28
157334.698569 28
157396.6974543 28
157457.6968313 28
157517.696021 28
157578.6947067 28
157639.6940191 28
157701.6921721 28
157762.6911016 28
157824.691371 28
157884.6908307 28
157944.6889196 28
158004.6876171 28
158066.6878367 ?
158128.6870356 28
158190.6859877 28
158252.6844169 28
158312.6840751 28
158372.6832073 28
158434.6818745 28
158498.6819536 28
158559.6803883 28
158619.6784937 28
158679.6784285 28
158739.6779338 28
158801.6768094 28
158863.6758821 28
158923.6745339 28
158983.6739879 28
159043.6731771 28
159105.6720768 28
159165.6706973 28
159225.6704962 28
159285.6693944 28
159345.6686774 28
159407.6666986 28
159470.6666201 28
159532.6659278 28
159592.6649866 28
159652.6630227 28
159713.6628107 28
159773.662472 28
159836.6612747 28
159898.6604321 28
159959.6601817 28
160020.6578462 28
160080.657236 28
160142.6561547 28
160202.6555502 28
160262.6542913 28
160322.6531382 28
160383.652723 28
160444.6518988 28
160504.6513087 28
160564.6500344 28
160625.6487525 28
160685.6483153 28
160745.6477225 28
160807.6469456 28
160871.6457622 28
160933.6450483 28
160993.6439327 28
161053.6427426 28
161113.6424034 28
161173.6406103 28
161235.6395891 28
161297.6400017 28
161360.6385924 28
161420.6372602 28
161482.6360583 28
161542.6357089 28
161602.6352259 28
161666.6339984 28
161726.6325425 28
161787.6313986 28
161847.6325836 28
161908.630129 28
161971.6287634 28
162031.6287459 28
162091.627327 28
162153.6312041 28
162213.6264412 28
162273.6254698 28
162334.6245368 28
162395.6233791 28
162456.6222069 28
162517.6220386 28
162577.6206407 28
162641.6188014 28
162703.6191432 28
162763.6189015 28
162824.6168493 28
162885.6151655 28
162945.6149967 28
163006.6139128 28
163067.6154991 28
163129.6124477 28
163190.616312 28
163250.6108409 28
163311.6100383 28
163371.60892 28
163432.607246 28
163493.6063885 28
163553.6074949 28
163614.6051933 28
163674.6048033 28
163734.602904 28
163794.602496 28
163858.6021111 28
163919.6002493 28
163980.5999213 28
164043.601932 28
164103.5978978 28
164164.5967642 28
164224.5963737 28
164285.5974883 28
164346.594711 28
164406.6014665 28
164466.5930174 28
164526.5917432 28
164586.5905403 28
164646.5913958 28
164706.5887744 28
164766.5881591 28
164826.5867874 28
164886.5864948 28
164946.5867874 28
165006.5839787 28
165069.5831371 28
165130.5824992 28
165191.5821615 28
165252.5824171 28
165312.5798491 28
165373.5791414 28
165435.5786313 28
165496.5775249 28
165556.5770656 28
165617.582921 28
165677.5748224 28
165737.5732398 28
165797.5729175 28
165857.5719091 28
165917.571048 28
165977.5701956 28
166039.5691512 28
166100.5683296 28
166160.5666505 28
166221.5667377 28
166283.5650498 28
166343.5658006 28
166403.5641702 28
166463.5630541 28
166525.5627015 28
166585.5605738 28
166646.5603865 28
166707.5592621 28
166767.5590199 28
166827.5581988 28
166887.5569928 28
166947.5569651 28
167009.5544171 28
167070.5532594 28
167130.5530433 28
167190.5520965 28
167250.5512482 28
167312.5504764 28
167372.549954 28
167432.5483528 28
167492.5470262 28
167555.546724 28
167616.5464997 28
167678.5449217 28
167739.5440888 28
167799.5426426 28
167860.5426729 29
167920.5411215 28
167981.539699 28
168042.5397775 28
168102.5391812 29
168162.5366763 29
168222.5357854 29
168282.5357326 29
168343.5352599 28
168403.5338984 28
168464.5338158 29
168526.5315173 29
168587.530339 29
168648.5298397 29
168708.5294999 29
168770.5276761 29
168831.527711 29
168891.5266256 29
168951.5263526 29
169011.524056 29
169071.5241274 29
169134.5230605 29
169194.5246637 29
169254.5212715 29
169314.5199424 29
169374.519872 29
169434.5187307 29
169494.5174108 29
169554.5206665 29
169614.5162731 29
169674.5195662 29
169734.5140587 29
169794.5126957 29
169855.5120516 29
169915.5117735 29
169976.5101467 29
170036.5122789 29
170097.5088016 29
170159.5100989 29
170219.5073965 29
170279.5065123 29
170339.5053925 29
170399.5037241 29
170461.5034347 29
170522.5030837 29
170582.5021256 29
170642.501053 29
170702.5005265 29
170763.4989705 29
170823.4984563 29
170883.4971939 29
170943.4963887 29
171003.4960264 29
171063.4939818 29
171123.4965934 29
171183.4928041 29
171243.4916899 29
171304.4911988 29
171364.4907103 29
171424.4895407 29
171484.488152 29
171545.4872427 29
171606.4869589 29
171666.4851714 29
171726.4951734 29
171786.4837535 29
171848.4848456 29
171908.4831782 29
171968.4810829 29
172028.4805158 29
172089.4787135 29
172151.3214416 29
172210.4775296 29
172270.4765684 29
172330.475268 29
172391.4749452 29
172451.4747512 29
172511.4731788 29
172572.4726487 29
172632.4722361 29
172692.4702085 29
172752.4697333 29
172813.468905 29
172875.6110364 29
172935.4674127 29
172996.3904568 29
173056.4666429 29
173117.4637685 29
173177.4622628 29
173237.4621525 29
173297.4610445 29
173357.4598955 29
173417.4628479 29
173478.4587711 29
173538.4581148 29
173599.45684 29
173659.4560158 29
173719.454932 29
173779.4543552 29
173839.4540991 29
173899.4530419 29
173959.4519278 29
174019.4506387 29
174080.4496261 29
174140.4489472 29
174202.4483781 29
174262.4478464 29
174322.4458681 29
174383.4453518 29
174443.4447406 29
174503.4438087 29
174563.4424456 29
174623.4416384 29
174683.4409738 29
174744.4396868 29
174804.4387435 29
174864.4416374 29
174924.437165 29
174984.4362289 29
175044.4347694 29
175104.4337107 29
175165.4339211 29
175225.4324575 29
175285.4310591 29
175345.4304987 29
175405.4296586 29
175465.4300158 29
175525.427982 29
175585.4272759 29
175645.4259329 29
175705.4400788 29
175766.423622 29
175826.4229066 29
175886.4222826 29
175947.4225736 29
176010.4208939 29
176071.4202432 29
176132.4186918 29
176192.4182361 29
176253.4204936 29
176313.4164169 29
176373.4152186 29
176433.4144473 29
176493.413211 29
176553.4133742 29
176613.411519 29
176674.4104624 29
176736.4106476 29
176796.4088633 29
176856.4128328 29
176917.4087396 29
176977.4070497 29
177037.4109381 29
177098.4051832 29
177158.404415 29
177218.4033075 29
177278.4021734 29
177338.4058899 29
177398.3998533 29
177458.3998379 29
177518.3993719 29
177578.3978662 29
177638.3969502 29
177698.3956144 29
177758.3947194 29
177818.3949051 29
177878.3930156 29
177938.3920944 29
177999.3939311 29
178060.3905615 29
178121.3901879 29
178181.3885601 29
178241.38846 29
178301.3868558 29
178362.3858413 29
178422.3852798 29
178484.3838783 29
178544.3835232 29
178605.382172 29
178665.3819713 29
178725.3808177 29
178785.379664 29
178845.3793772 29
178905.3782076 29
178965.3775985 29
179026.3762272 29
179086.3759511 29
179146.3747067 29
179206.3733349 29
179266.3774635 29
179326.3714951 29
179386.3706766 29
179446.3694486 29
179507.3691417 29
179567.3690339 29
179627.3668662 29
179687.3672378 30
179747.3657423 30
179807.368143 30
179867.3641135 30
179927.3630189 30
179988.368355 30
180049.3626447 30
180109.3600865 30
180169.359932 30
180229.3598243 30
180289.3584074 30
180349.3570859 30
180409.3562202 30
180469.3547427 30
180529.3538128 30
180590.3528152 30
180652.3555561 30
180712.3507773 30
180773.3511981 30
180834.3492834 30
180894.3527608 30
180954.3479835 30
181017.3465251 30
181078.3464301 30
181138.3452082 30
181198.3436056 30
181258.3437087 30
181318.3421835 30
181378.3418587 30
181439.3409124 30
181499.3399352 30
181559.3388535 30
181619.3383541 30
181679.3371456 30
181739.3366488 30
181799.334965 30
181859.3343944 30
181919.3338832 30
181979.3320702 30
182039.3318762 30
182099.3313081 30
182159.3303879 30
182219.3294396 30
182280.3276008 30
182340.3275572 30
182400.3258904 30
182460.3252089 30
182521.3239803 30
182582.3231977 30
182643.3225757 30
182703.3219332 30
182763.3211886 30
182823.3195028 30
182883.3187335 30
182943.317898 30
183003.3169707 30
183063.3163246 30
183123.3145336 30
183184.3145798 30
183244.3138464 30
183304.3149174 30
183365.3117732 30
183427.3111152 30
183487.3099606 30
183547.3092549 30
183607.3082229 30
183667.3074424 30
183727.3054805 30
183787.3050884 30
183847.3045624 30
183907.3033061 30
183968.3056437 30
184028.3020975 30
184089.3012267 30
184149.299487 30
184209.2996353 30
184269.2985668 30
184329.2970755 30
184391.2972587 30
184451.2950679 30
184511.2944521 30
184571.2933729 30
184632.2934899 30
184692.2921458 30
184752.2922131 30
184813.2907864 30
184873.2897821 30
184933.2890236 30
184993.2877448 30
185053.2907356 30
185113.2851321 30
185173.2851511 30
185233.2854052 30
185293.2831671 30
185353.2836341 30
185413.2810066 30
185473.2808132 30
185533.2796616 30
185593.2821808 30
185654.2772768 30
185714.2770664 30
185774.2760472 30
185834.2753914 30
185894.2745333 30
185955.2738944 30
186015.2722933 30
186076.2707978 30
186136.2699593 30
186196.2701235 30
186256.2694861 30
186317.2679532 30
186377.2674093 30
186437.2662654 30
186497.2705187 30
186557.2639714 30
186617.2630554 30
186677.2625135 30
186737.2608194 30
186797.2618089 30
186858.2593004 30
186918.2590141 30
186981.2583567 30
187042.25654 30
187102.2564368 30
187162.2557174 30
187222.2543841 30
187282.254145 30
187342.2563142 30
187403.2512116 30
187463.2506748 30
187523.2501344 30
187583.2488761 30
187644.2479118 30
187704.2474232 30
187765.2462429 30
187826.2457379 30
187886.2447152 30
187946.2441727 29
188007.2425269 29
188067.2412501 29
188127.2413004 29
188189.2396295 29
188249.2393241 29
188311.2418347 29
188371.237685 29
188431.2366494 29
188491.2352813 29
188552.234862 29
188612.2338957 29
188672.2321154 29
188732.2319964 29
188792.2313554 29
188852.2301494 29
188912.2286966 29
188973.2284831 29
189033.2275748 29
189095.2263816 29
189155.225443 29
189216.2240102 29
189277.2236386 29
189337.2229951 29
189397.2220426 29
189457.220676 29
189519.2198754 29
189580.2189686 29
189640.2181275 29
189700.2176739 29
189760.216298 29
189820.214586 29
189881.2146107 29
189941.2136546 29
190001.2122685 29
190062.2115823 29
190123.2108439 29
190184.2092894 29
190245.2092592 29
190305.2079326 29
190366.2063735 29
190426.2060805 29
190486.2051521 29
190547.2042648 29
190608.2031656 29
190669.2022259 29
190729.2007977 29
190790.200847 29
190850.2004088 28
190911.1990909 28
190971.1986696 29
191031.1986814 29
191091.1964506 29
191151.1952153 29
191212.194368 29
191272.1929604 29
191332.1920818 29
191393.1914614 29
191453.1906746 29
191513.189384 29
191573.1882221 29
191633.1880097 29
191693.1873025 29
191753.1858451 29
191815.1856023 29
191875.1848731 29
191935.1831991 29
191995.1828121 29
192056.1814707 29
192116.1810673 29
192176.1803458 29
192236.1787431 29
192297.1777306 29
192357.1816569 29
192417.176307 29
192477.1750333 29
192538.1738981 29
192598.1737441 29
192658.1727999 29
192718.1713106 29
192778.1707025 28
192838.1700487 28
192898.1685122 28
192958.1682089 28
193018.1668372 28
193078.1664251 29
193138.1659514 28
193198.1646253 28
193258.163075 28
193319.1629898 28
193379.162297 28
193440.1611203 29
193500.1594971 29
193560.1592672 28
193620.1584276 29
193680.156613 29
193741.1558632 29
193801.1594293 29
193861.1543621 29
193921.1532439 29
193982.152779 29
194043.1510044 29
194103.1509423 29
194163.1499174 29
194223.148537 29
194283.1476825 29
194344.1468547 29
194404.1467608 29
194464.1456467 29
194524.144628 29
194584.1433276 29
194644.1429838 29
194704.1415366 29
194764.1411707 29
194825.1391836 29
194886.1382573 29
194946.137328 29
195006.1368707 29
195066.1362893 29
195127.1351325 29
195187.1343181 29
195247.1338198 29
195307.1327036 29
195367.1318364 29
195428.1304328 29
195488.1298267 29
195548.1290975 29
195608.1326046 29
195668.1270114 29
195728.1265449 29
195789.1249145 29
195850.1245563 29
195911.1236054 29
195971.1229695 29
196032.1218256 29
196094.1209142 29
196154.1195738 29
196214.119563 29
196276.1185176 29
196338.117287 29
196400.1160579 29
196460.1145025 29
196520.1139842 29
196580.1140242 29
196640.1125914 29
196700.1116918 29
196760.1108927 29
196820.1105545 29
196880.1089708 29
196940.1080363 29
197000.1076904 29
197060.1065892 29
197122.105747 29
197183.1047417 29
197243.1040484 29
197304.1031272 29
197365.1015697 29
197425.1011088 29
197485.1027911 29
197545.0990253 29
197606.0984439 29
197666.0975668 29
