59.2595873 27
119.2590202 28
179.2577357 28
239.2570598 28
299.2554315 28
359.2537205 28
419.2530806 28
479.2520347 28
539.2509955 28
599.25004 28
659.2488058 28
719.2479103 28
779.2472898 28
839.2457056 28
899.2451673 28
959.2445715 29
1019.2427758 29
1079.2418716 29
1139.2405974 29
1199.2398876 29
1259.2385713 29
1319.2378477 29
1379.2436616 29
1439.2359531 29
1499.2350545 29
1559.2338793 29
1619.2327246 29
1679.2324521 29
1739.2304784 29
1799.2298954 29
1859.2284575 29
1919.2284477 29
1979.2262816 29
2039.2294479 29
2099.2249658 29
2159.2240384 29
2219.2230239 29
2279.2210651 29
2339.2214941 29
2399.2191699 29
2459.2192422 29
2519.2176524 29
2579.6497231 29
2639.5936562 29
2699.2157674 29
2759.2133278 29
2819.2125657 29
2879.2114413 29
2939.2104042 29
2999.2089395 29
3059.2085095 29
3119.2074651 29
3179.206663 29
3239.2053878 29
3299.5448 29
3359.2026309 29
3419.2017416 29
3479.2007937 29
3539.1987744 29
3599.1989155 29
3659.1994153 29
3719.1967185 29
3779.1958918 29
3839.1939166 29
3899.1941172 29
3959.1922523 29
4019.191539 29
4079.19078 29
4139.189595 29
4199.1899455 29
4259.1869814 29
4319.1857964 29
4379.1856866 29
4439.184321 29
4499.1832669 29
4559.1825387 29
4619.1815796 29
4679.1806569 29
4739.1793703 29
4799.1780114 29
4859.1825567 29
4919.1773453 29
4979.176205 29
5039.1753003 29
5099.1744833 29
5159.1727025 29
5219.1714683 29
5279.1708905 29
5339.1763487 29
5399.1689665 29
5459.1677287 29
5519.1664817 29
5579.1659311 29
5639.1651993 29
5699.1636104 29
5759.1669713 29
5819.1621381 29
5879.1612128 29
5939.1596656 29
5999.1594059 29
6059.1579931 29
6119.15682 29
6179.1560055 29
6239.1559024 29
6300.1540005 29
6360.1534268 29
6420.1524995 29
6480.1516732 29
6540.1504431 29
6600.149407 29
6660.1477551 29
6720.1477186 29
6780.1463341 29
6840.1455622 29
6900.1443024 29
6960.1440453 29
7020.1437286 29
7080.1415517 29
7140.1408717 29
7200.139228 29
7260.1385275 29
7320.1375489 29
7380.1463048 29
7440.1496533 29
7500.1348413 29
7560.1337497 29
7620.1326377 29
7680.1316211 29
7740.1309632 29
7800.1293425 29
7860.1283818 29
7920.127027 29
7980.1270358 29
8040.1258544 29
8100.1247341 29
8160.1228918 29
8220.1224689 29
8280.1218203 29
8340.1206348 29
8400.1202258 29
8460.1186298 29
8520.1180643 29
8580.1175326 29
8640.1152048 29
8700.1149733 29
8760.1145166 29
8820.1125383 29
8880.1119225 29
8940.1106369 29
9000.1099113 29
9060.1091949 29
9120.1079786 29
9180.1071391 29
9240.1057981 29
9300.1049575 29
9360.1038614 29
9420.1027472 29
9480.1023644 29
9540.1008685 29
9600.1000915 29
9660.0992884 29
9720.0991339 29
9780.097523 29
9840.0979341 29
9900.0958198 29
9960.0941011 29
10020.0932348 29
10080.0923342 29
10140.09147 29
10200.0911667 29
10260.089134 29
10320.0888871 29
10380.0876478 29
10440.0870094 29
10500.086431 29
10560.08493 29
10620.0838651 29
10680.0831805 29
10740.0826294 29
10800.0809959 29
10860.0813844 29
10920.0796714 29
10980.0776971 29
11040.0774205 29
11100.0764419 29
11160.0756146 29
11220.0747001 29
11280.0736712 29
11340.0732114 30
11400.0718381 29
11460.0709883 29
11520.0699404 29
11580.0686225 29
11640.0674817 29
11700.0675032 29
11760.066033 29
11820.0646422 29
11880.0636107 29
11940.0633105 29
12000.0625592 29
12060.0611172 29
12120.0597213 29
12180.0595468 29
12240.0585097 29
12300.0574228 29
12360.0563605 29
12420.0555209 29
12480.0552217 29
12540.0535092 29
12600.0542677 29
12660.0513795 29
12720.0499564 29
12780.0497414 29
12840.0489213 29
12900.0488608 29
12960.0468332 29
13020.045386 29
13080.0450955 29
13140.043166 29
13200.0430346 29
13260.0412667 29
13320.0406344 29
13380.0394485 29
13440.0388547 29
13500.0378571 29
13560.0363663 29
13620.0357638 29
13680.0342894 29
13740.0333005 29
13800.0329746 29
13860.0319698 29
13920.0313319 29
13980.0300993 29
14040.0287824 29
14100.02711 29
14160.0262529 29
14220.026312 29
14280.0251301 29
14340.0234171 29
14400.0227782 29
14460.0220551 29
14520.0219278 29
14580.0195862 29
14640.0191931 29
14700.0173933 29
14760.0168227 29
14820.0150527 29
14880.0149193 29
14940.0174395 29
15000.0136507 29
15060.0119705 29
15120.0114871 29
15180.0092783 29
15240.0089843 29
15300.0078378 29
15360.0093137 29
15420.0048372 29
15480.0059873 30
15540.0036502 29
15600.0026834 30
15660.0021081 29
15720.0003392 29
15780.000236 30
15839.999029 30
15899.997356 30
15959.996382 30
16019.9946685 30
16079.9954229 30
16139.9926778 30
16199.992411 30
16259.9919127 30
16319.990446 30
16379.9893278 30
16439.9881449 30
16499.986709 30
16559.9875213 30
16619.9846491 30
16679.984356 30
16739.9831516 30
16799.9816633 30
16859.980482 30
16920.3565884 30
16979.9792796 30
17039.9784929 30
17099.9772756 30
17159.9750628 30
17219.9748724 30
17279.973961 30
17339.973416 30
17399.9718194 30
17459.9708244 30
17519.9705057 30
17579.9681132 30
17639.9681922 30
17699.9667784 30
17759.9660297 30
17819.9703389 30
17879.9639123 30
17939.9622593 30
17999.9618164 30
18059.9610467 30
18119.9659317 30
18179.9583422 30
18239.9611288 30
18299.9563818 30
18359.9556043 30
18419.9549813 30
18481.953918 30
18545.9522507 29
18609.9515071 29
18669.9510611 29
18731.9495534 29
18793.9488303 29
18863.9474411 29
18935.9461263 29
18999.9448295 29
19061.94407 29
19123.9436117 29
19185.9423719 29
19251.9408816 29
19315.9396843 29
19375.9394739 29
19441.9381104 29
19505.9369198 29
19567.9357918 29
19631.9349179 29
19693.934126 29
19757.9321739 29
19819.9307282 29
19883.9304121 29
19943.9300036 29
20007.9291681 29
20069.9278457 29
20129.9265114 29
20193.9252105 29
20253.9239044 29
20313.9277702 29
20381.9216207 29
20443.9218039 29
20503.9206754 29
20563.9198969 29
20625.9189511 29
20687.9167542 29
20747.916903 29
20809.9189594 29
20873.9144864 29
20933.914782 29
20995.9126631 29
21057.9112688 29
21119.9110799 29
21179.9100048 29
21241.9091652 29
21303.9077134 29
21369.9070422 29
21431.9054749 29
21495.9052178 29
21555.9036126 29
21617.9033149 29
21679.9021408 29
21741.9002261 29
21801.9003328 29
21863.8984135 29
21929.8975493 29
21993.8969935 29
22053.8959502 29
22115.8943691 29
22179.8933638 29
22243.8923358 29
22307.8917359 29
22369.8899285 29
22429.8897786 29
22493.8891798 29
22553.887945 29
22615.8865076 29
22677.8854109 29
22737.8842824 29
22797.8843461 29
22857.8828825 29
22919.8816826 29
22981.8812382 29
23045.8793713 29
23107.8779877 29
23169.8779 29
23231.8788032 29
23291.876229 29
23351.8752309 29
23413.873503 29
23473.8729077 29
23535.8718013 29
23595.8707297 29
23657.8705445 29
23719.8688771 29
23783.868774 29
23843.86784 29
23905.8668439 29
23967.8655553 29
24029.8649703 29
24091.8648173 29
24153.8678272 29
24213.8618439 29
24275.8607801 29
24335.860466 29
24399.8590255 29
24459.857273 29
24521.8568445 29
24581.8556862 29
24641.8557658 29
24707.8545772 29
24769.8525137 29
24833.8527554 29
24901.8512806 29
24961.8500094 29
25025.8496266 29
25087.8488527 29
25147.847466 29
25207.8465798 29
25269.8460584 29
25329.8449827 29
25389.8438563 29
25451.8426021 29
25515.8416055 29
25579.8409773 29
25639.8401367 29
25699.8391011 29
25759.8379326 29
25819.8369201 29
25879.836022 29
25939.8356284 29
25999.8343911 29
26061.8338415 29
26121.8319704 29
26183.8320223 29
26247.8311832 29
26307.8295959 29
26371.8283417 29
26437.8275591 29
26499.8270141 29
26561.825998 29
26625.8246632 29
26687.8240268 29
26747.8230297 29
26809.8219064 29
26869.8212618 29
26931.8196638 29
26993.8190746 29
27059.8201349 29
27119.8175109 29
27179.8156347 29
27239.8150918 29
27299.8139813 29
27361.8172554 29
27421.8120137 29
27485.811443 29
27547.8102832 29
27607.8088628 29
27669.808462 29
27731.8077178 29
27791.806594 29
27851.8048086 29
27911.8045428 29
27973.8038525 29
28035.8022919 29
28095.8017705 29
28157.8009222 29
28217.8003459 29
28277.7986868 29
28343.7977051 29
28407.7969497 29
28467.7973495 29
28527.7966366 29
28591.7933502 29
28653.7931362 29
28715.7927452 29
28775.7903963 29
28835.7906816 29
28895.7894952 29
28956.7908936 29
29016.7898205 29
29076.7898231 29
29136.7887998 29
29196.7874044 29
29256.7865972 29
29316.7856181 29
29376.7845963 29
29436.7831614 29
29496.7830685 29
29556.7812555 29
29616.7809748 29
29676.7795999 29
29736.7789703 29
29796.7772916 29
29856.7763653 29
29916.7756884 29
29976.7749212 29
30036.7732057 29
30096.7725416 29
30156.7718719 29
30216.7700973 29
30276.7700598 29
30336.7689621 29
30396.7679963 29
30456.766643 29
30516.7662566 29
30576.7643717 29
30636.7634998 29
30696.7646832 29
30756.7608194 29
30816.7605659 29
30876.7597797 29
30936.7579523 29
30996.757845 29
31056.7567304 29
31116.7551662 29
31176.754225 29
31236.7530303 29
31296.7536867 29
31356.7513291 29
31416.7507538 29
31476.7492368 29
31536.7483403 29
31596.7477317 29
31656.7495037 29
31716.7457564 29
31776.7446772 29
31836.742722 29
31896.742607 29
31956.7416551 29
32016.74033 29
32076.7385636 29
32136.7377282 29
32196.7405538 29
32256.7360711 29
32316.7355117 29
32376.7345962 29
32436.7328426 29
32496.7324844 29
32556.731398 29
32616.7299426 29
32676.7294762 29
32736.7279653 29
32796.7276035 29
32856.7256247 29
32916.725307 29
32976.7238126 29
33036.7234857 29
33096.7259788 29
33156.7203589 29
33216.7200859 29
33276.7191812 29
33336.7186859 29
33396.7167789 29
33456.7153928 29
33516.7149838 29
33576.7140047 29
33636.7126842 29
33696.712111 29
33756.7111072 29
33816.7102702 29
33876.7087712 29
33936.7076884 29
33996.7070715 29
34056.7061334 29
34116.7044379 29
34176.7063695 29
34236.7024678 29
34296.7017945 29
34356.7007701 29
34416.6999331 29
34476.6990073 29
34536.6981308 29
34596.69664 29
34656.696112 29
34716.6950887 29
34776.6940874 29
34836.6920686 29
34896.6914682 29
34956.6903412 29
35016.6901436 29
35076.6885486 29
35136.6880272 29
35196.6864076 29
35256.6864795 29
35316.6844929 29
35376.6835533 29
35436.6824284 29
35496.6810125 29
35556.6808904 29
35616.6791579 29
35676.6782203 29
35736.6779175 29
35796.6763333 29
35856.6753182 29
35916.6742416 29
35976.6734405 29
36036.6723489 29
36096.6719307 29
36156.6707514 29
36216.669839 29
36276.6679427 29
36336.6679412 29
36396.6662354 29
36456.6650443 29
36516.6646481 29
36576.6637854 29
36636.6627339 29
36696.6612159 29
36756.6601177 29
36816.659255 29
36876.6595096 29
36936.6575543 29
36996.6566809 29
37056.6548796 29
37116.6544983 29
37176.653511 29
37236.6526657 29
37296.651724 29
37356.6497077 29
37416.6490663 29
37476.6482672 29
37536.6469909 29
37596.6465665 29
37656.6452215 29
37716.6438579 29
37776.6431621 29
37836.6412002 29
37896.6410134 29
37956.6397576 29
38016.6384572 29
38076.6371794 29
38136.6362377 29
38196.6369479 29
38256.6352729 29
38316.6337918 29
38376.6335363 29
38436.6319675 29
38496.630686 29
38556.6296735 29
38616.6288417 29
38676.6274637 29
38736.6268346 29
38796.6261218 29
38856.6244149 29
38916.6255624 29
38976.6221348 29
39036.6221164 29
39096.6200508 29
39156.6195617 29
39216.6185538 29
39276.6175896 29
39336.6163369 29
39396.6158647 29
39456.6148789 29
39516.6135369 29
39576.6127046 29
39636.6115868 29
39696.6099677 29
39756.6097394 29
39816.6079756 29
39876.6073839 29
39936.6060321 29
39996.6046173 29
40056.6041036 29
40116.6035878 29
40176.6017127 29
40236.6013873 29
40296.6006355 29
40356.5992986 29
40416.5978263 29
40476.5975312 29
40536.5964854 29
40596.5946009 29
40656.594176 29
40716.5930999 29
40776.5927509 29
40836.5912386 29
40896.5899012 29
40956.5888091 29
41016.5881112 29
41076.5867425 29
41136.5866574 29
41196.5848463 29
41256.5833678 29
41316.5832318 29
41376.5889995 29
41436.5813033 29
41496.5797191 29
41556.5788693 29
41616.5784331 29
41676.577147 29
41736.577166 29
41796.5753016 29
41856.5739709 29
41916.572514 29
41976.5717889 29
42036.5705762 29
42096.5698049 29
42156.5682699 29
42216.5682889 29
42276.5669952 29
42336.5668299 29
42396.564634 29
42456.5633701 29
42516.5624391 29
42576.5615211 29
42636.5611105 29
42696.5594344 29
42756.5586795 29
42816.5577692 29
42876.5562306 29
42936.5567941 29
42996.5545633 29
43056.5539839 29
43116.552468 29
43176.5516176 29
43236.5502659 29
43296.5486499 29
43356.5482465 29
43416.5480982 29
43476.5501448 29
43536.5454938 29
43596.544431 29
43656.5428103 29
43716.5424234 29
43776.5415761 29
43836.5399904 29
43896.5391175 29
43956.5382882 29
44016.5417173 29
44076.5359634 29
44136.5355503 29
44196.5342679 29
44256.5328335 29
44316.5316378 29
44376.5306853 29
44436.5298981 29
44496.529525 29
44556.527442 29
44616.5275918 29
44676.5264223 29
44736.525498 29
44796.5245163 29
44856.5232729 29
44916.5222722 29
44976.5209343 29
45036.5203862 29
45096.5191063 29
45156.5181231 29
45216.5166595 29
45276.5163433 29
45336.5153077 29
45396.5139981 29
45456.512885 29
45516.5119382 29
45576.5106906 29
45636.5095308 29
45696.5133581 29
45756.5077213 29
45816.5068207 29
45876.5063321 29
45936.5121732 28
45996.5037154 29
46056.5026429 29
46116.501929 29
46176.5000338 29
46236.4995843 29
46296.4983311 29
46356.4979123 29
46416.4966119 29
46476.4955034 29
46536.4948512 29
46596.4937719 28
46656.4932998 29
46716.4915699 29
46776.4913559 28
46836.4889834 28
46896.4884353 28
46956.4880602 28
47016.4869568 28
47076.4860372 28
47136.4848317 28
47196.4831813 28
47256.4834569 29
47316.4816572 29
47376.4802023 29
47436.48169 29
47496.4782373 29
47556.4777431 29
47616.4764242 29
47676.4758289 29
47736.4736607 29
47796.4734298 29
47856.4719975 29
47916.4707638 29
47976.4709306 29
48036.4696979 29
48096.4681522 29
48156.4676847 29
48216.4666635 29
48276.4657254 29
48336.4637748 29
48396.4633858 29
48456.4622875 29
48516.4616384 29
48576.4603533 29
48636.45929 29
48696.4606135 29
48756.4569422 29
48816.4566487 29
48876.4558543 29
48936.4548187 29
48996.4530682 29
49056.4519392 29
49116.4513531 29
49176.4506157 29
49236.4496401 29
49296.447573 29
49356.4470793 29
49416.4472733 29
49476.4454294 29
49536.4445134 28
49596.4433356 28
49656.4422 28
49716.4422071 28
49776.439692 28
49836.4389761 28
49896.4383752 28
49956.4379949 28
50016.436616 28
50076.4366883 28
50136.4347485 28
50196.4333167 28
50256.4323427 28
50316.4349091 28
50376.4303269 28
50436.428948 28
50496.4280956 28
50556.4273053 28
50616.4253023 28
50676.4254291 28
50736.423888 28
50796.4225383 28
50856.4222227 28
50916.4211517 28
50976.4201607 28
51036.4189886 28
51096.4178791 28
51156.4163442 28
51216.41554 28
51276.4142904 28
51336.4138301 28
51396.4131999 28
51456.4126426 28
51516.4111923 28
51576.409915 28
51636.4092499 28
51696.4078289 28
51756.406957 28
51816.4056766 28
51876.40435 28
51936.4042145 28
51996.4030563 28
52056.4016871 28
52116.4009609 28
52176.3996477 28
52236.3990729 28
52296.3978695 28
52356.3961478 28
52416.3957906 28
52476.3948351 28
52536.3938898 28
52596.3927377 28
52656.3923646 28
52716.3908902 28
52776.3893435 28
52836.3880174 28
52896.387788 28
52956.3864337 28
53016.3847161 28
53076.3842999 28
53136.3830847 28
53196.382727 28
53256.3810401 28
53316.3805275 28
53376.3796032 28
53436.3792404 28
53496.3776367 28
53556.376033 28
53616.3750954 28
53676.3741953 28
53736.3736272 28
53796.3725947 28
53856.3710279 28
53916.3706415 28
53976.369474 28
54036.3679524 28
54096.3674218 28
54156.3656076 28
54216.3682526 28
54276.363851 28
54336.3633758 28
54396.361475 28
54456.3619748 28
54516.3603865 28
54576.359044 28
54636.3581464 28
54696.3572125 28
54756.3562143 28
54816.3548297 28
54876.3538696 28
54936.3526703 28
54996.3522695 28
55056.3508762 28
55116.3491616 28
55176.3492001 28
55236.3477078 28
55296.3471114 28
55356.3524727 28
55416.345187 28
55476.3432923 28
55536.34252 28
55596.3415449 28
55656.3405334 28
55716.3400095 28
55776.3383113 28
55836.3373342 28
55896.3370689 28
55956.3350454 28
56016.3366974 28
56076.3329003 28
56136.3330789 28
56196.3317729 28
56256.3303211 28
56316.3297504 28
56376.3278496 28
56436.3275206 28
56496.3266467 28
56556.3252303 28
56616.3241433 28
56676.3231329 28
56736.3226587 28
56796.3211012 28
56856.3204263 28
56916.3193748 28
56976.3185917 28
57036.3175248 28
57096.3160838 28
57156.3155844 28
57216.3136359 28
57276.313639 28
57336.3120271 28
57396.3111408 28
57456.3105809 28
57516.3087647 28
57576.3082505 28
57636.3073016 28
57696.3063066 28
57756.3077594 28
57816.3036165 28
57876.3036498 28
57936.3019532 28
57996.3014986 28
58056.3003393 28
58116.2992575 28
58176.2977805 28
58236.297255 28
58296.2960039 28
58356.2966967 28
58416.2933384 28
58476.2933748 28
58536.2912379 28
58596.2911394 28
58656.2903871 28
58716.2888588 28
58776.2880387 28
58836.286646 28
58896.2858254 28
58956.2853661 28
59016.2835304 28
59076.2828135 28
59136.2852337 28
59196.2806627 28
59256.2800803 28
59316.2781132 28
59376.2773594 28
59436.2763761 28
59496.2757043 28
59556.2740026 28
59616.2733216 28
59676.2727438 28
59736.2717821 28
59796.2709918 28
59856.2699526 28
59916.2683638 28
59976.2672671 28
60036.2663279 28
60096.26567 28
60156.263837 28
60216.2636209 28
60276.2621383 28
60336.2614937 28
60396.2607666 28
60456.2588344 28
60516.2577721 28
60576.2571373 28
60636.2561263 28
60696.2554387 28
60756.25516 28
60816.253662 28
60876.2522508 28
60936.2515328 28
60996.2507425 28
61056.249302 28
61116.2482885 28
61176.2468772 28
61236.2461598 28
61296.2457508 28
61356.2444186 28
61416.2435 28
61476.2421174 28
61536.2403598 28
61596.2403475 28
61656.2387843 28
61716.2380884 28
61776.2410043 28
61836.2362692 28
61896.2345664 28
61956.2339773 28
62016.2330772 28
62076.23204 28
62136.2311358 28
62196.2302182 28
62256.2291534 28
62316.2278529 28
62376.2270555 28
62436.2255944 28
62496.2237983 28
62556.2239984 28
62616.2226883 28
62676.2215428 28
62736.2210805 28
62796.2195306 28
62856.218143 28
62916.2179351 28
62976.2160364 28
63036.2153076 28
63096.2143136 28
63156.2135187 28
63216.2126319 28
63276.2119801 28
63336.2104914 28
63396.2091576 28
63456.2085813 28
63516.2073271 28
63576.2059692 28
63636.2050147 28
63696.2044055 28
63756.2034731 28
63816.2024626 28
63876.2018001 28
63936.2042855 28
63996.1992485 28
64056.1978009 28
64116.1973451 28
64176.1967545 28
64236.1955644 28
64296.1951805 28
64356.1925756 28
64416.1929436 28
64476.1915231 28
64536.1905039 28
64596.1893312 28
64656.1911982 28
64716.1864138 28
64776.185778 28
64836.1854203 28
64896.1838971 28
64956.1834804 28
65016.1824299 28
65076.1814677 28
65136.1802048 28
65196.1788289 28
65256.1775691 28
65316.1770477 28
65376.1763236 28
65436.1751422 28
65496.1747193 28
65556.1723423 28
65616.1724331 28
65676.1711799 28
65736.1694623 28
65796.1692493 28
65856.1681377 28
65916.1673531 28
65976.1663149 28
66036.1645398 28
66096.1638675 28
66156.1631896 28
66216.1613704 28
66276.1607089 28
66336.160284 28
66396.1593069 28
66456.1602855 28
66516.1570509 28
66576.1559383 28
66636.1553333 28
66696.1584842 28
66756.1531902 28
66816.1522526 28
66876.151429 28
66936.1501014 28
66996.1489385 28
67056.1481107 28
67116.1471629 28
67176.1456936 28
67236.1451481 28
67296.143121 28
67356.1422876 28
67416.1437255 28
67476.1425262 28
67536.1396319 28
67596.1389319 28
67656.1378003 28
67716.1365918 28
67776.1355125 28
67836.134848 28
67896.1356788 28
67956.1328589 28
68016.1318325 28
68076.129867 28
68136.1292229 28
68196.1281879 28
68256.1267073 28
68316.126501 28
68376.1255732 28
68436.1238484 28
68496.1230822 28
68556.1223878 28
68616.1209401 28
68676.1198568 28
68736.1193241 28
68796.1180217 28
68856.1169927 28
68916.1165098 28
68976.1155209 28
69036.1139547 28
69096.1136303 28
69156.1125224 28
69216.1113143 28
69276.1102264 28
69336.1091159 28
69396.1077924 28
69456.1069446 28
69516.1061127 28
69576.1054769 28
69636.1041693 28
69696.1023829 28
69756.1022217 28
69816.1008023 28
69876.1002875 28
69936.0984216 28
69996.0983631 28
70056.1001864 28
70116.0962811 28
70176.0943325 28
70236.0942571 28
70296.0932205 28
70356.0913135 28
70416.0913843 28
70476.0903128 28
70536.0886023 28
70596.0889846 28
70656.0865614 28
70716.0875262 28
70776.0842182 28
70836.0840083 28
70896.0825072 28
70956.0812735 28
71016.0801332 28
71076.0799239 28
71136.0781616 28
71196.0779784 28
71256.0768335 28
71316.0759528 28
71376.0745518 28
71436.0736881 28
71496.0729779 28
71556.0717709 28
71616.0707943 28
71676.0697782 28
71736.0678414 28
71796.0677506 28
71856.0666637 28
71916.0658539 28
71976.0647967 28
72036.0632063 28
72096.0618284 28
72156.0615698 28
72216.0601878 28
72276.0596048 28
72336.0574864 28
72396.0570256 28
72456.0562127 28
72516.0551535 28
72576.0537253 28
72636.0534353 28
72696.0517685 28
72756.0510895 28
72816.052763 28
72876.0491548 28
72936.048421 28
72996.0464201 28
73056.0459793 28
73116.0452516 28
73176.0439758 28
73236.0428268 28
73296.0419128 28
73356.040695 28
73416.0394166 28
73476.0393022 28
73536.037972 28
73596.0369539 28
73656.0355667 28
73716.0350915 28
73776.0335899 28
73836.0322885 28
73896.0311539 28
73956.0311965 28
74016.0297672 28
74076.0291093 28
74136.0280614 28
74196.0267482 28
74256.026179 28
74316.0247704 28
74376.0234987 28
74436.0227576 28
74496.02213 28
74556.0214008 28
74616.0191453 28
74676.0186306 28
74736.0175447 28
74796.0168909 28
74856.0147325 28
74916.0142649 28
74976.0137749 28
75036.0125288 28
75096.0119156 28
75156.0104104 28
75216.0095457 28
75276.0082094 28
75336.0079353 28
75396.0085003 28
75456.0073272 28
75516.0047171 28
75576.0048988 28
75636.0021995 28
75696.0028794 28
75756.0007061 28
75815.999185 28
75875.9980729 28
75935.9979462 28
75995.9964338 28
76055.9950169 28
76115.9972878 28
76175.9935564 28
76235.9918809 28
76295.9915062 28
76355.9901396 28
76415.9891025 28
76475.9880063 28
76535.9880458 28
76595.98564 28
76655.9850221 28
76715.9848292 28
76775.9831429 28
76835.9821786 28
76895.9812056 28
76955.9802649 28
77015.9791195 28
77075.9780315 28
77135.977078 28
77195.9752942 28
77255.9751454 28
77315.973788 28
77375.9731866 28
77435.9722182 28
77495.9710979 28
77555.9702009 28
