63.5341388 S
123.5341788 0
183.5368566 32
243.5320681 32
303.5312291 32
363.5306871 33
423.5291296 33
483.5280345 33
543.5260295 33
603.5247316 33
663.5257518 34
723.5233958 34
783.5217377 34
843.5212717 34
903.5210146 34
963.519727 34
1023.5187992 34
1083.5187048 35
1143.5159957 35
1203.5189901 35
1263.5150848 35
1323.5137089 35
1383.5586331 35
1443.5131306 35
1503.5108905 35
1563.512137 35
1623.5084123 35
1683.5075066 35
1743.5061543 35
1803.505751 35
1863.5049868 35
1923.5038717 35
1983.5068497 35
2043.502385 36
2103.5008105 36
2163.4995353 36
2223.4990057 36
2283.498105 36
2343.4970761 36
2403.4956756 36
2463.8355052 36
2523.4939544 36
2583.4927566 36
2643.4926442 36
2703.4925098 36
2763.4897837 36
2823.4890206 36
2883.4885351 36
2943.4876396 36
3003.4865645 36
3063.4847653 36
3123.4841402 36
3183.4836799 36
3243.4823194 36
3303.481291 36
3363.4820079 36
3423.4793799 36
3483.4786728 36
3543.4778994 36
3603.4769033 36
3663.4760499 36
3723.4750502 36
3783.474479 36
3843.4729374 36
3903.4728373 36
3963.4714835 36
4023.470918 36
4083.4695981 36
4143.4685758 36
4203.4751384 36
4263.4665729 36
4323.4660884 36
4383.4650959 36
4443.4648599 36
4503.4633603 36
4563.46257 36
4623.4613502 36
4683.4601206 36
4743.459357 36
4803.4579955 36
4863.4572216 36
4923.4596993 36
4983.4548697 36
5043.4533953 36
5103.4533697 37
5163.451653 37
5223.4512738 37
5283.4503798 37
5343.4492862 37
5403.4478981 37
5463.4475199 37
5523.4471001 37
5583.445873 37
5643.4446116 37
5703.4430433 37
5763.4422654 37
5823.442097 37
5883.4404887 37
5943.4394387 37
6003.4389168 37
6063.438126 37
6123.4369339 37
6183.4361169 37
6243.4355524 37
6303.4337896 37
6363.4335443 37
6423.4326334 37
6483.4309589 37
6543.4299489 37
6603.4301378 37
6663.4284535 37
6723.4274122 37
6783.4261585 37
6843.425086 37
6909.4239554 37
