67.8252169 0
132.821696 28
194.819634 28
255.8187662 28
322.8188196 29
391.8161182 29
459.8160063 29
525.8143933 29
593.8137945 29
661.8127342 29
731.8120055 28
797.8112137 28
862.8090706 28
927.8074428 28
992.8072965 28
1052.8057339 28
1114.8052961 28
1176.8041291 28
1241.802721 28
1303.8018639 28
1365.8010736 28
1430.8002556 28
1491.7991143 28
1556.7976497 28
1617.7963118 28
1682.79523 28
1742.7956611 28
1803.7930705 29
1866.7925938 29
1927.7908572 29
1991.7901084 29
2055.7897143 29
2115.7886664 29
2179.7876231 29
2243.7864222 29
2308.7848052 29
2369.7848185 29
2432.7835263 29
2495.7825384 29
2557.7814125 29
2619.7796189 29
2680.7806396 29
2742.777324 29
2808.7773075 29
2872.7759851 29
2932.7746344 29
2995.7742633 29
3056.7725868 29
3117.772092 29
3177.7708378 29
3237.7702092 29
3297.7716117 29
3363.7714567 29
3424.7663033 29
3490.766797 29
3552.7649198 29
3617.763586 29
3680.7622533 29
3744.7621173 29
3807.7615056 29
3871.7594005 29
3934.7901874 29
3996.7577357 29
4057.7560222 29
4117.7560068 29
4177.7546443 29
4238.7564117 29
4299.7529482 29
4361.7521045 29
4422.7510089 29
4484.7502801 29
4545.7492286 29
4605.7479503 29
4665.7462727 29
4725.7461418 29
4788.7446515 29
4851.7440722 29
4915.7426824 29
4977.7415365 29
5039.7409361 29
5103.7393252 29
5166.7400452 29
5228.7372201 29
5288.7366915 29
5349.7367038 29
5410.7346475 29
5471.7346501 29
5531.7330684 29
5594.7324347 29
5657.7309962 29
5718.7331844 29
5782.7293556 29
5844.7281485 29
5904.7271812 29
5965.7259383 29
6025.7252957 29
6086.7248211 29
6146.7229089 29
6207.7218333 29
6270.7205185 29
6332.7202111 29
6393.7196825 29
6455.7186459 29
6515.7176046 29
6579.7185643 29
6643.7150731 29
6704.7145112 29
6767.713161 29
6829.7129136 29
6897.7111791 29
6957.7110118 29
7018.7098889 29
7079.7081359 29
7139.710048 29
7202.7072783 29
7262.707733 28
7324.7053703 28
7385.7035865 28
7446.7035321 28
7506.7037292 28
7568.7016354 28
7629.7011781 29
7689.6995667 29
7752.70419 29
7812.6985106 29
7872.6977593 29
7932.6951215 29
7993.6950122 29
8055.6939094 29
8115.6928327 29
8183.692746 29
8245.691033 29
8305.6894888 29
8365.6882099 29
8427.6880714 29
8487.6871122 29
8547.6853325 29
8607.6849651 29
8669.684046 29
8732.6826414 29
8793.6812866 29
8855.6851991 29
8915.682392 29
8980.6785154 29
9041.6776999 29
9104.6767834 29
9171.675795 29
9234.6742067 29
9296.6734533 29
9359.6722679 29
9420.6713272 29
9481.6697502 29
9542.6690497 29
9603.6681932 29
9664.6673002 29
9727.6656021 29
9787.6652988 29
9849.669395 29
9911.6633857 29
9971.9922288 29
10032.6660029 29
10094.6610147 29
10155.6594839 29
10217.6577427 29
10278.6557972 29
10338.6564874 29
10398.6571484 29
10458.656022 29
10520.6555945 29
10580.6511749 29
10641.6517415 29
10703.6496749 29
10765.6482719 29
10826.6480317 29
10888.6463207 29
10949.644445 29
11009.6442403 29
11071.6423574 29
11133.7106094 29
11193.8135153 29
11254.7186274 29
11314.66727 29
11376.153514 29
11436.6380143 29
11497.7250874 29
11557.6370105 29
11617.6368838 29
11681.6332725 29
11741.6316016 29
11802.6302016 29
11862.6302621 29
11922.8773026 29
11983.6760403 29
12043.8265912 29
12104.8289945 29
12167.62428 29
12229.4486445 29
12288.6252981 29
12348.6291814 29
12413.6202396 29
12473.6189007 29
12533.6184317 29
12593.6174638 29
12654.6159833 29
12714.6216468 29
12774.6137263 29
12837.6131988 29
12897.6109033 29
12959.6098646 29
13020.6089804 29
13081.6089809 30
13141.6542191 30
13204.6067018 30
13265.6093222 30
13326.6048769 30
13386.602154 30
13446.6018435 30
13507.6007935 30
13571.7174425 30
13631.819713 30
13692.6224345 30
13752.8748301 30
13812.5962149 30
13873.595421 30
13934.7378975 30
13994.5932641 30
14056.5974496 30
14116.7514825 30
14179.5883098 30
14239.5876729 30
14299.9960125 30
14360.5854878 30
14421.5868816 30
14481.5852143 30
14542.5849336 30
14602.5829706 30
14664.6026574 30
14723.5925 30
14784.5791669 30
14845.5779106 30
14905.5771968 30
14965.5801676 30
15025.5757306 30
15086.581194 30
15146.5746755 30
15209.0046037 30
15268.57016 30
15333.6019036 30
15394.5684475 30
15454.9171991 30
15516.5693851 30
15576.5681458 30
15637.563193 30
15697.5643148 30
15757.5987434 30
15820.561189 30
15881.247863 30
15942.7160733 30
16002.5603613 30
16062.5559371 30
16122.5972757 30
16182.5555989 30
16242.5553485 30
16302.5528231 30
16363.5514098 30
16424.5571528 30
16484.5486868 30
16546.5485016 30
16606.5462148 30
16667.5455856 30
16727.5463975 30
16787.5454019 30
16847.5507734 30
16907.5417763 30
16967.5411861 30
17027.9745475 30
17087.5408248 30
17147.5391195 30
17208.5374691 30
17268.5389224 30
17328.539916 30
17389.5341724 30
17450.5364232 30
17512.5317291 30
17572.5300608 30
17633.5303092 30
17694.530965 30
17754.5272167 30
17814.5260923 30
17874.5257772 30
17936.5306391 30
17996.5318077 30
18057.5221038 30
18118.5209574 30
18179.5257808 30
18239.5200331 30
18300.5171778 30
18360.520185 30
18420.5195364 30
18481.5166271 30
18541.5138308 30
18602.5125689 30
18663.5122014 30
18723.7239384 30
18787.7457939 30
18848.9478691 30
18909.5072061 30
18970.5110262 30
19031.509868 30
19093.5079425 30
19154.5044144 30
19214.5074606 30
19274.5002971 30
19334.5005629 29
19395.7658507 30
19456.4979852 30
19516.6114544 30
19576.8065021 30
19638.494456 30
19698.4935446 30
19759.3536653 30
19819.4920964 29
19880.4897173 29
19941.4895725 29
20002.488948 30
20062.4879889 29
20123.4911932 29
20184.4853685 29
20244.4833651 29
20305.4823874 29
20368.4820842 29
20429.4808176 29
20490.4797286 29
20550.479742 29
20613.4775763 29
20674.4774244 29
20734.4761661 29
20795.47546 29
20855.4745137 29
20916.4726919 29
20977.4714592 29
21037.4711682 29
21098.4699776 29
21159.4686895 29
21220.46762 29
21281.4674112 29
21342.4672459 29
21402.4654734 29
21463.4640077 29
21524.4631918 29
21584.4621895 29
21646.4617348 29
21708.4604734 29
21769.4593685 29
21830.4575842 29
21890.45738 29
21950.4563095 29
