59.3153107 31
119.3155781 31
179.3140893 31
239.3138302 31
299.3131913 31
359.3096549 31
419.3084284 31
479.308141 31
539.3073825 31
599.3065794 31
659.3046088 31
719.3042341 31
779.3030389 31
839.3033971 31
899.3015604 31
959.3004227 31
1019.3009811 31
1079.29876 31
1139.2979594 31
1199.2972086 31
1259.2958908 31
1319.2962839 31
1379.2941341 31
1439.2936497 31
1499.292279 31
1559.2922974 31
1619.2911269 31
1679.2905054 31
1739.2897413 31
1799.2883757 31
1859.2874088 31
1919.2866894 31
1979.2857425 31
2039.2851447 31
2099.2844678 31
2159.2828574 31
2219.2817274 31
2279.2809889 31
2339.2801298 31
2399.2801724 31
2459.2775885 31
2519.2774366 31
2579.276168 31
2639.2749708 31
2699.2754619 31
2759.2748543 31
2819.2739962 31
2879.2733045 30
2939.2743473 30
2999.2727713 30
3059.2687207 30
3119.2683861 30
3179.2672022 30
3239.2667367 30
3299.2657945 30
3359.2699688 30
3419.2641862 30
3479.2650976 30
3539.2622458 30
3599.2610942 30
3659.260093 30
3719.2585078 30
3779.2585427 30
3839.2576703 30
3899.2561348 30
3959.2556442 30
4019.2549417 30
4079.2535699 30
4139.2527016 30
4199.2518051 30
4259.2510574 30
4319.2504467 30
4379.2499797 30
4439.2488563 30
4499.2477345 30
4559.2471531 30
4619.2467764 30
4679.2454318 30
4739.2450264 30
4799.2438538 30
4859.2429213 30
4919.2422727 30
4979.2413212 30
5039.240826 30
5099.240087 30
5159.2395974 30
5219.2388538 30
5279.2379886 30
5339.2373702 30
5399.2361622 30
5459.2353847 30
5519.2345631 30
5579.2330943 30
5639.2330507 30
5699.2324298 30
5759.2314321 30
5819.2301333 30
5879.2299655 30
5939.2291048 30
5999.2275673 30
6059.2264825 30
6119.2262649 30
6179.2261366 30
6239.2246514 30
6299.2241516 30
6359.2230277 30
6419.2225612 30
6479.2211828 30
6539.2205398 30
6599.2197366 30
6659.218876 30
6719.2183167 30
6779.2167761 30
6839.2168803 30
6899.2161043 30
6959.2152647 30
7019.214147 30
7079.2126634 30
7139.2126752 30
7199.2117848 30
7259.2111834 30
7319.210116 30
7379.2084558 30
7439.2080755 30
7499.2076368 30
7559.2069014 30
7619.2062399 30
7679.2043796 30
7739.2042631 30
7799.203559 30
7859.2024413 30
7919.2022437 30
7979.200602 30
8039.2003146 30
8099.1993242 30
8159.198423 30
8219.1972114 30
8279.1967352 30
8339.1958699 30
8399.1949339 30
8459.1943812 30
8519.1938023 30
8579.1925517 30
8639.1919451 30
8699.1903994 30
8759.190189 30
8819.1889281 30
8879.1884636 30
8939.1879618 30
8999.1874691 30
9059.1864006 30
9119.1849011 30
9179.184915 30
9239.1837916 30
9299.1831866 30
9359.1820155 30
9419.1809706 30
9479.1806735 30
9539.1790554 30
9599.181823 30
9659.1781676 30
9719.1765911 30
9779.1763458 30
9839.1756089 30
9899.1751039 30
9959.1741381 30
10019.1726309 30
10079.1718323 30
10139.1716558 30
10199.1699094 30
10259.16968 30
10319.1681898 30
10379.1682472 30
10439.1671988 30
10499.1669899 29
10559.1658517 29
10619.1652328 29
10679.1642469 29
10739.1626622 29
10799.1624236 29
10859.1609112 29
10919.1600337 29
10979.1597946 29
11039.1587964 29
11099.1583484 29
11159.1566102 29
11219.1557455 29
11279.1552534 29
11339.1580692 29
11399.157846 29
11459.1530405 29
11519.1523688 29
11579.1518068 29
11639.1502611 29
11699.1494723 29
11759.1490977 29
11819.1483598 29
11879.1470583 29
11939.1469449 29
11999.1453869 29
12059.1451262 29
12119.1438776 29
12179.1433967 29
12239.1416606 29
12299.1419927 29
12359.1410022 29
12419.140158 29
12479.1387822 29
12539.1385913 29
12599.1370507 29
12659.1364739 29
12719.1361993 29
12779.1352335 29
12839.1336385 29
12899.1331033 29
12959.1327138 29
13019.131751 29
13079.1310552 29
13141.1300539 29
13201.1287161 29
13261.1286709 29
13321.1277877 29
13381.1263174 29
13441.1261845 29
13501.124336 29
13561.1237828 29
13621.1232563 29
13681.1223977 29
13741.1212923 29
13801.1202434 29
13861.1197533 29
13921.1186894 29
13981.1220765 29
14041.1174203 29
14101.116435 29
14161.1157325 29
14221.1150787 29
14281.1142432 29
14341.1137567 29
14401.1125235 29
14461.11192 29
14521.1106242 29
14581.1099761 29
14641.1095393 29
14701.108319 29
14761.107832 29
14821.1065901 29
14881.1061061 29
14941.1054349 29
15001.1035828 29
15061.103631 29
15121.102385 29
15181.1016445 29
15241.1004046 29
15301.0994245 29
15361.0984515 29
15421.0980337 29
15481.097032 29
15541.0965245 29
15601.0960549 29
15661.0955864 29
15721.093821 29
15781.0930661 29
15841.0924457 29
15901.0915306 29
15961.0906136 29
16021.0902744 29
16081.0895421 29
16141.088664 29
16201.0878193 29
16261.0870664 29
16321.0863295 29
16381.085531 29
16441.0835994 29
16501.0837415 29
16561.0828599 29
16621.0814763 29
16681.0812048 29
16741.0804833 29
16801.0786677 29
16861.0781842 29
16921.0780513 29
16981.0770537 29
17041.0756927 29
17101.0752196 29
17161.0747854 29
17221.0730662 29
17281.0731386 29
17341.0723196 29
17401.0707569 29
17461.0698932 29
17521.0695253 29
17581.0685425 29
17641.0673032 29
17701.0665293 29
17761.0653808 29
17821.0651596 29
17881.0644617 29
17941.0633655 29
18001.0629873 29
18061.0623617 29
18121.060874 29
18181.0604768 29
18241.0594899 29
18301.0585554 29
18361.0581233 29
18421.0572314 29
18481.0565222 29
18541.0557755 29
18601.0549518 29
18661.0539619 29
18721.0529212 29
18781.0523259 29
18841.0506595 29
18901.0501017 29
18961.0488495 29
19021.0491169 29
19081.0476189 29
19141.0473018 29
19201.0461676 29
19261.0453265 29
19321.0448385 29
19381.0434011 29
19441.0433051 29
19501.0421894 29
19561.0415746 29
19621.0407094 29
19681.039255 29
19743.0386351 29
19803.0382713 29
19863.037248 29
19923.0358003 29
19983.0355257 29
20043.0342658 29
20103.0342746 29
20163.0328582 29
20223.03147 29
20283.031469 29
20343.0307362 29
20403.0293788 29
20463.0284268 29
20523.0272106 29
20583.0273989 29
20643.0257947 29
20703.0247904 29
20763.0249387 29
20823.0239128 29
20883.0235367 29
20943.0224215 29
21003.0211832 29
21063.0237378 29
21123.0193763 29
21183.0190889 29
21243.0176274 29
21303.0174806 29
21363.0161242 29
21423.0154304 29
21483.0145133 29
21543.013644 29
21603.0130282 29
21663.0119685 29
21723.011678 29
21783.010317 29
21843.009481 29
21903.0090731 29
21963.0085039 29
22023.0075161 29
22083.0067648 29
22143.0056624 29
22203.0045986 29
22263.0040603 29
22323.0031637 29
22383.0025654 29
22443.000837 29
22503.0007169 29
22562.9996956 29
22622.9986877 29
22682.9979621 29
22742.9976239 29
22802.9961459 29
22862.9952207 29
22922.9951601 29
22982.9934281 29
23042.9923992 29
23102.9923715 29
23162.9919224 29
23222.9903849 29
23282.9900898 29
23344.9884856 29
23404.9883229 29
23464.9872488 29
23524.9869035 29
23584.9852602 29
23644.9853711 29
23704.9841251 29
23764.9835103 29
23824.9824377 29
23884.9813934 29
23944.9808248 29
24004.9797651 29
24064.9784323 29
24124.978517 29
24184.9776271 29
24244.9768779 29
24304.9757176 29
24365.0387039 29
24424.9735057 29
24484.9734436 29
24544.9723911 29
24604.9720242 29
24664.9707869 29
24724.9701947 29
24784.9683431 29
24844.9677339 29
24904.9670801 29
24964.9661374 29
25024.9656663 29
25084.9652301 29
25144.9643664 29
25204.9631137 29
25264.9620463 29
25324.9615547 29
25384.9603005 29
25444.960244 29
25504.9587101 29
25564.9575883 29
25624.9570971 29
25684.9566117 29
25744.9553626 29
25804.9552317 29
25864.9544866 29
25924.9531672 29
25984.9527443 29
26044.9518237 29
26104.9512556 29
26164.9501933 29
26224.9493183 29
26284.9482231 29
26344.9472204 29
26404.9506356 29
26464.9453632 29
26524.9448243 29
26584.9442562 29
26644.94314 29
26704.9424857 29
26764.9413788 29
26824.9405156 29
26884.9398382 29
26944.9385311 29
27004.9383402 29
27064.937923 29
27124.9369274 29
27184.936036 29
27244.9353704 29
27304.9335235 29
27364.9326387 29
27424.9322723 29
27484.9314066 29
27544.9306589 29
27604.9300092 29
27664.928525 29
27724.9283921 29
27784.9277886 29
27844.9299266 29
27904.9261423 29
27964.9250662 29
28024.9240824 29
28084.9237042 29
28144.9227676 29
28204.9219655 29
28264.9210998 29
28324.9204947 29
28384.9192041 29
28444.918111 29
28504.9172108 29
28564.9165827 29
28624.9161901 29
28684.9146778 29
28744.9177061 29
28804.9137068 29
28864.9127179 29
28924.9117244 29
28984.9107442 29
29044.9099149 29
29104.908789 29
29164.9086786 29
29224.9073408 29
29284.9073023 29
29344.9057884 29
29404.9085591 29
29464.9051402 29
29524.9038419 29
29584.9027447 29
29646.9022607 29
29706.9012636 29
29766.8998683 29
29826.8997384 29
29888.9024116 29
29948.8980203 29
30008.8970452 29
30068.8964202 29
30128.8948401 29
30188.8941139 29
30248.8936054 29
30308.8929947 29
30368.8921269 29
30428.8911328 29
30488.8904724 29
30548.8891607 29
30608.8886187 29
30668.8877248 29
30728.8872798 29
30788.8865367 29
30848.8849782 29
30908.8849269 29
30968.8840693 29
31028.8829834 29
31088.8815044 29
31148.8815204 29
31208.8797027 29
31268.8796169 29
31328.8789873 29
31388.8775488 29
31448.8767226 29
31508.8761591 29
31568.8750732 29
31628.8744102 28
31688.8745569 29
31748.8726741 29
31808.8723292 29
31868.8719895 28
31928.8709657 28
31988.8703355 29
32048.8687939 29
32108.8680805 28
32168.8675217 28
32228.8663973 28
32288.8651918 28
32348.8642065 28
32408.8642173 28
32468.8627219 28
32528.862573 28
32588.8617473 28
32648.860586 28
32708.8593949 28
32768.8586102 28
32828.8575238 28
32888.8568911 28
32948.8561392 28
33008.8556461 28
33068.8545325 28
33128.854399 28
33188.8529267 28
33248.8519404 28
33308.8510023 28
33368.8505773 28
33428.8489957 28
33488.8484758 28
33548.8484871 28
33608.8476224 28
33668.8464431 28
33728.8454255 28
33788.8446957 28
33848.8435785 28
33908.8434477 28
33968.8426014 28
34028.8415992 28
34088.840696 28
34148.8392098 28
34208.8384641 28
34268.8382788 28
34328.8371462 28
34388.835792 28
34448.835539 28
34508.8345639 28
34568.8338316 28
34628.8334133 28
34688.8326682 28
34748.8311918 28
34808.8308182 28
34868.8296994 28
34928.8293392 28
34988.8283826 28
35048.82764 28
35108.8266593 28
35168.8254959 28
35228.8251316 28
35288.8238922 28
35348.8231717 28
35408.8220417 28
35468.8215475 28
35528.8207192 28
35588.8199771 28
35648.8192458 28
35708.8180896 28
35768.8174687 28
35828.8166111 28
35888.8147883 28
35948.8148735 28
36008.81388 28
36068.8125755 28
36128.8118236 28
36188.8111401 28
36248.810046 28
36308.8098294 28
36368.8080091 28
36428.8079599 28
36488.8065727 28
36548.8378334 28
36608.8054689 28
36668.8043588 28
36728.8039308 28
36788.8030631 28
36848.8019346 28
36908.800825 28
36968.8004622 28
37028.799229 28
37088.7985552 28
37148.7975761 28
37208.7968366 28
37268.7960868 28
37328.7957194 28
37388.794186 28
37448.7932468 28
37508.7931678 28
37568.791502 28
37628.7916478 28
37688.7903232 28
37748.7896684 28
37808.7890906 28
37868.7880863 28
37928.7868916 28
37988.7856917 28
38048.7851375 28
38108.7847049 28
38168.7841573 28
38228.783503 28
38288.7823884 28
38348.7817725 28
38408.7810844 28
38468.7795658 28
38528.7794386 28
38588.7774777 28
38648.777353 28
38708.7768608 28
38768.7762486 28
38828.7748558 28
38888.7744042 28
38948.7729991 28
39008.7725501 28
39068.7718722 28
39128.7706544 28
39188.7703957 28
39248.7695356 28
39308.7685442 28
39368.7678488 28
39428.7670949 28
39488.7663344 28
39548.7652264 28
39608.7640984 28
39668.762895 28
39728.7622782 28
39788.7619225 28
39848.7636786 28
39908.7605652 28
39968.7596358 28
40028.7579027 28
40088.7580546 28
40148.757038 28
40208.755479 28
40268.7592309 28
40328.7540051 28
40388.7537716 28
40448.7525446 28
40508.751531 28
40568.7508459 28
40628.7499042 28
40688.7524199 28
40748.7487029 28
40808.7476734 28
40868.7507361 28
40928.7457223 28
40988.7448684 28
41048.7440057 28
41108.7464685 28
41168.7422804 28
41228.7422383 28
41288.7413243 28
41348.740263 28
41408.7393342 28
41468.7387933 28
41528.7376535 28
41588.7372835 28
41648.7359651 28
41708.7353108 28
41768.7376976 28
41828.7337481 28
41888.7328891 28
41948.7320259 28
42008.7310041 28
42068.7302847 28
42128.7295539 28
42188.7288128 28
42248.7279522 28
42308.727086 28
42368.7257106 28
42428.7249137 28
42488.7232427 28
42548.7229056 28
42608.7215359 28
42668.7214804 28
42728.7208672 28
42788.7196853 28
42848.7190551 28
42908.7184937 28
42968.7165682 28
43028.7170819 28
43088.7155388 28
43148.7149692 28
43208.7141912 28
43268.7129528 28
43328.7122077 28
43388.7112203 28
43448.710253 28
43508.7096038 28
43568.7090393 28
43628.7085215 28
43688.7070564 28
43748.7057072 28
43808.7051576 28
43868.7051006 28
43928.7041132 28
43988.7025896 28
44048.7026399 28
44108.70171 28
44168.7007868 28
44228.7002161 28
44288.698734 28
44348.6981608 28
44408.697429 28
44468.6961855 28
44528.6955636 28
44588.6944679 28
44648.694297 28
44708.69344 28
44768.6918774 28
44828.6911199 28
44888.6907555 28
44948.6899801 28
45008.6882794 28
45068.6880962 28
45128.6874229 28
45188.6861487 28
45248.6859008 28
45308.6849766 28
45368.6834514 28
45428.6823347 28
45488.682484 28
45548.6809321 28
45608.680617 28
45668.679525 28
45728.679487 28
45788.678612 28
45848.6772511 28
45908.6766388 28