87.8229655 27
182.043653 27
242.0399514 28
302.0381614 28
362.0368985 28
422.0364212 28
482.0379803 28
542.0339902 28
602.0331584 28
662.0321074 28
722.0307941 28
782.0343351 29
842.0288604 29
902.0280378 29
962.028202 29
1022.0262673 29
1082.0252492 29
1142.0246908 29
1202.0239811 29
1262.0228187 29
1322.0217472 29
1382.020417 29
1442.0199577 29
1502.0180179 29
1562.3599366 29
1622.0167637 29
1682.0165353 29
1742.0142249 29
1802.0142188 29
1862.0122584 29
1922.0120254 29
1982.0111597 29
2042.00983 29
2102.0084352 29
2162.0075915 29
2222.0077295 29
2282.0065508 29
2342.0051277 29
2402.0043179 29
2462.0029241 29
2522.2228264 29
2582.0009873 29
2642.8863454 29
2701.9987319 29
2761.9984973 29
2821.9964816 29
2881.9963461 29
2941.9952335 29
3001.9939074 29
3061.9923396 29
3122.4750912 29
3182.0581017 29
3241.9904398 29
3301.9899092 29
3361.9877867 29
3421.9878662 29
3481.986826 29
3541.9859941 29
3601.9848954 29
3662.1376192 29
3721.9821344 29
3781.9818902 29
3841.980327 29
3901.9797266 29
3961.9786422 29
4021.9773788 29
4082.0438911 29
4142.3983147 29
4201.9738983 29
4261.9733641 29
4322.1858099 29
4381.9726944 29
4441.9710163 29
4501.9698098 29
4561.9701998 29
4621.9676785 29
4681.9660045 29
4741.9656386 29
4801.9639266 29
4861.9773582 29
4922.0227453 29
4981.9616743 29
5041.961915 29
5102.2500119 29
5162.5869584 29
5222.4843599 29
5281.9570166 29
5341.9554021 29
5401.9552543 29
5462.219951 29
5521.9523902 29
5581.952497 30
5641.9504817 30
5701.9499993 30
5761.948373 30
5821.9480867 30
5881.9466544 30
5942.1674394 30
6001.9446709 30
6061.9433623 30
6122.2346189 30
6181.9417396 30
6241.9446919 30
6301.9407856 30
6361.9383926 30
6421.942787 30
6481.9364102 30
6541.9356835 30
6601.935333 30
6661.9340198 30
6721.9325125 30
6781.93187 30
6841.9314174 30
6901.9297798 30
6961.930275 30
7021.9276968 30
7081.9269989 30
7141.92605 30
7201.9246459 30
7261.9283265 30
7321.9221339 30
7381.921965 30
7442.2182842 30
7501.9197835 30
7561.9196952 30
7621.9178555 30
7681.9167721 30
7741.9163118 30
7801.9151679 30
7861.914353 30
7921.9131511 30
7981.9112923 30
8041.9116587 30
8101.9105693 30
8161.9083143 30
8221.9084354 30
8281.9068122 30
8341.9125424 30
8401.9050397 30
8461.9043592 30
8521.9038239 30
8581.9023029 30
8641.9011769 30
8701.8997616 30
8761.8993485 30
8821.8981199 30
8881.8971038 30
8941.8969221 30
9001.8953287 30
9061.8943644 30
9121.8934797 30
9181.8925334 30
9241.8909984 30
9301.8902553 30
9361.8894414 30
9421.8881862 30
9481.8870315 30
9541.8865414 30
9601.8853749 30
9661.8849423 30
9722.1502733 30
9783.8828367 30
9843.8821763 30
9903.8809015 30
9963.8794841 30
10023.8792603 30
10083.8774057 30
10143.8770393 30
10203.8760222 30
10263.875217 30
10323.8741357 30
10383.8730749 30
10443.87267 30
10503.8706578 30
10563.8724458 30
10624.3336564 30
10683.8683675 30
10743.8660792 30
10803.8659468 30
10863.8650359 30
10923.863232 30
10983.8631135 30
11043.8612106 30
11103.8608006 30
11163.8595156 30
11223.8592497 30
11283.8579113 30
11343.8583517 30
11403.8556646 30
11463.8545726 30
11523.854549 30
11583.8533096 30
11643.8522381 30
11703.8515976 30
11763.8511748 30
11823.8486889 30
11884.2256069 30
11943.847642 30
12003.8459577 30
12063.8446388 30
12125.843984 30
12185.8423444 30
12245.8488793 30
12305.8418769 30
12366.1370419 30
12426.4354749 30
12485.8380578 30
12545.8369241 30
12605.8364207 30
12665.8350243 30
12725.8342273 30
12785.8338958 30
12845.8325579 30
12907.831801 30
12967.8308254 30
13028.3774106 31
13087.8290539 30
13147.8273081 30
13207.9713837 30
13267.9230745 30
13327.8248437 30
13387.8611254 30
13447.8227551 30
13507.8217472 30
13567.8200598 30
13627.8717509 30
13687.8849716 30
13747.8172933 30
13807.8164645 30
13868.8173348 30
13928.8167744 30
13988.8159995 31
14049.3672993 31
14108.8144928 31
14169.1962891 31
14228.8253944 31
14288.8089289 31
14349.1436445 31
14408.8061828 31
14469.7832183 31
14528.8041686 31
14588.8033598 31
14648.8024596 31
14708.8012039 31
14768.8000975 31
14828.7990331 31
14888.8071912 31
14948.7977096 31
15008.7965888 31
15068.7950498 31
15128.7951555 31
15188.7933845 31
15248.7926455 31
15308.7918783 31
15368.790524 31
15428.7899656 31
15488.7882721 31
15548.7878934 31
15608.7871416 31
15668.7859577 31
15729.5284635 31
