3.3780145 35940
4.3664781 46952
5.3672602 57166
6.3664966 66320
7.3668523 74473
8.3657007 81782
9.3668943 88265
10.3661964 94062
11.3661138 99230
12.3668692 103728
13.3667383 107776
14.366064 111371
15.3660004 114574
16.3671124 117343
17.3661128 119858
18.3665874 122018
19.3665844 123962
20.3657238 125650
21.3658202 127141
22.3665336 128495
23.3658905 129672
24.3676964 130632
25.3665864 131553
26.3664427 132356
27.3659706 133061
28.3666819 133667
29.3664617 134234
30.3661964 134663
31.3652044 135112
32.3657946 135502
33.3663139 135793
34.3664417 136085
35.3658208 136337
36.3657879 136550
37.3660348 136763
38.3663144 136916
39.3660276 137050
40.3661466 137204
41.3658326 137299
42.3656842 137433
43.3652742 137568
44.3659424 137563
45.3658054 137638
46.3659434 137734
47.3659172 137789
48.3662031 137805
49.3660445 137880
50.365266 137916
51.3660389 137912
52.3660337 137948
53.3657643 137963
54.3658988 137979
55.3653399 138015
56.3659957 138071
57.3696096 138068
58.3654076 138064
59.368906 138080
60.3652583 138116
61.3659126 138072
62.3652373 138068
63.3650125 138124
64.3657417 138121
65.3658998 138137
66.370813 138133
67.3650715 138129
68.3656129 138126
69.3654939 138102
70.3646132 138138
71.365753 138134
72.3658023 138151
73.3648729 138147
74.3653753 138123
75.3656842 138180
76.3656935 138156
77.3649925 138172
78.3656247 138149
79.3655965 138125
80.3649294 138161
81.3657705 138157
82.3657479 138194
83.3652434 138130
84.3648262 138166
85.3648596 138143
86.3653645 138139
87.3654605 138175
88.3654785 138152
89.365206 138128
90.3648503 138164
91.3654451 138161
92.3643007 138137
93.3653353 138153
94.3648385 138169
95.3648041 138106
96.3653255 138162
97.3647138 138178
98.3655739 138135
99.3649504 138131
100.364661 138167
101.3648154 138124
102.3651947 138160
103.3644234 138176
104.3649735 138173
105.3643833 138169
106.3650525 138165
107.3648236 138102
108.3648724 138158
109.3653225 138154
110.3641847 138150
111.3639127 138167
112.365384 138163
113.3644418 138199
114.3647923 138136
115.3648103 138132
116.3642884 138168
117.3642997 138145
118.364099 138141
119.3672679 138177
120.3649237 138153
121.3643905 138170
122.3647857 138146
123.3639163 138162
124.3641534 138179
125.3647343 138175
126.3653384 138171
127.3643448 138148
128.3641575 138164
129.3648062 138160
130.3652116 138137
131.3646892 138133
132.3638876 138169
133.3648924 138166
134.3635525 138142
135.3641093 138178
136.3644352 138155
137.3649052 138191
138.3647851 138147
139.3648103 138144
140.3645142 138160
141.3643802 138156
142.3647184 138193
143.3639394 138189
144.3639322 138165
145.3645265 138162
146.3644547 138138
147.3639035 138194
148.3638896 138111
149.3637803 138167
150.364431 138163
151.3636874 138179
152.3640749 138176
153.3640031 138132
154.3643525 138148
155.3633354 138165
156.3637244 138181
157.3642386 138137
158.3642027 138134
159.3643664 138130
160.3639153 138166
161.3635561 138163
162.3635581 138139
163.3650951 138175
164.3697081 138172
165.3636926 138128
166.3642725 138164
167.3642078 138180
168.3634293 138177
169.3640739 138193
170.363591 138130
171.3636941 138106
172.3635976 138162
173.3641734 138158
174.3639276 138175
175.3635402 138151
176.3630788 138147
177.3639379 138164
178.3639071 138140
179.3664048 138196
180.3639143 138173
181.3633431 138169
182.3637921 138165
183.3648036 138142
184.3633 138158
185.3638445 138154
186.363163 138171
187.3635063 138147
188.3635499 138143
189.3637788 138139
190.362776 138136
191.3633857 138152
192.3636649 138148
193.3624999 138165
194.3631127 138181
195.3637008 138177
196.3637075 138134
197.3632579 138130
198.363554 138186
199.3630249 138163
200.3636787 138159
201.3629952 138155
202.3641888 138131
203.3628915 138168
204.3634699 138164
205.3632441 138160
206.3636464 138137
207.3629618 138133
208.3628833 138169
209.3633893 138146
210.3627221 138182
211.3624604 138198
212.363026 138135
213.363594 138171
214.3635042 138147
215.3626262 138144
216.3627755 138160
217.3628838 138176
218.363224 138193
219.3632923 138149
220.3625046 138165
221.363204 138162
222.3624558 138198
223.3634929 138174
224.3631111 138131
225.3633431 138167
226.3623542 138143
227.3625605 138180
228.3625846 138156
229.362834 138172
230.3628253 138149
231.3620591 138165
232.3625256 138161
233.3627083 138137
234.3629464 138174
235.3621653 138150
236.3629166 138166
237.3627406 138163
238.3629654 138159
239.3648883 138135
240.3621479 138172
241.362813 138188
242.3627401 138144
243.3619508 138141
244.3628941 138137
245.3624517 138153
246.3620412 138170
247.3626667 138146
248.3625584 138162
249.3621592 138158
250.362405 138175
251.3625276 138151
252.3625395 138127
253.362426 138164
254.3620293 138160
255.3624353 138136
256.3617733 138173
257.3625276 138149
258.3623773 138165
259.3626601 138162
260.3623732 138178
261.362151 138154
262.3618595 138151
263.3617789 138167
264.3617363 138123
265.3615275 138159
266.3623988 138156
267.3627304 138192
268.3625569 138188
269.3621192 138125
270.3623609 138161
271.3625343 138157
272.3623804 138134
273.3614654 138130
274.3624579 138146
275.3622305 138163
276.3621515 138159
277.3618338 138175
278.362463 138132
279.3625938 138168
280.3614146 138144
281.3613545 138160
282.3616809 138177
283.3621617 138193
284.3624527 138169
285.3615972 138166
286.3623229 138162
287.3625625 138138
288.3625543 138135
289.3650156 138131
290.3642401 138147
291.3619955 138124
292.3614253 138140
293.3622731 138196
294.3664817 138193
295.3616362 138109
296.3616296 138165
297.3619637 138161
298.3614356 138158
299.3637608 138174
300.3618713 138130
301.3617368 138127
302.3614063 138163
303.3613006 138179
304.3614715 138176
305.3618241 138172
306.3617112 138188
307.3615223 138165
308.3617035 138181
309.3618857 138157
310.3614012 138154
311.360809 138130
312.361665 138146
313.3619324 138163
314.3614125 138139
315.3612334 138155
316.3608932 138171
317.3606776 138148
318.3608316 138164
319.3610204 138140
320.3612981 138157
321.3612724 138153
322.3618077 138129
323.3609183 138146
324.3614099 138182
325.3612683 138158
326.3611595 138115
327.3615136 138171
328.361664 138187
329.3615008 138164
330.3609527 138120
331.360986 138116
332.3602486 138152
333.3605683 138149
334.3609907 138165
335.361256 138161
336.3604036 138138
337.3609245 138154
338.3608962 138130
339.3602317 138186
340.3611287 138143
341.3604975 138159
342.3612606 138155
343.3608326 138172
344.3608449 138128
345.3612909 138164
346.360477 138141
347.360244 138137
348.3607325 138133
349.3608434 138169
350.3604641 138146
351.3603559 138142
352.3614017 138158
353.3611508 138135
354.3622895 138131
355.361121 138167
356.3607289 138164
357.3637598 138200
358.360733 138156
359.3628263 138133
360.3606068 138169
361.3614561 138165
362.3604652 138182
363.3608264 138138
364.3610841 138174
365.3613689 138191
366.3604374 138187
367.3660419 138103
368.3605832 138099
369.3601927 138136
370.3605344 138112
371.3607998 138128
372.3603174 138164
373.3604 138141
374.361005 138097
375.360031 138153
376.3607387 138130
377.3608844 138166
378.3595409 138142
379.3599735 138178
380.3603102 138175
381.3612149 138171
382.3608942 138167
383.359681 138164
384.3597739 138140
385.3597734 138136
386.3604847 138153
387.3598596 138189
388.3599812 138165
389.3604641 138142
390.3602835 138118
391.3620463 138154
392.3602789 138151
393.3687326 138167
394.3600367 138143
395.3611246 138159
396.3602578 138096
397.3614115 138152
398.3598103 138168
399.3600331 138165
400.3601136 138161
401.3601424 138137
402.3597806 138134
403.359212 138130
404.359777 138146
405.3603764 138122
406.3597488 138139
407.3591155 138135
408.3597616 138151
409.3591129 138167
410.3600141 138144
411.3600798 138160
412.3592048 138156
413.3598688 138133
414.3596928 138149
415.3595994 138165
416.3599982 138142
417.3601023 138138
418.3588815 138154
419.3616481 138170
420.3599504 138127
421.3594357 138143
422.3589143 138159
423.3598576 138156
424.3600603 138132
425.3593516 138128
426.3590867 138164
427.3591001 138181
428.3593336 138157
429.3595927 138133
430.359466 138130
431.3590642 138166
432.3589364 138142
433.3594496 138159
434.3596441 138135
435.3591925 138131
436.359387 138167
437.3586403 138164
438.3595271 138160
439.359679 138136
440.3593336 138133
441.3585741 138169
442.3593043 138165
443.3589862 138102
444.3584709 138158
445.3630824 138194
446.3595224 138171
447.3588917 138127
448.3586731 138163
449.3591268 138159
450.3584817 138176
451.359465 138192
452.3590154 138129
453.3587573 138145
454.358648 138141
455.3592597 138157
456.358942 138134
457.3588214 138150
458.3583508 138146
459.3583719 138143
460.3586223 138159
461.3583072 138195
462.3588892 138132
463.3588173 138128
464.3584961 138144
465.3580296 138140
466.3583621 138157
467.357833 138133
468.3608259 138189
469.3619103 138146
470.357988 138162
471.3585022 138158
472.358222 138135
473.3585156 138131
474.3577566 138167
475.3584807 138163
476.3584016 138160
477.357324 138156
478.3589543 138152
479.3601506 138169
480.3581117 138145
481.358338 138161
482.3580819 138118
483.3583591 138154
484.3580968 138150
485.3582785 138126
486.357733 138163
487.3579808 138119
488.3582739 138155
489.3672633 138152
490.3582261 138128
491.3576113 138164
492.3583611 138160
493.3583832 138137
494.3578289 138153
495.3575303 138149
496.3579875 138126
497.3585541 138142
498.3593752 138158
499.3576596 138174
500.3576344 138151
501.357424 138187
502.3614269 138072
503.3574425 138014
504.3574461 137876
505.3570797 137819
506.357832 137685
507.3578084 137557
508.3576329 137456
509.3574671 137363
510.3572968 137239
511.3578438 137146
512.3566917 137065
513.3572259 136996
514.3566404 136861
515.3571387 136780
516.3589918 136714
517.3569232 136643
518.3570602 136588
519.3575082 136510
520.3565532 136449
521.3572803 136405
522.3567754 136378
523.3570386 136310
524.3573034 136259
525.3570417 136227
526.3566322 136194
527.3580373 136139
528.4713017 136142
529.3565845 136105
530.3567892 136087
531.3566989 136069
532.3570248 136029
533.3588517 136049
534.3796054 136008
535.3568985 135987
536.3572383 135986
537.357152 135964
538.3638214 135942
539.3591206 135959
540.3571213 135957
541.3569894 135934
542.3568472 135930
543.3572767 135947
544.3569134 135944
545.3572213 135900
546.3565727 135896
547.3559928 135913
548.3570366 135909
549.3571402 135885
550.356995 135881
551.3570181 135876
552.3560307 135892
553.3568067 135868
554.3568169 135924
555.3568636 135859
556.3561134 135895
557.356101 135911
558.3560528 135886
559.3566963 135862
560.3563474 135837
561.3563058 135873
562.3568108 135869
563.3563068 135864
564.3566147 135839
565.3563576 135875
566.3565752 135890
567.3559697 135866
568.3564982 135881
569.3562021 135857
570.3563412 135892
571.3560538 135888
572.3555832 135863
573.3564526 135859
574.3564187 135854
575.3619154 135850
576.3556192 135865
577.3560451 135860
578.3561739 135836
579.3569965 135831
580.3555078 135866
581.3554986 135862
582.3557695 135897
583.3562771 135873
584.3555406 135888
585.3561996 135904
586.3558588 135879
587.3557783 135875
588.355904 135870
589.3563197 135866
590.356099 135841
591.3560646 135836
592.3560251 135852
593.3556653 135907
594.3563463 135863
595.3560102 135858
596.3563674 135873
597.3557824 135869
598.3562016 135824
599.358203 135860
600.3562971 135895
601.3562971 135871
602.3559538 135826
603.3558542 135861
604.3554493 135897
605.3558506 135852
606.3555376 135868
607.3558706 135843
608.3551794 135859
609.355847 135874
610.3571587 135849
611.3554652 135849
612.3558065 135849
613.3557172 135849
614.3554437 135849
615.3605206 135849
616.3553898 135849
617.3586808 135849
618.3548263 135849
619.3594526 135849
620.356879 135849
621.3544363 135849
622.3546934 135849
623.3554354 135849
624.3552086 135849
625.3547355 135849
626.3547709 135849
627.3550824 135849
628.3569452 135849
629.3559666 135849
630.3551573 135849
631.3546149 135849
632.3543675 135849
633.3546965 135849
634.3539975 135849
635.3546544 135849
636.3546498 135849
637.3549797 135849
638.3545533 135849
639.3551019 135849
640.3538323 135849
641.3572983 135849
642.3548627 135849
643.3547077 135849
644.3542356 135849
645.3554678 135849
646.3550736 135849
647.3543188 135849
648.3543265 135849
649.3550218 135849
650.3547929 135849
651.3542043 135849
652.3541787 135849
653.3548186 135849
654.3551322 135849
655.3544799 135849
656.3541509 135849
657.3544111 135849
658.3541509 135849
659.3568806 135849
660.3544491 135849
661.3547237 135849
662.3540185 135849
663.3545168 135849
664.3542715 135849
665.354505 135849
666.3539662 135849
667.3536732 135849
668.3539092 135849
669.3536049 135849
670.3536265 135849
671.3538471 135849
672.3535675 135849
673.3544604 135849
674.354346 135849
675.3540555 135849
676.3535089 135849
677.3540955 135849
678.3536696 135849
679.3543085 135849
680.3534864 135849
681.3538523 135849
682.3533145 135849
683.3542377 135849
684.3538851 135849
685.3541802 135849
686.353861 135849
687.3535279 135849
688.3535844 135849
689.3538379 135849
690.3541314 135849
691.3534073 135849
692.3539857 135849
693.3534263 135849
694.3553528 135849
695.3540391 135849
696.3533971 135849
697.3537065 135849
698.3539251 135849
699.3536809 135849
700.3535515 135849
701.3539416 135849
702.3526047 135849
703.3532683 135849
704.3533103 135849
705.3533062 135849
706.3535526 135849
707.3528839 135849
708.3531235 135849
709.353743 135849
710.3528895 135849
711.3534238 135849
712.353589 135849
713.3535023 135849
714.3531153 135849
715.3530045 135849
716.35495 135849
717.3528074 135849
718.3535823 135849
719.3554467 135849
720.352381 135849
721.3539457 135849
722.3534946 135849
723.352324 135849
724.3535146 135849
725.3536737 135849
726.3534658 135849
727.4058696 135849
728.3531759 135849
729.3531533 135849
730.3532965 135849
731.3532518 135849
732.3533478 135849
733.3533606 135849
734.3534232 135849
735.3533837 135849
736.3524877 135849
737.3540545 135849
738.3525524 135849
739.3533047 135849
740.3526124 135849
741.3522578 135849
742.352247 135849
743.501188 135849
744.7830724 135849
745.4779469 135849
746.3536968 135849
747.4029271 135849
748.7707467 135849
749.6733464 135849
750.7463658 135849
751.6956006 135849
752.6118957 135849
753.3521516 135849
754.3526304 135849
755.3522558 135849
756.3525082 135849
757.3529932 135849
758.3523917 135849
759.3525247 135849
760.3523137 135849
761.3582225 135849
762.3519899 135849
763.3523517 135849
764.353043 135849
765.3522424 135849
766.3791877 135849
767.3529516 135849
768.3526078 135849
769.3528803 135849
770.3525934 135849
771.3531779 135849
772.3528285 135849
773.3521757 135849
774.3524579 135849
775.3522983 135849
776.3523599 135849
777.3526442 135849
778.3526884 135849
779.3549684 135849
780.3524323 135849
781.3524133 135849
782.3524415 135849
783.3521516 135849
784.3521931 135849
785.3521711 135849
786.3514973 135849
787.3509353 135849
788.3511396 135849
789.3517364 135849
790.3519191 135849
791.3516764 135849
792.3516251 135849
793.3520967 135849
794.3515588 135849
795.351505 135849
796.3511899 135849
797.351427 135849
798.351524 135849
799.3511781 135849
800.3517184 135849
801.351019 135849
802.3516209 135849
803.3507306 135849
804.3508661 135849
805.3508265 135849
806.3515157 135849
807.3515106 135849
808.3517934 135849
809.3513484 135849
810.3516292 135849
811.3516522 135849
812.3516338 135849
813.3511267 135849
814.3512196 135849
815.3511498 135849
816.3506654 135849
817.3513628 135849
818.351449 135849
819.3505817 135849
820.366589 135849
821.3510847 135849
822.3509107 135849
823.3512335 135849
824.3511001 135849
825.3509774 135849
826.3512838 135849
827.350632 135849
828.3513505 135849
829.3504227 135849
830.353043 135849
831.3503601 135849
832.3509117 135849
833.3503087 135849
834.3502389 135849
835.3509122 135849
836.3506295 135849
837.350182 135849
838.3508963 135849
839.3529773 135849
840.3609948 135848
841.3503149 135848
842.350457 135848
843.3501409 135848
844.3561939 135848
845.350222 135848
846.3506993 135848
847.3503503 135848
848.3513223 135848
849.3512653 135848
850.3508666 135848
851.3511575 135848
852.35104 135848
853.3508902 135848
854.351021 135848
855.3511242 135848
856.3508065 135848
857.3507511 135848
858.3507547 135848
859.3503144 135848
860.3503406 135848
861.3509589 135848
862.3503559 135848
863.3505289 135848
864.3501235 135848
865.3505335 135848
866.3506531 135848
867.3506428 135848
868.3505315 135848
869.3499931 135848
870.3509112 135848
871.3500768 135848
872.3502143 135848
873.3505299 135848
874.3504976 135848
875.3506402 135848
876.3504704 135848
877.3497581 135848
878.3507614 135848
879.3502862 135848
880.3502169 135849
881.353415 135849
882.3500229 135849
883.3500922 135849
884.3507449 135849
885.3498782 135849
886.3505833 135849
887.3492434 135849
888.3498828 135849
889.3501861 135849
890.3498782 135850
891.3501738 135850
892.3497822 135850
893.3497771 135850
894.3492316 135850
895.3505068 135850
896.3503046 135850
897.3502928 135850
898.3496868 135850
901.3527848 135850
902.350572 135851
903.3493147 135851
904.3499049 135851
905.349346 135851
906.3498736 135851
907.3500326 135851
908.3498402 135851
909.4642238 135851
910.6219515 135851
911.5886931 135851
912.5132016 135853
913.382879 135853
914.3489154 135853
915.3764945 135853
916.3926706 135853
917.4066784 135853
918.3642027 135853
919.3493814 135853
920.3521926 135853
921.6902887 135853
922.579446 135855
923.8053399 135855
924.9918254 135855
925.6536242 135855
926.4993934 135855
927.3496498 135855
928.3499326 135855
929.349072 135855
930.3491325 135855
931.3496626 135855
932.3502774 135858
933.3496796 135858
934.3495374 135858
935.3490909 135858
936.3495846 135858
937.3486968 135858
938.3532821 135858
939.3489493 135858
940.350144 135858
941.3491797 135858
942.378285 135861
943.3489437 135861
944.3491166 135861
945.3494358 135861
946.3484623 135861
947.3491494 135861
948.3486306 135861
949.3493557 135861
950.3493034 135861
951.3495184 135861
952.3499808 135864
953.3505325 135864
954.3491315 135864
955.3493486 135864
956.3484115 135864
957.3489442 135864
958.3486624 135864
959.3489585 135864
960.3482806 135864
961.3511822 135864
962.3494722 135867
963.3488882 135867
964.3489365 135867
965.3490206 135867
966.3489103 135867
967.4086224 135867
968.3491777 135867
969.3490078 135867
970.3490658 135867
971.3483679 135867
972.3484043 135871
973.3477454 135871
974.3485757 135871
975.3483951 135871
976.3485983 135871
977.3486686 135871
978.3482149 135871
979.3489437 135871
980.3486311 135871
981.3482539 135871
982.3487723 135875
983.348568 135875
984.3535495 135875
985.3479173 135875
986.3477664 135875
987.3484448 135875
988.348238 135875
989.3481477 135875
990.3486306 135875
991.3485388 135875
992.3486352 135879
993.3482888 135879
994.3478624 135879
995.3488015 135879
996.3484654 135879
997.3484864 135879
998.3483022 135879
999.3483196 135879
1000.3481754 135879
1001.3480374 135879
1002.3488143 135883
1003.3478265 135883
1004.3479491 135883
1005.3480666 135883
1006.3478521 135883
1007.3485819 135883
1008.3481487 135883
1009.3474559 135883
1010.3492475 135883
1011.3479927 135883
1012.3482319 135887
1013.3480831 135887
1014.3480666 135887
1015.3479404 135887
1016.3477695 135887
1017.3480697 135887
1018.3479414 135887
1019.3473692 135887
1020.3471855 135887
1021.3499875 135887
1022.3484028 135891
1023.3480769 135891
1024.3472194 135891
1025.3479512 135891
1026.348042 135891
1027.3476417 135891
1028.3474339 135891
1029.3470767 135891
1030.3475339 135891
1031.3474939 135891
1032.3476381 135895
1033.3475427 135895
1034.3475899 135895
1035.3473292 135895
1036.3477423 135895
1037.3477315 135895
1038.3476094 135895
1039.3468478 135895
1040.3489355 135895
1041.3480127 135895
1042.3473584 135895
1043.3467565 135895
1044.3478768 135895
1045.3474585 135895
1046.3474508 135895
1047.3473164 135895
1048.3472727 135895
1049.3472851 135895
1050.3475837 135895
1051.3470895 135895
1052.3472933 135895
1053.3475114 135895
1054.3468935 135895
1055.3473877 135895
1056.3468632 135895
1057.3474975 135895
1058.3534551 135895
1059.7580875 135895
1060.9053534 135895
1062.3336149 135895
1063.2250107 135900
1063.7349778 135900
1064.8769625 135900
1065.423866 135900
1066.4471856 135900
1067.4013731 135900
1068.3561513 135900
1069.347146 135900
1070.3462212 135900
1071.3463762 135900
1072.3471778 135900
1073.3462884 135900
1074.3472476 135900
1075.3463813 135900
1076.3469895 135900
1077.3471958 135900
1078.3467924 135900
1079.346467 135900
1080.3472979 135900
1081.3489755 135900
1082.3467185 135900
1083.3465199 135900
1084.3463198 135900
1085.3470613 135900
1086.3468699 135900
1087.3460093 135900
1088.3467072 135900
1089.3467154 135900
1090.3466467 135900
1091.3966703 135900
1092.3467005 135900
1093.3460821 135900
1094.3468848 135900
1095.3466338 135900
1096.3463254 135900
1097.3458055 135900
1098.3461437 135900
1099.3465184 135900
1100.3462731 135900
1101.3458291 135900
1102.3464065 135900
1103.3465307 135900
1104.345627 135900
1105.3471829 135900
1106.3454956 135900
1107.3464706 135900
1108.3468201 135900
1109.3463038 135900
1110.3457686 135900
1111.3464137 135900
1112.3464301 135900
1113.345413 135900
1114.3472147 135900
1115.3461776 135900
1116.3463541 135900
1117.3452672 135900
1118.3465615 135900
1119.3461658 135900
1120.3462602 135900
1121.3458676 135900
1122.345628 135900
1123.3453344 135900
1124.3462428 135900
1125.3453324 135900
1126.3473169 135900
1127.3458635 135900
1128.3461335 135900
1129.3455582 135900
1130.346114 135900
1131.3461935 135900
1132.3457876 135900
1133.3455202 135900
1134.3458589 135900
1135.3457178 135900
1136.3460457 135900
1137.344734 135900
1138.3460201 135900
1139.3459061 135900
1140.3459775 135900
1141.3477741 135900
1142.3455649 135900
1143.3453365 135900
1144.3458266 135900
1145.3450989 135900
1146.3458132 135900
1147.3459323 135900
1148.3458158 135900
1149.3454212 135900
1150.3453278 135900
1151.3454453 135900
1152.3457152 135900
1153.3451394 135900
1154.3457671 135900
1155.3456649 135900
1156.3446652 135900
1157.3453303 135900
1158.3460242 135900
1159.3455407 135900
1160.3455125 135900
1161.3454273 135900
1162.360166 135900
1163.3451533 135900
1164.3450122 135900
1165.3449249 135900
1166.3450045 135900
1167.3451805 135900
1168.3447674 135900
1169.3455094 135900
1170.3448428 135900
1171.3450291 135900
1172.3448397 135900
1173.3447371 135900
1174.3453252 135900
1175.3449726 135900
1176.3443815 135900
1177.3453067 135900
1178.3444066 135900
1179.3453221 135900
1180.3440735 135900
1181.3452436 135900
1182.3451718 135900
1183.3450542 135900
1184.344986 135900
1185.3450835 135900
1186.3449023 135900
1187.3906532 135900
1188.394886 135900
1189.3450445 135900
1190.3445344 135900
1191.3444923 135900
1192.3448269 135900
1193.3445924 135900
1194.3445559 135900
1195.3450573 135900
1196.3444564 135900
1197.3443732 135900
1198.3448443 135900
1199.344207 135900
1200.344032 135900
1201.3468653 135900
1202.3446986 135900
1203.4038133 135900
1204.3445713 135900
1205.3447858 135900
1206.3447376 135900
1207.3448931 135900
1208.3496744 135900
1209.3446832 135900
1210.34446 135900
1211.3439719 135900
1212.3450671 135900
1213.3441218 135900
1214.3447099 135900
1215.3490381 135900
1216.3446781 135900
1217.344537 135900
1218.3441685 135900
1219.3446452 135900
1220.3445293 135900
1221.3439247 135900
1222.3436589 135900
1223.3437759 135900
1224.3436928 135900
1225.343976 135900
1226.3440448 135900
1227.3437605 135900
1228.3443076 135900
1229.3439093 135900
1230.3526596 135900
1231.4403962 135900
1232.3441829 135900
1233.343525 135900
1234.3434593 135900
1235.3435096 135900
1236.3439386 135900
1237.3435111 135900
1238.463957 135900
1239.4822992 135900
1240.3549541 135900
1241.3439237 135900
1242.3443738 135900
1243.3441464 135900
1244.3441613 135900
1245.3434854 135900
1246.3440135 135900
1247.343895 135900
1248.3438072 135900
1249.399109 135900
1250.7456371 135900
1251.4162278 135900
1252.5229957 135900
1253.6669537 135900
1254.7954771 135900
1255.4272417 135900
1256.401544 135900
1257.343196 135900
1258.3434059 135900
1259.343564 135900
1260.3431118 135900
1261.3460216 135900
1262.3432643 135900
1263.3448023 135900
1264.3431842 135900
1265.3430415 135900
1266.3436461 135900
1267.343606 135900
1268.3433382 135900
1269.3429871 135900
1270.343567 135900
1271.342825 135900
1272.3446493 135900
1273.342299 135900
1274.3429861 135900
1275.3454001 135900
1276.3437425 135900
1277.3440735 135900
1278.3439601 135900
1279.5689914 135900
1280.6751143 135900
1281.3938334 135900
1282.5142182 135900
1283.6788631 135900
1284.6412416 135900
1285.6227895 135900
1286.3653414 135900
1287.3424385 135900
1288.3432843 135900
1289.343234 135900
1290.3426412 135900
1291.3422666 135900
1292.3436486 135904
1293.342166 135904
1294.3421825 135904
1295.3421373 135904
1296.3425689 135904
1297.3424021 135904
1298.3435583 135904
1299.5606111 135904
1300.5816553 135904
1301.500373 135904
1302.3430944 135904
1303.3422687 135904
1304.3427357 135904
1305.3428116 135904
1306.3424924 135904
1307.3942065 135904
1308.3458209 135904
1309.342494 135904
1310.3423723 135904
1311.3428352 135904
1312.3428629 135904
1313.3429312 135904
1314.342844 135904
1315.3424873 135904
1316.3428316 135904
1317.3428419 135904
1318.3423282 135904
1319.3428091 135904
1320.3427998 135904
1321.3441875 135904
1322.3424344 135904
1323.3426833 135904
1324.3425951 135904
1325.3426536 135904
1326.3426074 135904
1327.3423954 135904
1328.3425576 135904
1329.3431888 135904
1330.3422533 135904
1331.4059995 135904
1332.4847969 135904
1333.3787222 135904
1334.3439329 135904
1335.342867 135904
1336.480618 135904
1337.3419192 135904
1338.3416919 135904
1339.3425186 135904
1340.3419772 135904
1341.3419987 135904
1342.342007 135904
1343.3413352 135904
1344.3423149 135904
1345.3422902 135904
1346.342164 135904
1347.3420855 135904
1348.3421799 135904
1349.3420665 135904
1350.3421784 135904
1351.3418376 135904
1352.3413013 135904
1353.3418422 135904
1354.3421127 135904
1355.3422353 135904
1356.3420773 135904
1357.3414065 135904
1358.341425 135904
1359.3419372 135904
1360.3420701 135904
1361.3416734 135904
1362.3424816 135908
1363.341289 135908
1364.3415769 135908
1365.3419115 135908
1366.3418125 135908
1367.3421352 135908
1368.3409616 135908
1369.3415441 135908
1370.34121 135908
1371.3417668 135908
1372.3414204 135908
1373.3411766 135908
1374.3412433 135908
1375.3418125 135908
1376.3411956 135908
1377.3411623 135908
1378.3413922 135908
1379.3409724 135908
1380.3408066 135908
1381.3440325 135908
1382.3413655 135908
1383.3410242 135908
1384.3416082 135908
1385.3412433 135908
1386.3412608 135908
1387.3412433 135908
1388.3416303 135908
1389.3409985 135908
1390.3408713 135908
1391.3409524 135908
1392.3407435 135908
1393.3417375 135908
1394.3445836 135908
1395.3405469 135908
1396.340217 135908
1397.3417252 135908
1398.3413783 135908
1399.3409893 135908
1400.341444 135908
1401.3407337 135908
1402.3405136 135908
1403.3404895 135908
1404.3415944 135908
1405.3408518 135908
1406.3410237 135908
1407.3408826 135908
1408.3456075 135908
1409.3403755 135908
1410.3411258 135908
1411.3399886 135908
1412.3413537 135908
1413.3407938 135908
1414.3409447 135908
1415.3408672 135908
1416.3408343 135908
1417.3400841 135908
1418.3409703 135908
1419.3403242 135908
1420.3402416 135908
1421.3400882 135908
1422.340024 135908
1423.340743 135908
1424.340607 135908
1425.3405403 135908
1426.3400363 135908
1427.339889 135908
1428.340823 135908
1429.339769 135908
1430.34193 135908
1431.3403689 135908
1432.3454135 135908
1433.3397915 135908
1434.3402283 135908
1435.3406809 135908
1436.3402139 135908
1437.340529 135908
1438.3398085 135908
1439.340315 135908
1440.3397438 135908
1441.342105 135908
1442.3404792 135908
1443.3398618 135908
1444.3398819 135908
1445.340006 135908
1446.3402272 135908
1447.3392886 135908
1448.3399768 135908
1449.3397371 135908
1450.3396622 135908
1451.3394744 135908
1452.3397053 135908
1453.3402508 135908
1454.3399901 135908
1455.3398162 135908
1456.3396217 135908
1457.3401923 135908
1458.3400004 135908
1459.3396422 135908
1460.3393292 135908
1461.3400917 135908
1462.3401354 135908
1463.3399445 135908
1464.339516 135908
1465.3401138 135908
1466.3391008 135908
1467.3397418 135908
1468.3394682 135908
1469.3393836 135908
1470.3396514 135908
1471.3395514 135908
1472.3399917 135908
1473.3395585 135908
1474.3399496 135908
1475.3399558 135908
1476.3396935 135908
1477.3399491 135908
1478.3399963 135908
1479.339421 135908
1480.3397761 135908
1481.3397736 135908
1482.3401754 135908
1483.3389299 135908
1484.3398506 135908
1485.3391819 135908
1486.3432535 135908
1487.3396868 135908
1488.339033 135908
1489.3386964 135908
1490.339711 135908
1491.3389997 135908
1492.3392902 135908
1493.3386805 135908
1494.3393984 135908
1495.338915 135908
1496.3392763 135908
1497.3383767 135908
1498.3393312 135908
1499.3393728 135908
1500.3393071 135908
1501.3413347 135908
1502.3391075 135908
1503.3389201 135908
1504.3395052 135908
1505.338702 135908
1506.339167 135908
1507.3403642 135908
1508.3392363 135908
1509.3388442 135908
1510.3392732 135908
1511.3391295 135908
1512.3384711 135908
1513.3386446 135908
1514.3389391 135908
1515.3387913 135908
1516.3388704 135908
1517.3392476 135908
1518.3391028 135908
1519.3400025 135908
1520.3384393 135908
1521.3386441 135908
1522.33837 135908
1523.3389489 135908
1524.3390166 135908
1525.3389294 135908
1526.3386943 135908
1527.3402914 135908
1528.3390017 135908
1529.3390023 135908
1530.3387262 135908
1531.3386076 135908
1532.3385004 135908
1533.3379738 135908
1534.338545 135908
1535.3388668 135908
1536.3383916 135908
1537.3399542 135908
1538.571076 135908
1539.5179096 135908
1540.4748221 135908
1541.8019175 135908
1542.7787816 135908
1543.341542 135908
1544.5590423 135908
1545.7281724 135908
1546.530518 135908
1547.3389381 135908
1548.3383254 135908
1549.3376752 135908
1550.3384619 135908
1551.337883 135908
1552.3381257 135908
1553.352829 135908
1554.3700997 135908
1555.5531161 135908
1556.5188903 135908
1557.4530651 135908
1558.5515334 135908
1559.8021864 135908
1560.4617682 135908
1561.7267489 135908
1562.8456572 135908
1563.5173209 135908
1564.7403893 135908
1565.6807691 135908
1566.4296465 135908
1567.3486137 135908
1568.4329504 135908
1569.3452575 135908
1570.3374519 135908
1571.3387041 135908
1572.3379318 135908
1573.3374165 135908
1574.3379123 135908
1575.3375961 135908
1576.3380775 135908
1577.3379944 135908
1578.3447181 135908
1579.3379436 135908
1580.3369726 135908
1581.3410001 135908
1582.3370558 135908
1583.338215 135908
1584.3542218 135908
1585.5925563 135908
1586.6286537 135908
1587.8972805 135908
1588.5797077 135908
1589.4818409 135908
1590.3378255 135908
1591.3377398 135908
1592.3376859 135908
1593.3378917 135908
1594.3390428 135908
1595.3432417 135908
1596.3374607 135908
1597.3374335 135908
1598.3374268 135908
1599.3377747 135908
1600.3371261 135908
1601.3378404 135908
1602.3377357 135908
1603.3367858 135908
1604.3374237 135908
1605.3364199 135908
1606.3730279 135908
1607.3369685 135908
1608.3368597 135908
1609.3365323 135908
1610.3369203 135908
1611.3368833 135908
1612.3374329 135908
1613.336423 135908
1614.3367273 135908
1615.3374648 135908
1616.3374591 135908
1617.3418627 135908
1618.3366165 135908
1619.3373159 135908
1620.337046 135908
1621.3396119 135908
1622.3361587 135908
1623.3371522 135908
1625.3373134 135908
1626.3363665 135908
1627.3372241 135908
1628.3371502 135908
1629.3368705 135908
1630.336716 135908
1631.338311 135908
1632.3369049 135908
1633.336812 135908
1634.3370804 135908
1635.3360458 135908
1636.3362613 135908
1637.3370814 135908
1638.3371353 135908
1639.3370311 135908
1640.3363511 135908
1641.3368674 135908
1642.3368207 135908
1643.3365713 135908
1644.3360145 135908
1645.3367643 135908
1646.3368587 135908
1647.3368125 135908
1648.3368941 135908
1649.368145 135908
1650.3367663 135908
1651.3357754 135908
1652.3380554 135908
1653.3363455 135908
1654.3361633 135908
1655.3360633 135908
1656.3364512 135908
1657.3363301 135908
1658.3357009 135908
1659.3366447 135908
1660.3360391 135908
1661.336616 135908
1662.3361951 135908
1663.336366 135908
1664.3360802 135908
1665.3358918 135908
1666.3355814 135908
1667.33621 135908
1668.336208 135908
1669.3360376 135908
1670.3355224 135908
1671.3396894 135908
1672.3365272 135908
1673.3362829 135908
1674.3360848 135908
1675.3362434 135908
1676.3350164 135908
1677.3357559 135908
1678.3381637 135908
1679.3358149 135908
1680.3355557 135908
1681.3360915 135908
1682.3382515 135908
1683.3360956 135908
1684.3360617 135908
1685.3372857 135908
1686.3355814 135908
1687.3355064 135908
1688.3361038 135908
1689.3360438 135908
1690.3348901 135908
1691.3360576 135908
1692.335586 135908
1693.3354269 135908
1694.3349358 135908
1695.3353823 135908
1696.3345494 135908
1697.3346202 135908
1698.3350359 135908
1699.3347351 135908
1700.6215712 135908
1701.3841825 135908
1702.3348722 135908
1703.3352514 135908
1704.335293 135908
1705.3356532 135908
1706.3359935 135908
1707.6686826 135908
1709.1889847 135908
1709.7345421 135908
1710.4384538 135908
1711.8335979 135908
1712.5123102 135908
1713.3816078 135908
1714.335198 135908
1715.3353771 135908
1716.3347449 135908
1717.33506 135908
1718.3380159 135908
1719.3351529 135908
1720.3352021 135908
1721.3818172 135908
1722.3348573 135908
1723.3348075 135908
1724.3349671 135908
1725.3346787 135908
1726.3355788 135908
1727.3347408 135908
1728.3342373 135908
1729.3342917 135908
1730.3341162 135908
1731.3364055 135908
1732.334225 135908
1733.3339679 135908
1734.3344909 135908
1735.3349332 135908
1736.3354669 135908
1737.3350256 135908
1738.3338181 135908
1739.3340033 135908
1740.3345673 135908
1741.3348203 135908
1742.3370932 135908
1743.3353705 135908
1744.3348593 135908
1745.3347587 135908
1746.8262537 135908
1747.37379 135908
1748.335335 135908
1749.3343918 135908
1750.3346936 135908
1751.350279 135908
1752.3346925 135908
1753.3346602 135908
1754.3427459 135908
1755.6283981 135908
1756.7187309 135908
1757.7885378 135908
1758.4235935 135908
1759.6298376 135908
1760.5235654 135908
1761.3341758 135908
1762.3340418 135908
1763.3339489 135908
1764.3338971 135908
1765.3343908 135908
1766.5882569 135908
1767.806139 135908
1768.7212552 135908
1769.8045553 135908
1770.5404635 135908
1771.3343995 135908
1772.3334712 135908
1773.33333 135908
1774.5785094 135908
1775.3530189 135908
1776.3342912 135908
1777.3343651 135908
1778.3338052 135908
1779.3338802 135908
1780.333699 135908
1781.3339633 135908
1782.5043779 135908
1783.359719 135908
1784.3341522 135908
1785.3336862 135908
1786.3340372 135908
1787.4890086 135908
1789.0285617 135908
1789.9439382 135908
1791.0274214 135908
1791.7382483 135908
1792.3540699 135908
1793.3549202 135908
1794.33296 135908
1795.3338176 135908
1796.3342681 135908
1797.4723645 135908
1798.3334327 135908
1799.7899701 135908
1800.6869796 135908
1801.4553149 135908
1802.3350348 135908
1803.3879287 135907
1804.637814 135907
1805.7601022 135907
1806.5195435 135907
1807.6516223 135907
1808.5801049 135907
1809.4540007 135907
1810.3604611 135907
1811.333056 135907
1812.3324643 135907
1813.3331104 135905
1814.3333157 135905
1815.3333244 135905
1816.3329467 135905
1817.3334978 135905
1818.3329364 135905
1819.3328707 135905
1820.3334214 135905
1821.3328097 135905
1822.333425 135905
1823.3334578 135903
1824.3333839 135903
1825.333056 135903
1826.3331299 135903
1827.3321466 135903
1828.3329764 135903
1829.333155 135903
1830.3328394 135903
1831.3328569 135903
1832.3323986 135903
1833.3329816 135903
1834.3327127 135903
1835.3321672 135903
1836.3330288 135903
1837.3321512 135903
1838.3331309 135903
1839.3327517 135903
1840.3323078 135903
1841.3329913 135903
1842.3325002 135903
1843.3335143 135901
1844.3329195 135901
1845.3329744 135901
1846.3329462 135901
1847.3326542 135901
1848.3324202 135901
1849.3325408 135901
1850.331968 135901
1851.332843 135901
1852.4271468 135901
1853.429064 135899
1854.3327471 135899
1855.3317889 135899
1856.3325834 135899
1857.3325274 135899
1858.332278 135899
1859.3317633 135899
1860.3329646 135899
1861.3582287 135899
1862.505588 135899
1863.8363614 135899
1864.4880412 135899
1865.5690058 135899
1866.5689822 135899
1867.6340118 135899
1868.4953869 135899
1869.3327394 135899
1870.3336215 135899
1871.3326516 135899
1872.3327373 135899
1873.3415636 135899
1874.5355729 135899
1875.97252 135899
1876.595249 135899
1877.6170255 135899
1878.4536717 135899
1879.4474689 135899
1880.3897793 135899
1881.5083479 135899
1882.4827749 135899
1883.3825855 135897
1884.332121 135897
1885.3519643 135897
1886.3331581 135897
1887.3380908 135897
1888.3332746 135897
1889.4195245 135897
1890.4557034 135897
1891.8558106 135897
1892.5075992 135897
1893.3656765 135897
1894.3317694 135897
1895.4866407 135897
1896.4085639 135897
1897.3971717 135897
1898.3318418 135897
1900.0687405 135897
1900.7865338 135897
1901.3805404 135897
1902.824863 135897
1903.7582178 135895
1904.6366471 135895
1905.3859848 135895
1906.3321512 135895
1907.3319229 135895
1908.3320209 135895
1909.3323114 135895
1910.3658654 135895
1911.3321353 135895
1912.3317756 135895
1913.3366031 135895
1914.3320881 135895
1915.3315087 135895
1917.333582 135895
1918.3339053 135895
1919.3337047 135895
1920.3340783 135895
1921.3311044 135895
1922.3319768 135895
1923.3333023 135895
1924.3318592 135895
1925.3311567 135895
1926.330798 135895
1927.3318613 135895
1928.3310525 135895
1929.3315842 135895
1930.3312804 135895
1931.3317951 135895
1932.3311187 135895
1933.3308036 135895
1934.33146 135895
1935.3320147 135895
1936.3312983 135895
1937.3315796 135895
1938.5999821 135893
1939.6780708 135893
1940.5407704 135893
1941.4350626 135893
1942.6294009 135893
1943.7651484 135893
1944.6220321 135893
1945.5659775 135893
1946.6014077 135893
1947.3699052 135893
1948.6468363 135893
1949.7420813 135893
1950.6736343 135893
1951.627186 135893
1952.669574 135893
1953.4000471 135893
1954.6521462 135893
1955.6345764 135893
1956.7575533 135893
1957.6468599 135893
1958.4093259 135893
1959.3305008 135893
1960.3302889 135893
1961.339616 135893
1962.3309058 135893
1963.3312019 135893
1964.3299425 135893
1965.3301827 135893
1966.3301852 135893
1967.3305763 135893
1968.3322098 135890
1969.3307903 135890
1970.3303474 135890
1971.3307097 135890
1972.330488 135890
1973.3309442 135890
1974.3304403 135890
1975.3304957 135890
1976.3310961 135890
1977.3309181 135890
1978.330759 135887
1979.3300528 135887
1980.3308667 135887
1981.3309643 135887
1982.3306861 135887
1983.4421287 135887
1984.3298696 135887
1985.3308539 135887
1986.3306368 135887
1987.3344036 135887
1988.3307492 135887
1989.3302699 135887
1990.3307887 135887
1991.3689609 135887
1992.329981 135887
1993.3300246 135887
1994.3300888 135887
1995.3299538 135887
1996.3299759 135887
1997.3304059 135887
1998.3302396 135887
1999.3296828 135887
2000.3301406 135887
2001.3300431 135887
2002.3304198 135887
2003.3304644 135887
2004.330369 135887
2005.329824 135887
2006.3294781 135887
2007.3303007 135887
2008.3302088 135887
2009.3290429 135887
2010.3303341 135887
2011.3294324 135887
2012.3304998 135887
2013.3298132 135887
2014.3293549 135887
2015.329963 135887
2016.3292928 135887
2017.3299738 135887
2018.3300092 135887
2019.3357625 135887
2020.3289454 135887
2021.3898455 135887
2022.7818792 135887
2023.4887084 135887
2025.0167477 135887
2025.7262311 135887
2026.4506198 135887
2027.6705485 135887
2028.4305661 135887
2029.3676359 135887
2030.3289418 135887
2031.5261354 135887
2032.7172888 135887
2033.3843021 135887
2034.3606237 135887
2035.3296459 135887
2036.3288084 135887
2037.3297095 135887
2038.3287298 135887
2039.3295202 135887
2040.3295058 135887
2041.3292749 135887
2042.3294545 135887
2043.3321554 135887
2044.3284599 135887
2045.3298378 135887
2046.3292969 135887
2047.3296685 135887
2048.3282803 135887
2049.3283291 135887
2050.3290321 135887
2051.3289064 135887
2052.3334937 135887
2053.3289644 135887
2054.3290665 135887
2055.329651 135887
2056.3285841 135887
2057.3289433 135887
2058.3292554 135887
2059.3285733 135887
2060.3282705 135887
2061.3286647 135887
2062.3284409 135887
2063.329126 135887
2064.3286708 135887
2065.3289639 135887
2066.3288438 135887
2067.328717 135887
2068.328912 135887
2069.3285307 135887
2070.3283645 135887
2071.328442 135887
2072.3289695 135887
2073.3324889 135887
2074.3279513 135887
2075.3281669 135887
2076.3281135 135887
2077.3290357 135887
2078.328268 135887
2079.3283881 135887
2080.8354115 135887
2081.5532916 135887
2082.9302449 135887
2083.4591844 135887
2084.8460693 135887
2085.7131875 135887
2086.6672067 135887
2087.5100419 135887
2088.3280329 135887
2089.3285543 135887
2090.3323386 135887
2091.3279837 135887
2092.4340876 135887
2093.3285995 135887
2094.3282798 135887
2095.3288037 135887
2096.3286205 135887
2097.4332788 135887
2098.5273573 135887
2099.5764105 135887
2100.452049 135887
2101.5160765 135887
2102.3280607 135887
2103.3306368 135887
2104.3283075 135887
2105.3312788 135887
2106.3282977 135887
2107.3274151 135887
2108.3286164 135885
2109.3284163 135885
2110.3280776 135885
2111.328112 135885
2112.3279195 135885
2113.3273155 135885
2114.3281653 135885
2115.3281592 135885
2116.3281248 135885
2117.328269 135885
2118.3281648 135885
2119.328055 135885
2120.7925878 135885
2121.631993 135885
2122.604904 135885
2123.3415979 135885
2124.6140849 135885
2125.4417674 135885
2126.3415964 135885
2127.6971238 135885
2128.5603242 135885
2129.3929815 135885
2130.3845479 135885
2131.3278451 135885
2132.3445749 135885
2133.328016 135885
2134.3273242 135885
2135.3285661 135885
2136.3274659 135885
2137.4091207 135885
2138.4123163 135885
2139.3274566 135885
2140.5416762 135885
2141.3265565 135885
2142.3268752 135885
2143.5907473 135885
2144.5568946 135885
2145.3578038 135885
2146.3273571 135885
2147.3282074 135885
2148.327683 135885
2149.3267125 135885
2150.3274074 135885
2151.3265555 135885
2152.3274043 135885
2153.4934091 135885
2154.3274341 135885
2155.3268064 135885
2156.3322996 135885
2157.3271066 135885
2158.327492 135885
2159.7240167 135885
2160.62627 135885
2161.3900564 135885
2162.3270892 135885
2163.3298086 135885
2164.3269968 135885
2165.3269763 135885
2166.3267423 135885
2167.3272278 135885
2168.3270174 135885
2169.326634 135885
2170.3267407 135885
2171.327119 135885
2172.3271862 135885
2173.326867 135885
2174.326771 135885
2175.3268824 135885
2176.3270753 135885
2177.3310936 135885
2178.32638 135885
2179.3273119 135885
2180.3265078 135885
2181.3268536 135885
2182.3265586 135885
2183.3269445 135885
2184.3265201 135885
2185.3274453 135885
2186.3268418 135885
2187.3269758 135885
2188.326593 135885
2189.326439 135885
2190.3270256 135885
2191.3266668 135885
2192.3263066 135885
2193.3263312 135885
2194.3262173 135885
2195.3267105 135885
2196.3262214 135885
2197.3264641 135885
2198.3270353 135885
2199.3271995 135885
2200.326518 135885
2201.3260931 135885
2202.3262804 135885
2203.3262958 135885
2204.3262578 135885
2205.3281474 135885
2206.325855 135885
2207.3256466 135885
2208.3256595 135885
2209.3265119 135885
2210.3276091 135885
2211.3257252 135885
2212.3263466 135885
2213.32646 135885
2214.3256153 135885
2215.3258324 135885
2216.3261136 135885
2217.3257549 135885
2218.3259653 135885
2219.3293662 135885
2220.3262445 135885
2221.326185 135885
2222.3255425 135885
2223.3277148 135885
2224.3255127 135885
2225.330294 135885
2226.3253562 135885
2227.3258755 135885
2228.325524 135885
2229.3273653 135885
2230.3257087 135885
2231.3257144 135885
2232.3260669 135885
2233.3287996 135885
2234.3261029 135885
2235.3249959 135885
2236.3259279 135885
2237.3256333 135885
2238.3250154 135885
2239.4143459 135885
2240.3259792 135885
2241.3270851 135885
2242.325485 135885
2243.3259289 135885
2244.3248805 135885
2245.3247465 135885
2246.3253213 135885
2247.3258642 135885
2248.3281689 135885
2249.3257955 135885
2250.3260228 135885
2251.3251222 135885
2252.3254814 135885
2253.3253844 135885
2254.3256713 135885
2255.32535 135885
2256.3256302 135885
2257.3252505 135885
2258.3255676 135885
2259.3254701 135885
2260.3253957 135885
2261.3254629 135885
2262.3253469 135885
2263.3296669 135885
2264.3248368 135885
2265.325233 135885
2266.325484 135885
2267.3571377 135885
2268.4302649 135885
2269.3254383 135885
2270.3245115 135885
2271.3255096 135885
2272.4797235 135885
2273.4959294 135885
2274.3244904 135885
2275.3247701 135885
2276.3303777 135885
2277.325214 135885
2278.3329564 135885
2279.3257252 135885
2280.4989135 135885
2281.3244673 135885
2282.3254249 135885
2283.3268947 135885
2284.3250662 135885
2285.3242143 135885
2286.3306261 135885
2287.457789 135885
2288.32383 135885
2289.3248743 135885
2290.3237694 135885
2291.3251863 135885
2292.3243139 135885
2293.5414124 135885
2294.6099404 135885
2295.4656484 135885
2296.7824011 135885
2297.556518 135885
2298.3365272 135885
2299.3248522 135885
2300.3245289 135885
2301.3240681 135885
2302.3253469 135885
2303.3709572 135885
2304.4920748 135885
2305.753299 135885
2306.4239271 135885
2307.3332859 135885
2308.4748165 135885
2309.3243899 135885
2310.3242698 135885
2311.5512804 135885
2312.579875 135885
2313.3697605 135885
2314.332473 135885
2315.3249985 135885
2316.3252551 135885
2317.3256872 135885
2318.3244894 135885
2319.3240917 135885
2320.323831 135885
2321.3243791 135885
2322.3241235 135885
2323.3237227 135885
2324.3239131 135885
2325.3240506 135885
2326.4627382 135885
2327.323849 135885
2328.323637 135885
2329.3242662 135885
2330.3244401 135885
2331.3230607 135885
2332.3239819 135885
2333.3242846 135885
2334.3236242 135885
2335.3244032 135885
2336.3240953 135885
2337.3236293 135885
2338.3243688 135885
2339.3229386 135885
2340.3244345 135885
2341.323832 135885
2342.3233127 135885
2343.3268721 135885
2344.3239506 135885
2345.3239814 135885
2346.3236955 135885
2347.3233317 135885
2348.3235944 135885
2349.3233445 135885
2350.3234518 135885
2351.3233589 135885
2352.3236432 135885
2353.3234169 135885
2354.3232121 135885
2355.3236678 135885
2357.0425855 135885
2357.5255971 135885
2358.7835553 135885
2359.32821 135885
2360.4781583 135885
2361.3234784 135885
2362.6733043 135885
2363.5198443 135885
2364.6325072 135885
2365.5183817 135885
2366.423108 135885
2367.322975 135885
2368.3230422 135885
2369.3227749 135885
2370.3232963 135885
2371.3226886 135885
2372.3231885 135885
2373.3229011 135885
2374.3230443 135885
2375.3234333 135885
2376.3278851 135885
2377.3227487 135885
2378.3231166 135885
2379.3228893 135885
2380.3238361 135885
2381.3251422 135885
2382.350299 135885
2383.3233383 135885
2384.3782142 135885
2385.4228278 135885
2386.3223756 135885
2387.3231084 135885
2388.3236129 135885
2389.3228267 135885
2390.3233707 135885
2391.3233142 135885
2392.3230499 135885
2393.3236616 135885
2394.3358339 135885
2395.5797631 135885
2396.3225875 135885
2397.3228883 135885
2398.3227882 135885
2399.3224603 135885
2400.322723 135885
2401.322021 135885
2402.3223304 135885
2403.3251571 135885
2404.3225095 135885
2405.3224141 135885
2406.3223022 135885
2407.3233224 135885
2408.3226522 135885
2409.3239152 135885
2410.3228057 135885
2411.3221955 135885
2412.3226086 135885
2413.3224074 135885
2414.3226743 135885
2415.323579 135885
2416.3222817 135885
2417.3222324 135885
2418.3225193 135883
2419.3223156 135883
2420.321828 135883
2421.3226543 135883
2422.3222088 135883
2423.3218978 135883
2424.3222899 135883
2425.3217716 135883
2426.3222997 135883
2427.3225501 135883
2428.3220939 135883
2429.3219286 135883
2430.3218383 135883
2431.322158 135883
2432.3217921 135883
2433.3219122 135883
2434.3218378 135883
2435.3218265 135883
2436.3218019 135883
2437.3220898 135883
2438.3217921 135883
2439.3217054 135883
2440.3220153 135883
2441.3215386 135883
2442.3214216 135883
2443.3284851 135883
2444.3217485 135883
2445.3220307 135883
2446.321945 135883
2447.3219466 135883
2448.3224274 135881
2449.3211511 135881
2450.3219656 135881
2451.3217972 135881
2452.3219784 135881
2453.32319 135881
2454.3214816 135881
2455.3214242 135881
2456.4905373 135881
2457.3211342 135881
2458.3216808 135881
2459.321709 135881
2460.321147 135881
2461.3215381 135881
2462.3210829 135881
2463.3243503 135881
2464.3212035 135881
2465.3209613 135881
2466.3213503 135881
2467.3254429 135881
2468.3218814 135881
2469.32352 135881
2470.3217023 135881
2471.3215504 135881
2472.3214016 135881
2473.3429892 135881
2474.3208237 135881
2475.3216936 135881
2476.3213333 135881
2477.3215648 135881
2479.0516273 135881
2479.7552927 135881
2480.4255667 135881
2481.7152248 135881
2482.6809225 135881
2483.4420112 135881
2484.3211434 135881
2485.3209484 135881
2486.3213272 135881
2487.3260151 135881
2488.321049 135881
2489.3208925 135881
2490.3205605 135881
2491.3207878 135881
2492.3201397 135881
2493.3214652 135881
2494.3204614 135881
2495.5413123 135881
2496.6007103 135881
2497.8516676 135881
2498.3597062 135881
2499.3201705 135881
2500.3209582 135881
2501.3203963 135881
2502.3505823 135881
2503.3207273 135881
2504.3210603 135881
2505.3208556 135881
2506.3209346 135881
2507.3205163 135881
2508.3205158 135881
2509.3204075 135881
2510.3201976 135881
2511.3199729 135881
2512.323655 135881
2513.3208904 135881
2514.3208278 135881
2515.3208899 135881
2516.3199282 135881
2517.3207206 135881
2518.3210644 135880
2519.3207678 135880
2520.3206087 135880
2521.3205979 135880
2522.3205389 135880
2523.3224998 135880
2524.3201263 135880
2525.3210044 135880
2526.3198451 135880
2527.3200483 135880
2528.3210013 135879
2529.3200447 135879
2530.3200319 135879
2531.3203603 135879
2532.3197147 135879
2533.320621 135879
2534.3202356 135879
2535.3205897 135879
2536.3202423 135879
2537.3196675 135879
2538.3203193 135878
2539.3201191 135878
2540.3203819 135878
2541.3200237 135878
2542.3206708 135878
2543.3197265 135878
2544.3224541 135878
2545.3202649 135878
2546.3414917 135878
2547.319453 135878
2548.3203398 135878
2549.3193417 135878
2550.3203162 135878
2551.3191708 135878
2552.3197378 135878
2553.3203311 135878
2554.3194859 135878
2555.4092023 135878
2556.6498082 135878
2557.5756084 135878
2558.5625617 135877
2559.9018345 135877
2560.7330718 135877
2561.3933346 135877
2562.4681215 135877
2563.3695921 135877
2564.3403494 135877
2565.3191215 135877
2566.3196239 135877
2567.3244704 135877
2568.3194597 135877
2569.3194022 135877
2570.319822 135877
2571.319607 135877
2572.3198718 135877
2573.3196424 135877
2574.3189783 135877
2575.3197927 135877
2576.3189532 135877
2577.3195336 135877
2578.3198436 135876
2579.3192185 135876
2580.3198194 135876
2581.3191005 135876
2582.3195413 135876
2590.6879162 135878
2595.9407164 135879
2699.6736671 135880
2752.0605521 135882
2779.1884335 135883
3561.8747071 135884
3682.1305715 135884
3772.6669188 135885
3822.9227786 135883
3844.7708447 135882
3873.6648373 135881
3878.6702391 135881
3889.7464038 135880
3904.8902673 135879
3941.1781811 135878
4135.6318688 13587
4143.7138505 135870
4150.153693 135890
4160.6436972 135900
4188.289617 136000
4201.6530079 135878
4213.9298184 135879
4712.0327129 135879
4719.9446972 135877
4784.8325202 135876
4790.8164375 135876
4791.2327028 135876
4791.6364505 135876
4792.0235956 135876
4792.4447495 135876
4792.4467607 135876
4792.8412254 135876
4792.8434793 135876
4794.848472 135876
4801.9686547 135875
4822.6520262 135874
4850.0970344 135873
4877.7448017 135872
4929.7443033 135871
5168.6443607 135870
8813.6036796 135870
66051.6175422 135870
71011.0113988 135870
