2.180983e-01 78968 
1.217487e+00 84861 
2.208850e+00 90148 
3.216352e+00 94930 
4.205365e+00 99207 
5.207745e+00 103029 
6.320280e+00 106498 
7.239537e+00 109562 
8.200901e+00 112273 
9.215964e+00 114782 
1.021202e+01 116988 
1.119850e+01 118941 
1.220777e+01 120743 
1.320678e+01 122343 
1.421331e+01 123740 
1.520239e+01 125037 
1.621108e+01 126131 
1.719770e+01 127175 
1.820893e+01 128118 
1.920504e+01 128909 
2.021537e+01 129650 
2.119875e+01 130392 
2.221360e+01 130981 
2.320363e+01 131520 
2.421032e+01 132060 
2.520582e+01 132498 
2.620834e+01 132885 
2.721192e+01 133273 
2.819927e+01 133610 
2.920187e+01 133897 
3.020497e+01 134235 
3.121113e+01 134522 
3.221069e+01 134708 
3.321357e+01 134995 
3.419746e+01 135181 
3.521642e+01 135316 
3.620348e+01 135554 
3.721047e+01 135689 
3.820551e+01 135825 
3.920450e+01 136012 
4.021263e+01 136097 
4.120329e+01 136182 
4.220915e+01 136318 
4.320813e+01 136403 
4.421501e+01 136489 
4.520534e+01 136574 
4.620480e+01 136660 
4.720249e+01 136695 
4.820113e+01 136780 
4.919755e+01 136815 
5.021058e+01 136850 
5.120241e+01 136936 
5.220470e+01 136971 
5.321163e+01 137006 
5.420743e+01 137041 
5.520789e+01 137076 
5.620618e+01 137060 
5.721342e+01 137146 
5.820113e+01 137130 
5.921613e+01 137114 
6.020592e+01 137149 
6.121798e+01 137184 
6.221528e+01 137169 
6.320705e+01 137204 
6.420648e+01 137188 
6.521593e+01 137172 
6.619725e+01 137207 
6.720114e+01 137192 
6.821402e+01 137176 
6.920405e+01 137262 
7.020680e+01 137246 
7.120827e+01 137179 
7.221345e+01 137215 
7.320292e+01 137199 
7.420124e+01 137183 
7.519819e+01 137218 
7.620633e+01 137202 
7.721615e+01 137187 
7.820539e+01 137222 
7.920118e+01 137206 
8.019727e+01 137190 
8.120745e+01 137225 
8.221175e+01 137210 
8.320326e+01 137194 
8.421105e+01 137229 
8.520484e+01 137213 
8.619878e+01 137197 
8.720512e+01 137233 
8.819760e+01 137166 
8.921584e+01 137150 
9.020786e+01 137185 
9.121416e+01 137169 
9.221062e+01 137154 
9.320403e+01 137189 
9.420917e+01 137173 
9.520790e+01 137157 
9.620676e+01 137192 
9.720760e+01 137176 
9.821570e+01 137161 
9.920123e+01 137196 
1.002142e+02 137180 
1.012137e+02 137164 
1.021987e+02 137199 
1.032061e+02 137184 
1.041989e+02 137168 
1.052104e+02 137203 
1.062127e+02 137187 
1.071973e+02 137171 
1.082117e+02 137206 
1.092084e+02 137191 
1.102017e+02 137175 
1.112090e+02 137210 
1.122019e+02 137194 
1.132099e+02 137178 
1.141962e+02 137214 
1.152157e+02 137198 
1.162031e+02 137182 
1.171978e+02 137217 
1.182011e+02 137201 
1.192137e+02 137186 
1.201986e+02 137221 
1.212154e+02 137205 
1.221968e+02 137189 
1.232012e+02 137224 
1.241999e+02 137158 
1.251973e+02 137142 
1.262041e+02 137228 
1.272065e+02 137161 
1.282070e+02 137196 
1.292096e+02 137180 
1.302124e+02 137165 
1.312126e+02 137149 
1.322018e+02 137235 
1.332031e+02 137168 
1.342054e+02 137203 
1.351950e+02 137188 
1.361991e+02 137172 
1.372024e+02 137156 
1.382092e+02 137242 
1.391994e+02 137175 
1.402004e+02 137160 
1.412011e+02 137195 
1.421966e+02 137179 
1.432137e+02 137163 
1.442118e+02 137198 
1.451966e+02 137182 
1.461984e+02 137167 
1.472126e+02 137202 
1.482016e+02 137186 
1.492016e+02 137170 
1.502027e+02 137205 
1.512116e+02 137190 
1.522134e+02 137174 
1.532107e+02 137209 
1.542030e+02 137193 
1.551958e+02 137177 
1.561962e+02 137212 
1.572129e+02 137197 
1.582049e+02 137181 
1.592005e+02 137216 
1.602008e+02 137200 
1.612125e+02 137184 
1.622098e+02 137220 
1.632058e+02 137204 
1.642043e+02 137188 
1.652069e+02 137223 
1.662078e+02 137207 
1.672119e+02 137192 
1.682065e+02 137227 
1.692114e+02 137211 
1.702067e+02 137195 
1.712002e+02 137180 
1.722111e+02 137164 
1.732115e+02 137148 
1.742044e+02 137183 
1.752105e+02 137167 
1.762073e+02 137151 
1.772088e+02 137238 
1.781994e+02 137171 
1.791999e+02 137155 
1.802140e+02 137190 
1.811998e+02 137174 
1.822067e+02 137158 
1.832050e+02 137194 
1.841978e+02 137178 
1.852035e+02 137162 
1.862096e+02 137197 
1.871946e+02 137181 
1.881990e+02 137166 
1.891956e+02 137201 
1.902121e+02 137185 
1.911944e+02 137169 
1.922124e+02 137204 
1.931974e+02 137188 
1.942070e+02 137173 
1.952112e+02 137208 
1.962099e+02 137192 
1.972006e+02 137176 
1.982133e+02 137211 
1.992130e+02 137196 
2.002015e+02 137180 
2.011942e+02 137215 
2.021966e+02 137199 
2.031997e+02 137183 
2.042032e+02 137219 
2.051977e+02 137203 
2.062080e+02 137187 
2.072096e+02 137222 
2.082012e+02 137206 
2.092092e+02 137191 
2.101947e+02 137175 
2.112124e+02 137210 
2.122034e+02 137143 
2.132038e+02 137178 
2.141992e+02 137163 
2.152050e+02 137147 
2.162113e+02 137182 
2.172083e+02 137166 
2.182069e+02 137150 
2.192099e+02 137185 
2.202087e+02 137169 
2.212045e+02 137154 
2.222091e+02 137189 
2.232029e+02 137173 
2.242047e+02 137157 
2.252009e+02 137192 
2.262089e+02 137177 
2.272077e+02 137161 
2.282022e+02 137196 
2.292133e+02 137180 
2.302100e+02 137164 
2.312050e+02 137199 
2.322038e+02 137184 
2.332086e+02 137168 
2.341997e+02 137203 
2.352049e+02 137187 
2.362054e+02 137171 
2.371957e+02 137207 
2.382112e+02 137191 
2.392120e+02 137175 
2.402067e+02 137210 
2.412115e+02 137194 
2.421986e+02 137178 
2.432064e+02 137214 
2.441984e+02 137198 
2.452035e+02 137182 
2.462032e+02 137217 
2.472058e+02 137201 
2.482033e+02 137186 
2.492125e+02 137221 
2.501952e+02 137154 
2.512104e+02 137189 
2.522069e+02 137224 
2.532023e+02 137158 
2.542030e+02 137142 
2.551985e+02 137177 
2.562094e+02 137161 
2.572116e+02 137145 
2.582013e+02 137180 
2.592066e+02 137165 
2.602095e+02 137149 
2.612010e+02 137184 
2.622001e+02 137168 
2.632003e+02 137152 
2.641936e+02 137187 
2.651982e+02 137172 
2.662004e+02 137156 
2.672093e+02 137242 
2.682101e+02 137175 
2.691984e+02 137159 
2.702037e+02 137195 
2.711994e+02 137179 
2.722137e+02 137163 
2.731965e+02 137198 
2.742027e+02 137182 
2.751996e+02 137166 
2.761978e+02 137202 
2.771956e+02 137186 
2.782018e+02 137170 
2.792070e+02 137205 
2.802022e+02 137189 
2.812112e+02 137174 
2.822028e+02 137209 
2.831998e+02 137193 
2.841993e+02 137177 
2.852098e+02 137212 
2.861993e+02 137197 
2.871964e+02 137181 
2.882116e+02 137216 
2.892041e+02 137200 
2.902005e+02 137133 
2.912079e+02 137168 
2.922027e+02 137153 
2.931960e+02 137137 
2.942058e+02 137223 
2.952059e+02 137156 
2.962102e+02 137140 
2.972041e+02 137175 
2.981958e+02 137211 
2.992088e+02 137144 
3.002060e+02 137179 
3.011983e+02 137163 
3.022034e+02 137147 
3.032025e+02 137182 
3.042084e+02 137167 
3.051958e+02 137202 
3.062031e+02 137186 
3.072082e+02 137170 
3.082066e+02 137154 
3.092060e+02 137190 
3.102065e+02 137174 
3.112108e+02 137158 
3.122033e+02 137193 
3.131950e+02 137177 
3.141937e+02 137161 
3.151948e+02 137197 
3.162053e+02 137181 
3.172069e+02 137165 
3.182110e+02 137200 
3.191972e+02 137184 
3.202024e+02 137168 
3.212079e+02 137204 
3.222046e+02 137188 
3.232099e+02 137172 
3.242056e+02 137207 
3.251963e+02 137191 
3.261943e+02 137176 
3.271976e+02 137211 
3.282130e+02 137195 
3.291975e+02 137179 
3.302080e+02 137214 
3.312050e+02 137199 
3.322086e+02 137183 
3.332023e+02 137218 
3.341952e+02 137202 
3.351947e+02 137135 
3.361980e+02 137222 
3.372050e+02 137155 
3.381979e+02 137190 
3.392018e+02 137174 
3.402035e+02 137209 
3.412000e+02 137143 
3.421979e+02 137178 
3.432023e+02 137162 
3.442080e+02 137146 
3.452044e+02 137232 
3.461992e+02 137165 
3.472080e+02 137150 
3.481983e+02 137185 
3.492032e+02 137169 
3.502047e+02 137153 
3.512001e+02 137239 
3.522079e+02 137172 
3.532096e+02 137157 
3.542039e+02 137192 
3.552022e+02 137176 
3.562090e+02 137160 
3.572073e+02 137195 
3.582038e+02 137179 
3.591975e+02 137164 
3.602058e+02 137199 
3.612022e+02 137183 
3.621938e+02 137167 
3.631969e+02 137202 
3.641996e+02 137187 
3.651975e+02 137171 
3.662056e+02 137206 
3.672048e+02 137190 
3.681934e+02 137174 
3.691955e+02 137209 
3.701937e+02 137194 
3.712014e+02 137178 
3.721979e+02 137213 
3.732057e+02 137197 
3.742046e+02 137181 
3.752055e+02 137217 
3.762107e+02 137201 
3.772089e+02 137185 
3.782010e+02 137220 
3.791983e+02 137153 
3.802101e+02 137138 
3.812222e+02 137224 
3.822034e+02 137157 
3.832052e+02 137192 
3.841981e+02 137176 
3.851938e+02 137161 
3.862063e+02 137145 
3.871949e+02 137231 
3.882015e+02 137164 
3.891974e+02 137148 
3.902012e+02 137183 
3.912016e+02 137168 
3.921952e+02 137152 
3.932007e+02 137187 
3.942094e+02 137171 
3.951991e+02 137206 
3.962119e+02 137190 
3.972004e+02 137175 
3.982102e+02 137159 
3.991998e+02 137194 
4.001942e+02 137178 
4.012056e+02 137162 
4.022064e+02 137198 
4.032041e+02 137182 
4.042120e+02 137166 
4.051929e+02 137201 
4.061946e+02 137185 
4.072089e+02 137169 
4.082024e+02 137205 
4.091969e+02 137189 
4.102035e+02 137173 
4.112018e+02 137208 
4.122044e+02 137192 
4.132063e+02 137177 
4.142045e+02 137212 
4.151954e+02 137196 
4.162082e+02 137180 
4.172131e+02 137215 
4.181967e+02 137200 
4.192086e+02 137184 
4.202085e+02 137168 
4.211959e+02 137152 
4.222063e+02 137136 
4.232047e+02 137171 
4.241909e+02 137156 
4.251983e+02 137140 
4.261969e+02 137175 
4.271968e+02 137159 
4.282016e+02 137143 
4.292104e+02 137178 
4.301995e+02 137163 
4.311943e+02 137147 
4.321961e+02 137182 
4.331929e+02 137166 
4.342067e+02 137150 
4.351941e+02 137185 
4.361972e+02 137170 
4.371932e+02 137154 
4.381930e+02 137189 
4.392073e+02 137173 
4.401964e+02 137157 
4.411973e+02 137192 
4.421947e+02 137177 
4.431934e+02 137161 
4.441980e+02 137196 
4.452068e+02 137180 
4.462009e+02 137164 
4.472091e+02 137199 
4.481952e+02 137184 
4.491956e+02 137168 
4.502047e+02 137152 
4.511967e+02 137136 
4.522096e+02 137120 
4.532032e+02 137206 
4.541915e+02 137140 
4.551932e+02 137124 
4.562096e+02 137210 
4.572074e+02 137143 
4.582061e+02 137127 
4.591991e+02 137162 
4.601912e+02 137146 
4.611952e+02 137131 
4.622074e+02 137217 
4.632056e+02 137201 
4.642004e+02 137134 
4.652055e+02 137220 
4.661908e+02 137154 
4.672061e+02 137138 
4.682109e+02 137224 
4.692035e+02 137157 
4.701966e+02 137141 
4.711980e+02 137176 
4.722002e+02 137161 
4.731956e+02 137145 
4.741921e+02 137231 
4.752121e+02 137164 
4.761977e+02 137148 
4.772032e+02 137183 
4.781940e+02 137168 
4.791988e+02 137152 
4.801962e+02 137187 
4.812018e+02 137171 
4.822068e+02 137155 
4.832045e+02 137190 
4.842084e+02 137175 
4.851953e+02 137159 
4.861919e+02 137194 
4.872098e+02 137178 
4.882040e+02 137162 
4.892019e+02 137197 
4.902119e+02 137182 
4.911914e+02 137166 
4.921992e+02 137201 
4.932009e+02 137185 
4.941976e+02 137169 
4.952051e+02 137205 
4.962073e+02 137189 
4.972124e+02 137122 
4.982080e+02 137208 
4.991925e+02 137141 
5.001984e+02 137125 
5.011951e+02 137212 
5.022111e+02 137145 
5.032028e+02 137129 
5.042042e+02 137164 
5.052037e+02 137148 
5.061954e+02 137132 
5.072494e+02 137167 
5.081978e+02 137152 
5.091975e+02 137136 
5.101904e+02 137171 
5.112056e+02 137155 
5.122063e+02 137139 
5.131985e+02 137174 
5.142049e+02 137159 
5.151997e+02 137143 
5.162036e+02 137178 
5.171985e+02 137162 
5.181912e+02 137146 
5.191985e+02 137181 
5.201983e+02 137166 
5.211985e+02 137150 
5.222035e+02 137185 
5.231973e+02 137169 
5.242048e+02 137153 
5.251978e+02 137188 
5.261980e+02 137173 
5.271942e+02 137157 
5.282060e+02 137192 
5.291895e+02 137176 
5.301998e+02 137160 
5.312032e+02 137195 
5.322118e+02 137180 
5.331963e+02 137164 
5.341977e+02 137199 
5.352018e+02 137183 
5.361908e+02 137167 
5.371993e+02 137202 
5.382078e+02 137187 
5.392062e+02 137171 
5.401978e+02 137206 
5.412136e+02 137190 
5.421910e+02 137174 
5.431922e+02 137210 
5.441969e+02 137143 
5.452034e+02 137127 
5.461967e+02 137213 
5.471915e+02 137146 
5.482087e+02 137181 
5.491941e+02 137166 
5.501933e+02 137150 
5.511892e+02 137185 
5.521936e+02 137220 
5.532020e+02 137153 
5.542045e+02 137137 
5.551963e+02 137224 
5.561900e+02 137157 
5.571973e+02 137141 
5.581911e+02 137227 
5.592028e+02 137160 
5.602033e+02 137145 
5.611909e+02 137231 
5.621946e+02 137164 
5.631931e+02 137148 
5.641943e+02 137234 
5.651930e+02 137167 
5.661950e+02 137152 
5.672094e+02 137187 
5.681943e+02 137171 
5.691976e+02 137155 
5.702004e+02 137190 
5.711945e+02 137174 
5.722027e+02 137159 
5.731969e+02 137194 
5.742024e+02 137178 
5.752062e+02 137162 
5.761923e+02 137197 
5.772078e+02 137182 
5.782008e+02 137166 
5.792020e+02 137201 
5.801995e+02 137185 
5.812142e+02 137169 
5.822085e+02 137204 
5.832015e+02 137189 
5.842054e+02 137173 
5.851970e+02 137208 
5.861950e+02 137192 
5.872309e+02 137176 
5.881951e+02 137212 
5.891917e+02 137145 
5.901927e+02 137129 
5.912004e+02 137215 
5.921975e+02 137148 
5.931985e+02 137183 
5.942004e+02 137219 
5.951973e+02 137152 
5.961886e+02 137136 
5.971951e+02 137222 
5.981890e+02 137206 
5.992032e+02 137140 
6.001925e+02 137226 
6.011967e+02 137159 
6.022018e+02 137194 
6.031977e+02 137229 
6.041884e+02 137163 
6.052031e+02 137147 
6.061973e+02 137233 
6.071973e+02 137166 
6.082082e+02 137150 
6.091887e+02 137236 
6.102013e+02 137170 
6.111937e+02 137154 
6.122036e+02 137240 
6.132038e+02 137173 
6.142028e+02 137157 
6.151951e+02 137193 
6.162021e+02 137177 
6.171927e+02 137161 
6.181935e+02 137196 
6.191928e+02 137180 
6.201964e+02 137164 
6.212074e+02 137200 
6.221972e+02 137184 
6.231969e+02 137168 
6.242004e+02 137203 
6.251997e+02 137187 
6.261911e+02 137172 
6.271983e+02 137207 
6.282130e+02 137191 
6.291909e+02 137175 
6.301895e+02 137210 
6.311914e+02 137194 
6.321926e+02 137179 
6.331987e+02 137214 
6.341942e+02 137198 
6.352018e+02 137182 
6.362010e+02 137217 
6.372085e+02 137202 
6.382087e+02 137186 
6.391894e+02 137221 
6.401987e+02 137205 
6.412066e+02 137189 
6.421910e+02 137225 
6.431941e+02 137209 
6.442069e+02 137142 
6.451961e+02 137228 
6.461988e+02 137161 
6.471897e+02 137146 
6.482016e+02 137232 
6.491904e+02 137216 
6.501921e+02 137149 
6.512028e+02 137184 
6.521926e+02 137169 
6.531991e+02 137153 
6.541989e+02 137239 
6.552070e+02 137172 
6.562001e+02 137156 
6.572037e+02 137191 
6.581966e+02 137176 
6.591883e+02 137160 
6.602059e+02 137195 
6.612044e+02 137179 
6.621966e+02 137163 
6.632074e+02 137199 
6.641965e+02 137183 
6.651902e+02 137167 
6.661929e+02 137202 
6.671939e+02 137186 
6.681954e+02 137170 
6.691908e+02 137206 
6.702048e+02 137190 
6.712001e+02 137174 
6.721982e+02 137209 
6.732091e+02 137193 
6.741967e+02 137178 
6.751941e+02 137213 
6.761942e+02 137197 
6.772019e+02 137181 
6.782066e+02 137216 
6.791953e+02 137201 
6.801948e+02 137185 
6.811900e+02 137220 
6.821899e+02 137204 
6.831893e+02 137188 
6.841897e+02 137224 
6.851925e+02 137208 
6.862040e+02 137192 
6.871950e+02 137227 
6.882080e+02 137211 
6.891884e+02 137196 
6.901990e+02 137231 
6.912010e+02 137164 
6.922046e+02 137199 
6.931941e+02 137234 
6.941974e+02 137168 
6.951973e+02 137152 
6.962018e+02 137187 
6.971921e+02 137171 
6.981965e+02 137155 
6.992014e+02 137242 
7.001973e+02 137175 
7.012030e+02 137159 
7.022112e+02 137194 
7.031919e+02 137178 
7.042083e+02 137162 
7.051899e+02 137198 
7.062057e+02 137233 
7.072183e+02 137166 
7.081955e+02 137201 
7.091941e+02 137185 
7.102024e+02 137170 
7.111919e+02 137205 
7.121930e+02 137189 
7.131896e+02 137173 
7.141979e+02 137208 
7.151906e+02 137193 
7.161927e+02 137177 
7.172044e+02 137212 
7.182023e+02 137196 
7.191947e+02 137180 
7.201903e+02 137216 
7.211916e+02 137200 
7.222038e+02 137184 
7.231976e+02 137219 
7.242031e+02 137203 
7.252053e+02 137188 
7.261935e+02 137223 
7.271899e+02 137207 
7.281926e+02 137191 
7.291920e+02 137226 
7.302065e+02 137211 
7.311928e+02 137195 
7.321935e+02 137230 
7.331974e+02 137214 
7.342062e+02 137198 
7.351943e+02 137234 
7.361936e+02 137218 
7.371882e+02 137151 
7.382052e+02 137237 
7.391886e+02 137170 
7.401955e+02 137206 
7.411932e+02 137190 
7.421959e+02 137174 
7.431894e+02 137158 
7.441956e+02 137244 
7.451960e+02 137178 
7.462043e+02 137162 
7.471882e+02 137248 
7.481903e+02 137181 
7.492061e+02 137165 
7.502044e+02 137201 
7.511874e+02 137185 
7.521961e+02 137169 
7.532045e+02 137255 
7.541910e+02 137188 
7.551993e+02 137173 
7.561947e+02 137208 
7.571894e+02 137192 
7.582038e+02 137176 
7.592062e+02 137211 
7.602064e+02 137195 
7.612033e+02 137180 
7.621971e+02 137215 
7.632044e+02 137199 
7.641899e+02 137183 
7.652035e+02 137218 
7.661893e+02 137203 
7.671895e+02 137187 
7.682335e+02 137222 
7.692062e+02 137206 
7.702057e+02 137190 
7.712011e+02 137226 
7.721879e+02 137210 
7.731992e+02 137194 
7.741899e+02 137229 
7.751954e+02 137214 
7.761914e+02 137198 
7.771982e+02 137233 
7.781937e+02 137217 
7.791917e+02 137201 
7.801925e+02 137237 
7.811898e+02 137221 
7.821972e+02 137154 
7.831981e+02 137240 
7.841937e+02 137173 
7.851879e+02 137209 
7.861909e+02 137244 
7.871931e+02 137177 
7.881925e+02 137161 
7.891969e+02 137196 
7.902000e+02 137232 
7.911877e+02 137165 
7.922023e+02 137200 
7.931985e+02 137184 
7.941878e+02 137219 
7.952007e+02 137204 
7.962008e+02 137188 
7.971865e+02 137172 
7.982050e+02 137207 
7.991867e+02 137191 
8.001944e+02 137176 
8.012055e+02 137262 
8.021866e+02 137195 
8.032013e+02 137179 
8.042031e+02 137214 
8.051928e+02 137199 
8.062024e+02 137183 
8.072098e+02 137218 
8.081932e+02 137202 
8.091926e+02 137186 
8.102029e+02 137222 
8.111914e+02 137206 
8.121915e+02 137190 
8.131980e+02 137225 
8.142016e+02 137209 
8.151978e+02 137194 
8.161868e+02 137229 
8.171931e+02 137213 
8.181874e+02 137197 
8.191961e+02 137232 
8.201971e+02 137217 
8.211903e+02 137201 
8.221897e+02 137236 
8.231921e+02 137220 
8.242057e+02 137205 
8.251943e+02 137240 
8.261845e+02 137224 
8.271889e+02 137208 
8.281929e+02 137192 
8.291962e+02 137177 
8.301895e+02 137161 
8.311989e+02 137247 
8.321980e+02 137180 
8.331939e+02 137164 
8.342165e+02 137200 
8.351895e+02 137235 
8.361952e+02 137168 
8.372043e+02 137203 
8.381877e+02 137187 
8.391998e+02 137172 
8.401907e+02 137207 
8.411988e+02 137191 
8.421883e+02 137175 
8.431909e+02 137210 
8.442026e+02 137195 
8.451866e+02 137179 
8.462018e+02 137214 
8.471868e+02 137198 
8.481886e+02 137182 
8.491927e+02 137218 
8.501853e+02 137202 
8.512054e+02 137186 
8.521962e+02 137221 
8.531903e+02 137205 
8.541892e+02 137190 
8.552151e+02 137225 
8.561951e+02 137209 
8.572040e+02 137193 
8.581939e+02 137228 
8.591920e+02 137213 
8.601963e+02 137197 
8.611876e+02 137232 
8.621859e+02 137216 
8.631868e+02 137200 
8.641936e+02 137236 
8.651932e+02 137220 
8.661922e+02 137204 
8.671992e+02 137188 
8.682043e+02 137223 
8.691945e+02 137157 
8.701911e+02 137192 
8.712029e+02 137176 
8.721918e+02 137211 
8.731903e+02 137246 
8.741918e+02 137180 
8.751872e+02 137164 
8.762073e+02 137199 
8.771961e+02 137183 
8.781957e+02 137167 
8.792088e+02 137203 
8.801992e+02 137187 
8.811886e+02 137171 
8.821974e+02 137206 
8.832005e+02 137190 
8.841928e+02 137175 
8.851929e+02 137210 
8.861874e+02 137194 
8.872028e+02 137178 
8.882008e+02 137213 
8.891886e+02 137198 
8.901888e+02 137182 
8.912070e+02 137217 
8.921917e+02 137201 
8.931942e+02 137185 
8.942071e+02 137220 
8.951846e+02 137205 
8.961992e+02 137189 
8.971962e+02 137224 
8.981905e+02 137208 
8.992028e+02 137193 
9.001902e+02 137228 
9.011945e+02 137212 
9.021945e+02 137196 
9.031921e+02 137231 
9.041873e+02 137165 
9.052040e+02 137149 
9.061927e+02 137235 
9.071999e+02 137168 
9.081933e+02 137152 
9.091889e+02 137238 
9.101889e+02 137172 
9.111902e+02 137207 
9.121942e+02 137191 
9.131878e+02 137175 
9.141946e+02 137159 
9.151932e+02 137246 
9.161984e+02 137179 
9.172003e+02 137163 
9.182054e+02 137198 
9.191974e+02 137182 
9.202015e+02 137167 
9.212076e+02 137253 
9.221969e+02 137186 
9.231861e+02 137170 
9.242020e+02 137205 
9.251883e+02 137190 
9.262143e+02 137174 
9.272077e+02 137209 
9.281833e+02 137193 
9.291840e+02 137177 
9.301915e+02 137212 
9.311895e+02 137197 
9.322116e+02 137181 
9.331907e+02 137216 
9.341972e+02 137200 
9.351973e+02 137184 
9.361931e+02 137220 
9.371971e+02 137204 
9.381883e+02 137188 
9.391875e+02 137223 
9.401949e+02 137208 
9.411901e+02 137192 
9.421949e+02 137227 
9.431921e+02 137211 
9.441936e+02 137195 
9.452014e+02 137231 
9.461939e+02 137215 
9.471891e+02 137199 
9.481858e+02 137234 
9.491845e+02 137218 
9.501964e+02 137152 
9.511880e+02 137238 
9.521865e+02 137171 
9.531935e+02 137155 
9.541965e+02 137190 
9.551981e+02 137175 
9.561879e+02 137159 
9.571987e+02 137245 
9.581929e+02 137178 
9.591877e+02 137162 
9.602055e+02 137197 
9.612035e+02 137182 
9.622005e+02 137166 
9.631854e+02 137201 
9.641847e+02 137185 
9.651863e+02 137169 
9.661861e+02 137205 
9.672144e+02 137189 
9.682094e+02 137173 
9.691973e+02 137208 
9.701845e+02 137192 
9.711834e+02 137177 
9.722086e+02 137212 
9.732309e+02 137196 
9.741996e+02 137180 
9.752147e+02 137215 
9.761998e+02 137200 
9.771948e+02 137184 
9.781965e+02 137219 
9.792179e+02 137203 
9.801845e+02 137187 
9.811871e+02 137223 
9.821935e+02 137207 
9.832039e+02 137191 
9.841926e+02 137226 
9.851953e+02 137210 
9.861922e+02 137195 
9.871973e+02 137230 
9.881911e+02 137214 
9.891852e+02 137198 
9.901999e+02 137233 
9.911984e+02 137167 
9.921953e+02 137148 
9.931842e+02 137219 
9.941983e+02 137125 
9.951939e+02 137122 
9.961931e+02 137109 
9.971955e+02 137036 
9.981976e+02 136955 
9.991827e+02 136968 
1.000202e+03 136873 
1.001201e+03 136823 
1.002204e+03 136768 
1.003189e+03 136708 
1.004199e+03 136643 
1.005198e+03 136575 
1.006189e+03 136503 
1.007197e+03 136530 
1.008208e+03 136452 
1.009204e+03 136372 
1.010206e+03 136391 
1.011207e+03 136358 
1.012184e+03 136322 
1.013193e+03 136285 
1.014184e+03 136247 
1.015197e+03 136207 
1.016204e+03 136217 
1.017184e+03 136175 
1.018196e+03 136132 
1.019206e+03 136191 
1.020190e+03 136146 
1.021204e+03 136101 
1.022198e+03 136106 
1.023190e+03 136110 
1.024192e+03 136064 
1.025188e+03 136067 
1.026196e+03 136019 
1.027195e+03 136022 
1.028188e+03 136024 
1.029193e+03 136027 
1.030193e+03 135977 
1.031193e+03 136030 
1.032184e+03 135980 
1.033193e+03 135981 
1.034198e+03 135982 
1.035193e+03 135983 
1.036190e+03 135932 
1.037184e+03 135983 
1.038184e+03 135932 
1.039197e+03 135932 
1.040185e+03 135983 
1.041201e+03 135932 
1.042193e+03 135932 
1.043185e+03 135982 
1.044193e+03 135931 
1.045190e+03 135930 
1.046187e+03 135929 
1.047191e+03 135929 
1.048197e+03 135928 
1.049199e+03 135927 
1.050198e+03 135926 
1.051184e+03 135874 
1.052191e+03 135924 
1.053192e+03 135923 
1.054197e+03 135922 
1.055192e+03 135920 
1.056196e+03 135919 
1.057198e+03 135867 
1.058198e+03 135917 
1.059182e+03 135916 
1.060202e+03 135914 
1.061194e+03 135913 
1.062200e+03 135912 
1.063192e+03 135911 
1.064200e+03 135909 
1.065204e+03 135908 
1.066189e+03 135907 
1.067182e+03 135905 
1.068183e+03 135904 
1.069192e+03 135903 
1.070182e+03 135901 
1.071201e+03 135900 
1.072185e+03 135899 
1.073192e+03 135898 
1.074185e+03 135896 
1.075191e+03 135895 
1.076196e+03 135945 
1.077187e+03 135892 
1.078200e+03 135891 
1.079197e+03 135941 
1.080197e+03 135888 
1.081196e+03 135887 
1.082200e+03 135937 
1.083200e+03 135885 
1.084195e+03 135883 
1.085202e+03 135933 
1.086189e+03 135881 
1.087190e+03 135879 
1.088193e+03 135929 
1.089183e+03 135928 
1.090194e+03 135875 
1.091200e+03 135925 
1.092196e+03 135924 
1.093185e+03 135872 
1.094196e+03 135921 
1.095197e+03 135920 
1.096202e+03 135868 
1.097196e+03 135918 
1.098192e+03 135916 
1.099187e+03 135915 
1.100201e+03 135914 
1.101184e+03 135913 
1.102192e+03 135911 
1.103186e+03 135910 
1.104194e+03 135909 
1.105182e+03 135907 
1.106184e+03 135906 
1.107190e+03 135905 
1.108198e+03 135904 
1.109194e+03 135902 
1.110184e+03 135901 
1.111197e+03 135900 
1.112187e+03 135949 
1.113202e+03 135897 
1.114185e+03 135896 
1.115191e+03 135946 
1.116197e+03 135893 
1.117185e+03 135892 
1.118191e+03 135942 
1.119200e+03 135889 
1.120181e+03 135888 
1.121195e+03 135938 
1.122195e+03 135886 
1.123186e+03 135884 
1.124188e+03 135934 
1.125195e+03 135882 
1.126196e+03 135880 
1.127192e+03 135930 
1.128195e+03 135929 
1.129183e+03 135877 
1.130194e+03 135926 
1.131190e+03 135925 
1.132196e+03 135873 
1.133199e+03 135922 
1.134192e+03 135921 
1.135188e+03 135869 
1.136185e+03 135919 
1.137197e+03 135917 
1.138194e+03 135916 
1.139198e+03 135915 
1.140189e+03 135914 
1.141200e+03 135912 
1.142193e+03 135911 
1.143188e+03 135910 
1.144201e+03 135909 
1.145181e+03 135907 
1.146182e+03 135906 
1.147195e+03 135905 
1.148184e+03 135903 
1.149191e+03 135902 
1.150196e+03 135901 
1.151199e+03 135951 
1.152190e+03 135898 
1.153200e+03 135897 
1.154205e+03 135947 
1.155181e+03 135894 
1.156195e+03 135893 
1.157194e+03 135943 
1.158200e+03 135891 
1.159199e+03 135889 
1.160185e+03 135939 
1.161195e+03 135938 
1.162194e+03 135885 
1.163189e+03 135935 
1.164196e+03 135934 
1.165187e+03 135882 
1.166196e+03 135931 
1.167194e+03 135930 
1.168205e+03 135878 
1.169194e+03 135927 
1.170196e+03 135926 
1.171203e+03 135874 
1.172197e+03 135924 
1.173192e+03 135922 
1.174183e+03 135870 
1.175192e+03 135920 
1.176189e+03 135919 
1.177198e+03 135866 
1.178194e+03 135916 
1.179187e+03 135915 
1.180199e+03 135862 
1.181182e+03 135912 
1.182200e+03 135911 
1.183196e+03 135910 
1.184185e+03 135908 
1.185189e+03 135907 
1.186181e+03 135906 
1.187183e+03 135904 
1.188199e+03 135903 
1.189186e+03 135902 
1.190188e+03 135952 
1.191191e+03 135899 
1.192181e+03 135898 
1.193203e+03 135948 
1.194194e+03 135896 
1.195186e+03 135894 
1.196191e+03 135944 
1.197188e+03 135892 
1.198183e+03 135890 
1.199196e+03 135940 
1.200197e+03 135888 
1.201196e+03 135887 
1.202197e+03 135936 
1.203185e+03 135935 
1.204197e+03 135883 
1.205192e+03 135932 
1.206200e+03 135931 
1.207187e+03 135879 
1.208183e+03 135929 
1.209183e+03 135927 
1.210188e+03 135875 
1.211185e+03 135925 
1.212187e+03 135923 
1.213191e+03 135871 
1.214192e+03 135921 
1.215193e+03 135920 
1.216184e+03 135918 
1.217199e+03 135917 
1.218198e+03 135916 
1.219183e+03 135915 
1.220199e+03 135913 
1.221185e+03 135912 
1.222198e+03 135911 
1.223189e+03 135910 
1.224185e+03 135908 
1.225192e+03 135907 
1.226196e+03 135957 
1.227181e+03 135905 
1.228182e+03 135903 
1.229188e+03 135953 
1.230199e+03 135901 
1.231193e+03 135900 
1.232187e+03 135949 
1.233181e+03 135897 
1.234192e+03 135896 
1.235186e+03 135945 
1.236198e+03 135893 
1.237199e+03 135892 
1.238187e+03 135942 
1.239189e+03 135889 
1.240188e+03 135888 
1.241200e+03 135938 
1.242195e+03 135886 
1.243188e+03 135884 
1.244194e+03 135934 
1.245198e+03 135933 
1.246185e+03 135880 
1.247187e+03 135930 
1.248195e+03 135929 
1.249189e+03 135876 
1.250196e+03 135926 
1.251184e+03 135925 
1.252181e+03 135873 
1.253194e+03 135922 
1.254192e+03 135921 
1.255187e+03 135920 
1.256192e+03 135919 
1.257193e+03 135917 
1.258183e+03 135916 
1.259183e+03 135915 
1.260194e+03 135914 
1.261195e+03 135912 
1.262182e+03 135911 
1.263196e+03 135910 
1.264195e+03 135909 
1.265187e+03 135907 
1.266195e+03 135906 
1.267197e+03 135905 
1.268183e+03 135955 
1.269198e+03 135902 
1.270196e+03 135901 
1.271184e+03 135951 
1.272197e+03 135899 
1.273186e+03 135897 
1.274203e+03 135947 
1.275195e+03 135895 
1.276195e+03 135893 
1.277193e+03 135943 
1.278188e+03 135942 
1.279179e+03 135890 
1.280181e+03 135939 
1.281191e+03 135938 
1.282184e+03 135886 
1.283194e+03 135936 
1.284196e+03 135934 
1.285188e+03 135882 
1.286189e+03 135932 
1.287182e+03 135930 
1.288183e+03 135878 
1.289196e+03 135928 
1.290190e+03 135927 
1.291186e+03 135874 
1.292195e+03 135924 
1.293196e+03 135923 
1.294196e+03 135922 
1.295195e+03 135920 
1.296182e+03 135919 
1.297183e+03 135918 
1.298193e+03 135917 
1.299193e+03 135915 
1.300180e+03 135914 
1.301191e+03 135913 
1.302194e+03 135912 
1.303192e+03 135910 
1.304201e+03 135909 
1.305194e+03 135908 
1.306195e+03 135906 
1.307181e+03 135905 
1.308194e+03 135904 
1.309182e+03 135903 
1.310188e+03 135952 
1.311187e+03 135900 
1.312191e+03 135899 
1.313193e+03 135949 
1.314201e+03 135896 
1.315181e+03 135895 
1.316190e+03 135945 
1.317188e+03 135893 
1.318192e+03 135891 
1.319185e+03 135941 
1.320196e+03 135940 
1.321179e+03 135888 
1.322183e+03 135937 
1.323194e+03 135936 
1.324195e+03 135884 
1.325191e+03 135933 
1.326180e+03 135932 
1.327195e+03 135880 
1.328186e+03 135930 
1.329192e+03 135928 
1.330189e+03 135876 
1.331190e+03 135926 
1.332197e+03 135924 
1.333177e+03 135923 
1.334192e+03 135922 
1.335186e+03 135921 
1.336198e+03 135919 
1.337182e+03 135918 
1.338187e+03 135917 
1.339190e+03 135916 
1.340192e+03 135914 
1.341186e+03 135913 
1.342181e+03 135912 
1.343196e+03 135911 
1.344189e+03 135909 
1.345188e+03 135908 
1.346187e+03 135958 
1.347181e+03 135906 
1.348187e+03 135904 
1.349187e+03 135954 
1.350190e+03 135902 
1.351193e+03 135900 
1.352200e+03 135950 
1.353188e+03 135898 
1.354196e+03 135897 
1.355198e+03 135946 
1.356186e+03 135894 
1.357198e+03 135893 
1.358197e+03 135943 
1.359178e+03 135941 
1.360185e+03 135889 
1.361181e+03 135939 
1.362196e+03 135938 
1.363194e+03 135885 
1.364183e+03 135935 
1.365180e+03 135934 
1.366183e+03 135882 
1.367194e+03 135931 
1.368183e+03 135930 
1.369182e+03 135878 
1.370178e+03 135927 
1.371187e+03 135926 
1.372181e+03 135925 
1.373183e+03 135924 
1.374178e+03 135922 
1.375188e+03 135921 
1.376186e+03 135920 
1.377187e+03 135919 
1.378187e+03 135866 
1.379185e+03 135916 
1.380184e+03 135915 
1.381196e+03 135913 
1.382177e+03 135912 
1.383184e+03 135911 
1.384196e+03 135910 
1.385198e+03 135908 
1.386186e+03 135907 
1.387189e+03 135906 
1.388194e+03 135905 
1.389185e+03 135903 
1.390197e+03 135902 
1.391187e+03 135952 
1.392192e+03 135900 
1.393188e+03 135898 
1.394183e+03 135948 
1.395193e+03 135896 
1.396181e+03 135894 
1.397180e+03 135944 
1.398190e+03 135892 
1.399193e+03 135891 
1.400183e+03 135940 
1.401177e+03 135939 
1.402176e+03 135887 
1.403177e+03 135937 
1.404185e+03 135935 
1.405189e+03 135883 
1.406184e+03 135933 
1.407196e+03 135932 
1.408185e+03 135879 
1.409183e+03 135929 
1.410193e+03 135928 
1.411181e+03 135875 
1.412187e+03 135925 
1.413178e+03 135924 
1.414197e+03 135872 
1.415195e+03 135921 
1.416193e+03 135920 
1.417188e+03 135919 
1.418181e+03 135917 
1.419181e+03 135916 
1.420192e+03 135915 
1.421182e+03 135914 
1.422179e+03 135912 
1.423191e+03 135911 
1.424178e+03 135910 
1.425183e+03 135909 
1.426189e+03 135907 
1.427187e+03 135957 
1.428195e+03 135905 
1.429190e+03 135904 
1.430194e+03 135953 
1.431185e+03 135901 
1.432180e+03 135900 
1.433188e+03 135950 
1.434198e+03 135898 
1.435193e+03 135896 
1.436202e+03 135946 
1.437179e+03 135894 
1.438180e+03 135892 
1.439194e+03 135942 
1.440178e+03 135890 
1.441184e+03 135889 
1.442194e+03 135938 
1.443181e+03 135886 
1.444185e+03 135885 
1.445192e+03 135935 
1.446177e+03 135933 
1.447185e+03 135881 
1.448181e+03 135931 
1.449185e+03 135930 
1.450187e+03 135877 
1.451187e+03 135927 
1.452195e+03 135926 
1.453185e+03 135874 
1.454188e+03 135923 
1.455188e+03 135922 
1.456190e+03 135870 
1.457183e+03 135920 
1.458198e+03 135918 
1.459182e+03 135917 
1.460191e+03 135916 
1.461182e+03 135915 
1.462194e+03 135913 
1.463192e+03 135912 
1.464188e+03 135911 
1.465186e+03 135910 
1.466195e+03 135908 
1.467193e+03 135907 
1.468184e+03 135906 
1.469181e+03 135955 
1.470185e+03 135903 
1.471190e+03 135902 
1.472183e+03 135952 
1.473180e+03 135900 
1.474175e+03 135898 
1.475182e+03 135948 
1.476180e+03 135896 
1.477192e+03 135895 
1.478195e+03 135944 
1.479201e+03 135892 
1.480192e+03 135891 
1.481182e+03 135940 
1.482177e+03 135939 
1.483193e+03 135887 
1.484182e+03 135937 
1.485175e+03 135935 
1.486193e+03 135883 
1.487195e+03 135933 
1.488184e+03 135932 
1.489188e+03 135879 
1.490179e+03 135929 
1.491201e+03 135928 
1.492186e+03 135876 
1.493182e+03 135925 
1.494189e+03 135924 
1.495187e+03 135872 
1.496184e+03 135921 
1.497194e+03 135920 
1.498189e+03 135868 
1.499183e+03 135918 
1.500183e+03 135917 
1.501190e+03 135915 
1.502178e+03 135914 
1.503177e+03 135913 
1.504182e+03 135912 
1.505189e+03 135910 
1.506194e+03 135909 
1.507178e+03 135908 
1.508185e+03 135907 
1.509188e+03 135905 
1.510194e+03 135904 
1.511187e+03 135903 
1.512195e+03 135902 
1.513179e+03 135900 
1.514185e+03 135950 
1.515184e+03 135898 
1.516184e+03 135897 
1.517190e+03 135946 
1.518183e+03 135894 
1.519188e+03 135893 
1.520182e+03 135943 
1.521182e+03 135890 
1.522193e+03 135889 
1.523190e+03 135939 
1.524181e+03 135887 
1.525176e+03 135885 
1.526179e+03 135935 
1.527181e+03 135934 
1.528193e+03 135881 
1.529181e+03 135931 
1.530180e+03 135930 
1.531187e+03 135878 
1.532174e+03 135927 
1.533183e+03 135926 
1.534190e+03 135874 
1.535182e+03 135924 
1.536187e+03 135922 
1.537185e+03 135921 
1.538177e+03 135920 
1.539176e+03 135919 
1.540189e+03 135917 
1.541185e+03 135916 
1.542191e+03 135915 
1.543194e+03 135913 
1.544185e+03 135912 
1.545179e+03 135911 
1.546193e+03 135910 
1.547186e+03 135959 
1.548192e+03 135907 
1.549194e+03 135906 
1.550194e+03 135956 
1.551184e+03 135903 
1.552195e+03 135902 
1.553191e+03 135952 
1.554191e+03 135900 
1.555185e+03 135898 
1.556192e+03 135948 
1.557180e+03 135896 
1.558179e+03 135895 
1.559192e+03 135944 
1.560175e+03 135892 
1.561185e+03 135891 
1.562177e+03 135941 
1.563180e+03 135888 
1.564179e+03 135887 
1.565195e+03 135937 
1.566176e+03 135884 
1.567175e+03 135883 
1.568177e+03 135933 
1.569195e+03 135932 
1.570178e+03 135879 
1.571194e+03 135929 
1.572186e+03 135928 
1.573194e+03 135876 
1.574176e+03 135925 
1.575192e+03 135924 
1.576182e+03 135872 
1.577184e+03 135922 
1.578176e+03 135920 
1.579178e+03 135919 
1.580190e+03 135918 
1.581174e+03 135916 
1.582182e+03 135915 
1.583194e+03 135914 
1.584185e+03 135913 
1.585192e+03 135911 
1.586175e+03 135910 
1.587185e+03 135909 
1.588175e+03 135908 
1.589178e+03 135957 
1.590182e+03 135905 
1.591178e+03 135904 
1.592183e+03 135954 
1.593193e+03 135901 
1.594186e+03 135900 
1.595190e+03 135950 
1.596178e+03 135898 
1.597182e+03 135896 
1.598191e+03 135895 
1.599181e+03 135894 
1.600174e+03 135892 
1.601192e+03 135891 
1.602181e+03 135890 
1.603193e+03 135888 
1.604184e+03 135938 
1.605187e+03 135886 
1.606194e+03 135885 
1.607175e+03 135934 
1.608178e+03 135882 
1.609195e+03 135881 
1.610185e+03 135930 
1.611197e+03 135929 
1.612186e+03 135877 
1.613186e+03 135927 
1.614180e+03 135925 
1.615181e+03 135873 
1.616179e+03 135923 
1.617188e+03 135922 
1.618181e+03 135869 
1.619181e+03 135919 
1.620180e+03 135918 
1.621182e+03 135866 
1.622191e+03 135915 
1.623172e+03 135914 
1.624176e+03 135913 
1.625188e+03 135911 
1.626187e+03 135910 
1.627181e+03 135909 
1.628191e+03 135908 
1.629190e+03 135906 
1.630192e+03 135905 
1.631182e+03 135904 
1.632180e+03 135902 
1.633187e+03 135901 
1.634175e+03 135900 
1.635186e+03 135899 
1.636191e+03 135897 
1.637181e+03 135896 
1.638178e+03 135895 
1.639188e+03 135893 
1.640184e+03 135943 
1.641183e+03 135891 
1.642178e+03 135889 
1.643183e+03 135939 
1.644183e+03 135887 
1.645191e+03 135886 
1.646194e+03 135935 
1.647188e+03 135883 
1.648179e+03 135882 
1.649188e+03 135931 
1.650181e+03 135930 
1.651175e+03 135878 
1.652175e+03 135928 
1.653179e+03 135926 
1.654188e+03 135874 
1.655182e+03 135924 
1.656179e+03 135923 
1.657176e+03 135921 
1.658185e+03 135920 
1.659192e+03 135919 
1.660192e+03 135917 
1.661189e+03 135916 
1.662178e+03 135915 
1.663185e+03 135914 
1.664177e+03 135912 
1.665176e+03 135911 
1.666181e+03 135910 
1.667188e+03 135960 
1.668184e+03 135907 
1.669184e+03 135906 
1.670185e+03 135956 
1.671187e+03 135904 
1.672185e+03 135902 
1.673185e+03 135952 
1.674193e+03 135900 
1.675198e+03 135898 
1.676180e+03 135948 
1.677183e+03 135896 
1.678198e+03 135895 
1.679184e+03 135944 
1.680191e+03 135943 
1.681178e+03 135891 
1.682189e+03 135940 
1.683186e+03 135888 
1.684180e+03 135887 
1.685173e+03 135937 
1.686178e+03 135935 
1.687184e+03 135883 
1.688187e+03 135933 
1.689186e+03 135931 
1.690187e+03 135879 
1.691183e+03 135929 
1.692190e+03 135928 
1.693183e+03 135875 
1.694177e+03 135925 
1.695180e+03 135924 
1.696199e+03 135922 
1.697193e+03 135921 
1.698188e+03 135920 
1.699181e+03 135919 
1.700194e+03 135917 
1.701199e+03 135916 
1.702173e+03 135915 
1.703187e+03 135965 
1.704187e+03 135912 
1.705173e+03 135911 
1.706209e+03 135961 
1.707205e+03 135909 
1.708195e+03 135907 
1.709198e+03 135957 
1.710173e+03 135905 
1.711192e+03 135904 
1.712176e+03 135953 
1.713181e+03 135901 
1.714198e+03 135900 
1.715207e+03 135949 
1.716212e+03 135897 
1.717195e+03 135896 
1.718172e+03 135946 
1.719241e+03 135944 
1.720180e+03 135892 
1.721215e+03 135942 
1.722186e+03 135941 
1.723211e+03 135888 
1.724180e+03 135938 
1.725277e+03 135937 
1.726289e+03 135884 
1.727184e+03 135934 
1.728175e+03 135933 
1.729187e+03 135881 
1.730185e+03 135930 
1.731189e+03 135929 
1.732190e+03 135928 
1.733192e+03 135926 
1.734181e+03 135925 
1.735177e+03 135924 
1.736188e+03 135922 
1.737174e+03 135921 
1.738184e+03 135920 
1.739176e+03 135919 
1.740181e+03 135917 
1.741192e+03 135916 
1.742177e+03 135966 
1.743186e+03 135914 
1.744190e+03 135912 
1.745186e+03 135911 
1.746173e+03 135910 
1.747176e+03 135908 
1.748191e+03 135958 
1.749175e+03 135906 
1.750181e+03 135905 
1.751173e+03 135954 
1.752182e+03 135902 
1.753175e+03 135901 
1.754176e+03 135951 
1.755179e+03 135898 
1.756177e+03 135897 
1.757192e+03 135947 
1.758181e+03 135895 
1.759172e+03 135893 
1.760186e+03 135943 
1.761186e+03 135891 
1.762198e+03 135889 
1.763187e+03 135939 
1.764184e+03 135938 
1.765181e+03 135885 
1.766184e+03 135935 
1.767175e+03 135934 
1.768195e+03 135882 
1.769186e+03 135931 
1.770194e+03 135930 
1.771187e+03 135878 
1.772171e+03 135927 
1.773181e+03 135926 
1.774190e+03 135874 
1.775182e+03 135924 
1.776183e+03 135922 
1.777181e+03 135921 
1.778197e+03 135920 
1.779185e+03 135918 
1.780178e+03 135917 
1.781182e+03 135916 
1.782171e+03 135914 
1.783178e+03 135913 
1.784185e+03 135912 
1.785176e+03 135911 
1.786176e+03 135909 
1.787187e+03 135959 
1.788190e+03 135907 
1.789176e+03 135905 
1.790181e+03 135955 
1.791189e+03 135903 
1.792190e+03 135902 
1.793178e+03 135951 
1.794176e+03 135899 
1.795183e+03 135898 
1.796177e+03 135948 
1.797176e+03 135895 
1.798185e+03 135894 
1.799175e+03 135944 
1.800174e+03 135891 
1.801172e+03 135890 
1.802183e+03 135940 
1.803179e+03 135939 
1.804175e+03 135886 
1.805173e+03 135936 
1.806179e+03 135935 
1.807182e+03 135882 
1.808176e+03 135932 
1.809178e+03 135931 
1.810203e+03 135879 
1.811193e+03 135928 
1.812183e+03 135927 
1.822188e+03 135925 
1.832183e+03 135923 
1.842174e+03 135921 
1.852190e+03 135919 
1.902186e+03 135919 
1.922182e+03 135923 
1.932173e+03 135928 
1.942176e+03 135937 
1.982178e+03 135938 
1.992173e+03 135938 
2.012188e+03 135940 
2.052173e+03 135939 
2.072175e+03 135939 
2.082180e+03 135936 
2.102173e+03 135933 
2.112173e+03 135930 
2.142169e+03 135924 
2.282182e+03 135924 
2.312178e+03 135930 
2.332172e+03 135939 
2.362181e+03 135941 
2.372174e+03 135941 
2.382166e+03 135941 
2.392184e+03 135940 
2.402178e+03 135935 
2.412175e+03 135930 
2.422179e+03 135923 
2.452173e+03 135915 
2.472162e+03 135910 
2.482160e+03 135903 
2.502170e+03 135898 
2.542169e+03 135897 
2.562168e+03 135897 
2.582165e+03 135897 
2.602164e+03 135903 
2.612162e+03 135909 
2.622173e+03 135916 
2.642163e+03 135924 
2.682163e+03 135930 
2.712161e+03 135936 
2.722165e+03 135941 
2.742169e+03 135941 
2.752162e+03 135941 
2.762176e+03 135941 
2.792169e+03 135937 
2.802171e+03 135931 
2.812159e+03 135923 
2.842167e+03 135913 
2.862156e+03 135902 
2.882165e+03 135892 
2.912161e+03 135888 
2.972160e+03 135893 
2.982170e+03 135901 
2.992161e+03 135910 
3.012160e+03 135918 
3.022156e+03 135928 
3.042158e+03 135937 
3.062154e+03 135945 
3.092155e+03 135945 
3.102168e+03 135944 
3.112156e+03 135941 
3.122154e+03 135936 
3.132158e+03 135929 
3.142160e+03 135921 
3.182160e+03 135911 
3.192164e+03 135898 
3.222158e+03 135888 
3.302153e+03 135888 
3.322153e+03 135888 
3.332162e+03 135888 
3.352150e+03 135894 
3.362162e+03 135900 
3.392150e+03 135910 
3.402166e+03 135919 
3.432157e+03 135927 
3.452148e+03 135934 
3.472160e+03 135938 
3.492162e+03 135938 
3.502151e+03 135938 
3.512158e+03 135937 
3.522153e+03 135933 
3.532153e+03 135928 
3.552148e+03 135920 
3.562160e+03 135911 
3.632160e+03 135903 
3.652152e+03 135896 
3.772159e+03 135899 
3.802155e+03 135908 
3.822142e+03 135919 
3.852150e+03 135929 
3.882142e+03 135935 
3.902147e+03 135938 
3.912142e+03 135938 
3.922150e+03 135938 
3.932158e+03 135938 
3.942143e+03 135935 
3.952153e+03 135930 
3.962157e+03 135922 
3.972148e+03 135914 
3.992143e+03 135906 
4.022158e+03 135900 
4.052141e+03 135895 
4.092139e+03 135895 
4.142150e+03 135899 
4.152147e+03 135904 
4.192153e+03 135910 
4.212139e+03 135912 
4.222136e+03 135914 
4.242138e+03 135914 
4.262151e+03 135914 
4.282154e+03 135913 
4.322138e+03 135910 
4.342135e+03 135904 
4.372146e+03 135897 
4.432141e+03 135897 
4.502152e+03 135897 
4.522147e+03 135902 
4.552135e+03 135908 
4.572132e+03 135911 
4.612133e+03 135913 
4.622140e+03 135914 
4.632141e+03 135914 
4.672130e+03 135914 
4.682131e+03 135914 
4.692144e+03 135913 
4.702141e+03 135912 
4.752147e+03 135911 
4.782147e+03 135916 
4.812140e+03 135920 
4.852136e+03 135926 
4.872146e+03 135931 
4.892135e+03 135933 
4.902134e+03 135933 
4.922143e+03 135934 
4.942142e+03 135934 
4.952140e+03 135934 
4.962129e+03 135933 
4.982133e+03 135930 
5.012136e+03 135926 
5.022139e+03 135921 
5.052131e+03 135917 
5.082135e+03 135910 
5.102129e+03 135902 
5.132133e+03 135897 
5.162131e+03 135897 
5.202134e+03 135897 
5.222139e+03 135903 
5.242126e+03 135912 
5.262136e+03 135923 
5.272128e+03 135932 
5.302124e+03 135939 
5.332128e+03 135939 
5.342129e+03 135938 
5.352141e+03 135937 
5.362130e+03 135932 
5.372129e+03 135928 
5.402132e+03 135920 
5.412123e+03 135910 
5.422128e+03 135901 
5.462133e+03 135891 
5.522131e+03 135891 
5.532120e+03 135891 
5.542133e+03 135895 
5.552119e+03 135903 
5.592135e+03 135916 
5.602118e+03 135932 
5.662125e+03 135935 
5.672127e+03 135935 
5.682115e+03 135934 
5.692130e+03 135932 
5.702131e+03 135927 
5.712123e+03 135920 
5.722121e+03 135913 
5.782130e+03 135907 
5.802131e+03 135902 
5.812124e+03 135897 
5.842128e+03 135897 
5.872132e+03 135903 
5.882120e+03 135909 
5.892123e+03 135917 
5.922118e+03 135926 
5.942127e+03 135931 
5.952119e+03 135933 
5.972113e+03 135935 
6.012125e+03 135933 
6.022123e+03 135928 
6.042129e+03 135922 
6.052114e+03 135916 
6.092114e+03 135911 
6.122117e+03 135905 
6.142114e+03 135900 
6.182118e+03 135899 
6.202119e+03 135899 
6.212120e+03 135899 
6.222126e+03 135899 
6.242121e+03 135899 
6.282121e+03 135898 
6.322112e+03 135903 
6.372122e+03 135909 
6.392107e+03 135909 
6.442115e+03 135907 
6.472123e+03 135904 
6.482110e+03 135898 
6.502108e+03 135893 
6.512117e+03 135887 
6.522119e+03 135882 
6.592121e+03 135888 
6.602105e+03 135898 
6.612116e+03 135910 
6.622108e+03 135922 
6.632107e+03 135932 
6.692105e+03 135930 
6.702121e+03 135830 
6.722102e+03 135836 
6.732104e+03 135850 
6.742117e+03 135869 
6.752114e+03 135890 
6.772102e+03 135913 
6.782112e+03 135936 
6.852108e+03 135937 
6.862107e+03 135937 
6.872107e+03 135936 
6.892098e+03 135929 
6.902100e+03 135918 
6.912109e+03 135907 
6.922102e+03 135892 
6.932107e+03 135880 
6.962109e+03 135871 
7.032109e+03 135873 
7.042110e+03 135879 
7.052112e+03 135885 
7.062114e+03 135894 
7.092102e+03 135903 
7.122100e+03 135909 
7.132102e+03 135914 
7.142098e+03 135916 
7.152102e+03 135916 
7.162101e+03 135916 
7.182100e+03 135912 
7.202098e+03 135905 
7.262102e+03 135892 
7.272111e+03 135879 
7.282103e+03 135867 
7.332098e+03 135867 
7.342100e+03 135872 
7.352095e+03 135881 
7.362110e+03 135892 
7.372110e+03 135905 
7.382101e+03 135917 
7.432095e+03 135925 
7.442104e+03 135926 
7.452096e+03 135926 
7.462093e+03 135926 
7.472091e+03 135922 
7.482093e+03 135916 
7.512111e+03 135904 
7.542101e+03 135889 
7.562106e+03 135873 
7.572105e+03 135859 
7.622102e+03 135859 
7.632094e+03 135865 
7.642096e+03 135876 
7.652101e+03 135889 
7.682096e+03 135902 
7.712101e+03 135912 
7.732092e+03 135920 
7.752105e+03 135921 
7.772104e+03 135921 
7.802094e+03 135918 
7.822089e+03 135912 
7.832094e+03 135906 
7.852085e+03 135900 
7.872088e+03 135889 
7.902104e+03 135881 
7.952096e+03 135880 
8.002097e+03 135885 
8.012098e+03 135891 
8.042093e+03 135899 
8.092101e+03 135905 
8.102088e+03 135913 
8.142098e+03 135915 
8.152086e+03 135915 
8.162096e+03 135916 
8.172098e+03 135916 
8.182094e+03 135916 
8.202097e+03 135913 
8.212089e+03 135908 
8.232084e+03 135901 
8.282080e+03 135895 
8.322091e+03 135895 
8.332092e+03 135895 
8.342079e+03 135895 
8.362079e+03 135893 
8.392092e+03 135893 
8.402097e+03 135890 
8.412079e+03 135888 
8.432093e+03 135886 
8.472078e+03 135886 
8.492086e+03 135891 
8.502078e+03 135900 
8.542080e+03 135906 
8.562095e+03 135906 
8.572079e+03 135907 
8.582075e+03 135907 
8.592089e+03 135906 
8.602090e+03 135905 
8.632089e+03 135903 
8.682077e+03 135902 
8.742075e+03 135904 
8.782084e+03 135909 
8.792073e+03 135915 
8.852075e+03 135917 
8.872081e+03 135919 
8.892086e+03 135919 
8.912085e+03 135919 
8.922088e+03 135919 
8.942078e+03 135913 
8.962088e+03 135906 
8.982076e+03 135894 
8.992086e+03 135882 
9.012077e+03 135870 
9.022084e+03 135858 
9.092073e+03 135864 
9.102074e+03 135872 
9.112070e+03 135884 
9.132082e+03 135898 
9.172077e+03 135908 
9.192074e+03 135920 
9.222069e+03 135927 
9.242070e+03 135927 
9.252072e+03 135927 
9.262071e+03 135923 
9.272070e+03 135917 
9.292072e+03 135908 
9.302079e+03 135897 
9.312069e+03 135887 
9.332082e+03 135875 
9.352077e+03 135865 
9.372080e+03 135855 
9.382077e+03 135848 
9.432076e+03 135857 
9.442066e+03 135866 
9.462075e+03 135880 
9.472065e+03 135895 
9.562068e+03 135896 
9.582079e+03 135896 
9.592068e+03 135895 
9.602071e+03 135893 
9.612062e+03 135887 
9.622071e+03 135881 
9.632068e+03 135874 
9.642069e+03 135865 
9.682066e+03 135860 
9.702077e+03 135858 
9.762076e+03 135862 
9.772074e+03 135869 
9.782069e+03 135875 
9.802065e+03 135883 
9.822059e+03 135889 
9.832072e+03 135897 
9.852071e+03 135903 
9.882060e+03 135903 
9.892066e+03 135903 
9.902058e+03 135902 
9.922061e+03 135902 
9.932063e+03 135900 
9.942075e+03 135898 
9.962057e+03 135893 
9.972072e+03 135887 
1.000205e+04 135882 
1.001207e+04 135877 
1.002206e+04 135875 
1.005207e+04 135875 
1.008207e+04 135881 
1.011206e+04 135889 
1.014205e+04 135895 
1.016206e+04 135897 
1.018206e+04 135898 
1.019207e+04 135898 
1.021206e+04 135897 
1.022206e+04 135896 
1.024206e+04 135893 
1.026206e+04 135890 
1.027206e+04 135885 
1.029207e+04 135883 
1.033206e+04 135883 
1.034206e+04 135881 
1.038206e+04 135881 
1.039206e+04 135880 
1.040206e+04 135879 
1.041205e+04 135878 
1.044206e+04 135880 
1.047206e+04 135880 
1.050205e+04 135880 
1.051206e+04 135885 
1.052205e+04 135889 
1.055205e+04 135891 
1.056206e+04 135891 
1.061206e+04 135896 
1.067206e+04 135899 
1.072205e+04 135899 
1.074206e+04 135899 
1.085206e+04 135896 
1.086205e+04 135894 
1.089205e+04 135891 
1.090205e+04 135886 
1.097206e+04 135881 
1.099206e+04 135878 
1.103204e+04 135878 
1.108204e+04 135877 
1.111205e+04 135877 
1.113205e+04 135882 
1.115205e+04 135888 
1.118205e+04 135891 
1.120204e+04 135895 
1.121205e+04 135900 
1.123205e+04 135903 
1.126205e+04 135905 
1.128205e+04 135905 
1.129204e+04 135905 
1.132205e+04 135903 
1.133205e+04 135900 
1.135205e+04 135897 
1.136205e+04 135892 
1.138204e+04 135886 
1.140204e+04 135882 
1.142204e+04 135881 
1.143204e+04 135881 
1.152204e+04 135889 
1.157204e+04 135898 
1.164205e+04 135904 
1.167204e+04 135907 
1.169203e+04 135908 
1.171205e+04 135906 
1.172204e+04 135902 
1.173204e+04 135896 
1.174203e+04 135889 
1.176204e+04 135879 
1.178204e+04 135870 
1.179204e+04 135862 
1.187204e+04 135862 
1.188204e+04 135866 
1.190204e+04 135874 
1.191204e+04 135885 
1.192204e+04 135899 
1.195203e+04 135906 
1.197203e+04 135907 
1.198204e+04 135907 
1.199204e+04 135906 
1.200205e+04 135904 
1.201204e+04 135899 
1.202203e+04 135893 
1.203204e+04 135886 
1.205204e+04 135878 
1.207204e+04 135872 
1.209203e+04 135867 
1.214204e+04 135867 
1.217203e+04 135867 
1.220202e+04 135874 
1.221204e+04 135882 
1.223203e+04 135890 
1.228203e+04 135897 
1.233203e+04 135900 
1.236202e+04 135899 
1.237202e+04 135893 
1.238203e+04 135886 
1.242204e+04 135871 
1.244203e+04 135856 
1.246203e+04 135841 
1.253204e+04 135846 
1.254203e+04 135855 
1.255203e+04 135868 
1.257202e+04 135883 
1.261202e+04 135898 
1.264204e+04 135910 
1.271202e+04 135908 
1.272203e+04 135903 
1.273203e+04 135895 
1.274203e+04 135884 
1.277203e+04 135869 
1.285202e+04 135861 
1.289202e+04 135861 
1.290204e+04 135861 
1.292203e+04 135867 
1.293202e+04 135873 
1.294202e+04 135882 
1.296203e+04 135891 
1.300202e+04 135898 
1.304202e+04 135898 
1.305202e+04 135898 
1.307202e+04 135896 
1.308203e+04 135891 
1.309203e+04 135885 
1.313203e+04 135879 
1.316201e+04 135875 
