7.305972e-01 137476 
1.716586e+00 137460 
2.722158e+00 137445 
3.725983e+00 137480 
4.720625e+00 137464 
5.714544e+00 137449 
6.716670e+00 137484 
7.709258e+00 137469 
8.719060e+00 137402 
9.716936e+00 137438 
1.070927e+01 137422 
1.171072e+01 137407 
1.271039e+01 137442 
1.370951e+01 137426 
1.472003e+01 137411 
1.572381e+01 137446 
1.676810e+01 137380 
1.772409e+01 137364 
1.871282e+01 137400 
1.973293e+01 137384 
2.071859e+01 137368 
2.171855e+01 137404 
2.271469e+01 137388 
2.371447e+01 137372 
2.471661e+01 137408 
2.572155e+01 137341 
2.672034e+01 137326 
2.772445e+01 137361 
2.871058e+01 137345 
2.972605e+01 137330 
3.071772e+01 137365 
3.171260e+01 137349 
3.271897e+01 137334 
3.372300e+01 137369 
3.472247e+01 137302 
3.572212e+01 137338 
3.671853e+01 137322 
3.771489e+01 137306 
3.872170e+01 137291 
3.971419e+01 137326 
4.070516e+01 137310 
4.172089e+01 137295 
4.271409e+01 137330 
4.372423e+01 137314 
4.471872e+01 137298 
4.572143e+01 137334 
4.670948e+01 137318 
4.771282e+01 137302 
4.870825e+01 137338 
4.971849e+01 137322 
5.070556e+01 137306 
5.171941e+01 137342 
5.270729e+01 137326 
5.371804e+01 137310 
5.471713e+01 137346 
5.571018e+01 137330 
5.670606e+01 137314 
5.772153e+01 137350 
5.873419e+01 137334 
5.970866e+01 137318 
6.071918e+01 137354 
6.171628e+01 137338 
6.271182e+01 137322 
6.371600e+01 137358 
6.472195e+01 137342 
6.572387e+01 137326 
6.670987e+01 137362 
6.770864e+01 137346 
6.870595e+01 137330 
6.972015e+01 137366 
7.070883e+01 137350 
7.170990e+01 137334 
7.271186e+01 137370 
7.372509e+01 137303 
7.472554e+01 137287 
7.572256e+01 137323 
7.671752e+01 137307 
7.770833e+01 137291 
7.871529e+01 137378 
7.971311e+01 137311 
8.071646e+01 137295 
8.171761e+01 137331 
8.271683e+01 137315 
8.370999e+01 137299 
8.471274e+01 137335 
8.572444e+01 137319 
8.670790e+01 137303 
8.771921e+01 137339 
8.871740e+01 137323 
8.970601e+01 137307 
9.071709e+01 137343 
9.171301e+01 137327 
9.272252e+01 137311 
9.372384e+01 137347 
9.471267e+01 137331 
9.572164e+01 137315 
9.671903e+01 137350 
9.771460e+01 137335 
9.871070e+01 137319 
9.972260e+01 137355 
1.007057e+02 137339 
1.017184e+02 137323 
1.027084e+02 137359 
1.037146e+02 137343 
1.047239e+02 137276 
1.057125e+02 137362 
1.067049e+02 137296 
1.077081e+02 137280 
1.087127e+02 137315 
1.097208e+02 137300 
1.107212e+02 137335 
1.117060e+02 137319 
1.127034e+02 137304 
1.137190e+02 137288 
1.147091e+02 137374 
1.157127e+02 137308 
1.167249e+02 137292 
1.177226e+02 137327 
1.187283e+02 137312 
1.197128e+02 137296 
1.207150e+02 137331 
1.217166e+02 137316 
1.227076e+02 137300 
1.237091e+02 137335 
1.247065e+02 137319 
1.257201e+02 137304 
1.267201e+02 137339 
1.277195e+02 137323 
1.287156e+02 137308 
1.297140e+02 137343 
1.307112e+02 137327 
1.317086e+02 137312 
1.327155e+02 137347 
1.337374e+02 137331 
1.347164e+02 137316 
1.357179e+02 137351 
1.367169e+02 137335 
1.377116e+02 137320 
1.387175e+02 137355 
1.397075e+02 137288 
1.407218e+02 137324 
1.417194e+02 137359 
1.427052e+02 137292 
1.437242e+02 137277 
1.447211e+02 137312 
1.457169e+02 137296 
1.467197e+02 137281 
1.477083e+02 137316 
1.487076e+02 137300 
1.497066e+02 137284 
1.507198e+02 137320 
1.517076e+02 137304 
1.527095e+02 137288 
1.537225e+02 137324 
1.547044e+02 137308 
1.557186e+02 137292 
1.567125e+02 137328 
1.577089e+02 137312 
1.587198e+02 137296 
1.597126e+02 137332 
1.607170e+02 137316 
1.617047e+02 137300 
1.627148e+02 137335 
1.637203e+02 137320 
1.647089e+02 137304 
1.657081e+02 137339 
1.667092e+02 137324 
1.677156e+02 137308 
1.687224e+02 137343 
1.697122e+02 137328 
1.707140e+02 137312 
1.717202e+02 137347 
1.727347e+02 137332 
1.737218e+02 137316 
1.747101e+02 137351 
1.757144e+02 137285 
1.767139e+02 137269 
1.777202e+02 137304 
1.787132e+02 137289 
1.797140e+02 137273 
1.807032e+02 137359 
1.817042e+02 137293 
1.827070e+02 137277 
1.837153e+02 137312 
1.847125e+02 137296 
1.857157e+02 137281 
1.867035e+02 137316 
1.877079e+02 137300 
1.887129e+02 137285 
1.897192e+02 137320 
1.907156e+02 137304 
1.917449e+02 137289 
1.927041e+02 137324 
1.937138e+02 137308 
1.947074e+02 137292 
1.957072e+02 137328 
1.967139e+02 137312 
1.977166e+02 137296 
1.987124e+02 137332 
1.997082e+02 137316 
2.007200e+02 137300 
2.017137e+02 137336 
2.027196e+02 137320 
2.037159e+02 137304 
2.047210e+02 137340 
2.057243e+02 137273 
2.067160e+02 137257 
2.077156e+02 137343 
2.087028e+02 137277 
2.097063e+02 137261 
2.107129e+02 137347 
2.117044e+02 137281 
2.127321e+02 137265 
2.137089e+02 137300 
2.147193e+02 137285 
2.157130e+02 137269 
2.167220e+02 137304 
2.177127e+02 137288 
2.187079e+02 137273 
2.197190e+02 137308 
2.207184e+02 137292 
2.217177e+02 137277 
2.227065e+02 137312 
2.237082e+02 137296 
2.247129e+02 137280 
2.257090e+02 137316 
2.267197e+02 137300 
2.277085e+02 137284 
2.287125e+02 137320 
2.297130e+02 137304 
2.307117e+02 137288 
2.317094e+02 137324 
2.327226e+02 137308 
2.337119e+02 137292 
2.347160e+02 137327 
2.357155e+02 137312 
2.367081e+02 137296 
2.377096e+02 137331 
2.387182e+02 137316 
2.397184e+02 137300 
2.407185e+02 137335 
2.417197e+02 137269 
2.427083e+02 137304 
2.437060e+02 137288 
2.447206e+02 137273 
2.457044e+02 137257 
2.467046e+02 137292 
2.477090e+02 137327 
2.487069e+02 137261 
2.497042e+02 137296 
2.507042e+02 137280 
2.517072e+02 137265 
2.527164e+02 137300 
2.537065e+02 137284 
2.547162e+02 137268 
2.557206e+02 137304 
2.567188e+02 137288 
2.577057e+02 137272 
2.587110e+02 137308 
2.597126e+02 137292 
2.607167e+02 137276 
2.617138e+02 137311 
2.627218e+02 137296 
2.637122e+02 137280 
2.647019e+02 137315 
2.657082e+02 137300 
2.667130e+02 137284 
2.677126e+02 137319 
2.687103e+02 137304 
2.697058e+02 137288 
2.707074e+02 137323 
2.717027e+02 137307 
2.727216e+02 137292 
2.737150e+02 137327 
2.747117e+02 137311 
2.757077e+02 137296 
2.767055e+02 137331 
2.777016e+02 137264 
2.787173e+02 137249 
2.797147e+02 137335 
2.807041e+02 137268 
2.817090e+02 137252 
2.827031e+02 137339 
2.837080e+02 137272 
2.847109e+02 137256 
2.857108e+02 137292 
2.867016e+02 137276 
2.877072e+02 137260 
2.887111e+02 137295 
2.897085e+02 137280 
2.907018e+02 137264 
2.917055e+02 137299 
2.927107e+02 137284 
2.937146e+02 137268 
2.947184e+02 137303 
2.957190e+02 137287 
2.967134e+02 137272 
2.977055e+02 137307 
2.987149e+02 137291 
2.997012e+02 137276 
3.007084e+02 137311 
3.017206e+02 137295 
3.027092e+02 137279 
3.037104e+02 137315 
3.047178e+02 137299 
3.057136e+02 137232 
3.067011e+02 137319 
3.077004e+02 137252 
3.087185e+02 137236 
3.097105e+02 137271 
3.107088e+02 137256 
3.117031e+02 137240 
3.127175e+02 137275 
3.137210e+02 137259 
3.147094e+02 137244 
3.157075e+02 137279 
3.167122e+02 137263 
3.177043e+02 137247 
3.187123e+02 137283 
3.197123e+02 137267 
3.207176e+02 137251 
3.217009e+02 137286 
3.227121e+02 137271 
3.237168e+02 137255 
3.247174e+02 137290 
3.257097e+02 137275 
3.267026e+02 137259 
3.277058e+02 137294 
3.287168e+02 137278 
3.297083e+02 137263 
3.307065e+02 137298 
3.317049e+02 137282 
3.327167e+02 137267 
3.337109e+02 137302 
3.347002e+02 137286 
3.357096e+02 137270 
3.367105e+02 137306 
3.377055e+02 137290 
3.387070e+02 137274 
3.397107e+02 137310 
3.407100e+02 137243 
3.417038e+02 137227 
3.427037e+02 137313 
3.437069e+02 137247 
3.447099e+02 137231 
3.457194e+02 137317 
3.467182e+02 137250 
3.477051e+02 137235 
3.487096e+02 137321 
3.497093e+02 137254 
3.507126e+02 137238 
3.517127e+02 137274 
3.527051e+02 137258 
3.537135e+02 137242 
3.547205e+02 137277 
3.557112e+02 137262 
3.567099e+02 137246 
3.577024e+02 137281 
3.587100e+02 137266 
3.597134e+02 137250 
3.607156e+02 137285 
3.617069e+02 137269 
3.627082e+02 137254 
3.637055e+02 137289 
3.647040e+02 137273 
3.657199e+02 137257 
3.667162e+02 137293 
3.677108e+02 137277 
3.687068e+02 137261 
3.697178e+02 137297 
3.707201e+02 137281 
3.717163e+02 137265 
3.727073e+02 137300 
3.737133e+02 137285 
3.747081e+02 137269 
3.757021e+02 137304 
3.767018e+02 137289 
3.777017e+02 137273 
3.787097e+02 137308 
3.797130e+02 137292 
3.807011e+02 137277 
3.817025e+02 137312 
3.827068e+02 137296 
3.837073e+02 137281 
3.847059e+02 137265 
3.856996e+02 137300 
3.867032e+02 137233 
3.877142e+02 137269 
3.887000e+02 137253 
3.897138e+02 137288 
3.907116e+02 137323 
3.917053e+02 137257 
3.927058e+02 137241 
3.937133e+02 137276 
3.947040e+02 137261 
3.957112e+02 137245 
3.967042e+02 137280 
3.977079e+02 137315 
3.987120e+02 137249 
3.997038e+02 137284 
4.007036e+02 137268 
4.017053e+02 137252 
4.027091e+02 137288 
4.037130e+02 137272 
4.047098e+02 137256 
4.057146e+02 137292 
4.067041e+02 137276 
4.077156e+02 137260 
4.087200e+02 137295 
4.097034e+02 137280 
4.107101e+02 137264 
4.117157e+02 137299 
4.127015e+02 137284 
4.137063e+02 137268 
4.147172e+02 137303 
4.157033e+02 137287 
4.167060e+02 137272 
4.177172e+02 137307 
4.187066e+02 137291 
4.197156e+02 137276 
4.207146e+02 137311 
4.217131e+02 137295 
4.227091e+02 137279 
4.237000e+02 137315 
4.247133e+02 137248 
4.257089e+02 137283 
4.267112e+02 137268 
4.277048e+02 137252 
4.287146e+02 137236 
4.297105e+02 137322 
4.307141e+02 137256 
4.317076e+02 137240 
4.327178e+02 137326 
4.337165e+02 137259 
4.347088e+02 137244 
4.357071e+02 137279 
4.367159e+02 137263 
4.377006e+02 137247 
4.387098e+02 137283 
4.397164e+02 137267 
4.407108e+02 137251 
4.417147e+02 137287 
4.427071e+02 137271 
4.437082e+02 137255 
4.447092e+02 137290 
4.457102e+02 137275 
4.467133e+02 137259 
4.477006e+02 137294 
4.486999e+02 137278 
4.497004e+02 137263 
4.507009e+02 137298 
4.516986e+02 137282 
4.527074e+02 137267 
4.537110e+02 137302 
4.547058e+02 137286 
4.557083e+02 137270 
4.567113e+02 137306 
4.577161e+02 137290 
4.587113e+02 137274 
4.597086e+02 137310 
4.607141e+02 137294 
4.617089e+02 137278 
4.627072e+02 137313 
4.637082e+02 137247 
4.647183e+02 137282 
4.657129e+02 137266 
4.667089e+02 137302 
4.677099e+02 137235 
4.687118e+02 137270 
4.697003e+02 137254 
4.707162e+02 137239 
4.717041e+02 137274 
4.727121e+02 137258 
4.736975e+02 137242 
4.747046e+02 137278 
4.757162e+02 137262 
4.767133e+02 137246 
4.777083e+02 137281 
4.787104e+02 137266 
4.797102e+02 137250 
4.807108e+02 137285 
4.817011e+02 137270 
4.827103e+02 137254 
4.837090e+02 137289 
4.847047e+02 137273 
4.857103e+02 137258 
4.867037e+02 137293 
4.877060e+02 137277 
4.887120e+02 137261 
4.897111e+02 137297 
4.906975e+02 137281 
4.917012e+02 137265 
4.927175e+02 137301 
4.937119e+02 137285 
4.947051e+02 137269 
4.957112e+02 137304 
4.967140e+02 137289 
4.977004e+02 137273 
4.987147e+02 137308 
4.997026e+02 137293 
5.007106e+02 137226 
5.017099e+02 137312 
5.027145e+02 137245 
5.037176e+02 137230 
5.047065e+02 137316 
5.057061e+02 137249 
5.067103e+02 137233 
5.077071e+02 137269 
5.087065e+02 137253 
5.097118e+02 137288 
5.107023e+02 137272 
5.117089e+02 137257 
5.127111e+02 137241 
5.137158e+02 137276 
5.147112e+02 137261 
5.157059e+02 137245 
5.166993e+02 137280 
5.177070e+02 137264 
5.187010e+02 137249 
5.196983e+02 137284 
5.206985e+02 137268 
5.216978e+02 137252 
5.227060e+02 137288 
5.237090e+02 137272 
5.247136e+02 137256 
5.257071e+02 137291 
5.267052e+02 137276 
5.277021e+02 137260 
5.287023e+02 137295 
5.297008e+02 137280 
5.307100e+02 137264 
5.317029e+02 137299 
5.326996e+02 137283 
5.337000e+02 137268 
5.346972e+02 137303 
5.357182e+02 137287 
5.367126e+02 137272 
5.377074e+02 137307 
5.386978e+02 137240 
5.397033e+02 137224 
5.407114e+02 137311 
5.417008e+02 137244 
5.427156e+02 137228 
5.437140e+02 137314 
5.446995e+02 137248 
5.457152e+02 137232 
5.467063e+02 137267 
5.477094e+02 137251 
5.487003e+02 137236 
5.497134e+02 137322 
5.506970e+02 137255 
5.517100e+02 137240 
5.527157e+02 137275 
5.537021e+02 137259 
5.547110e+02 137243 
5.556994e+02 137279 
5.567091e+02 137263 
5.577119e+02 137247 
5.587085e+02 137282 
5.597010e+02 137267 
5.607032e+02 137251 
5.617001e+02 137286 
5.627046e+02 137270 
5.637020e+02 137255 
5.647111e+02 137290 
5.657144e+02 137274 
5.667070e+02 137259 
5.676965e+02 137294 
5.687005e+02 137278 
5.697101e+02 137262 
5.707132e+02 137298 
5.717116e+02 137282 
5.727064e+02 137266 
5.737056e+02 137301 
5.747015e+02 137235 
5.757051e+02 137270 
5.767094e+02 137254 
5.776985e+02 137239 
5.787054e+02 137274 
5.797167e+02 137258 
5.807086e+02 137242 
5.817113e+02 137227 
5.827110e+02 137313 
5.837064e+02 137246 
5.847130e+02 137230 
5.857008e+02 137266 
5.867053e+02 137250 
5.876992e+02 137234 
5.887069e+02 137320 
5.896982e+02 137254 
5.906978e+02 137238 
5.917028e+02 137273 
5.927071e+02 137257 
5.937157e+02 137242 
5.947109e+02 137277 
5.957118e+02 137261 
5.967103e+02 137245 
5.977132e+02 137281 
5.987034e+02 137265 
5.997057e+02 137249 
6.007030e+02 137284 
6.017061e+02 137269 
6.027064e+02 137253 
6.037065e+02 137288 
6.046974e+02 137273 
6.057042e+02 137257 
6.067009e+02 137292 
6.077157e+02 137276 
6.087039e+02 137261 
6.097152e+02 137296 
6.107228e+02 137280 
6.117004e+02 137264 
6.127054e+02 137300 
6.137071e+02 137284 
6.147122e+02 137217 
6.157088e+02 137253 
6.167038e+02 137288 
6.177079e+02 137221 
6.187044e+02 137307 
6.197022e+02 137241 
6.207034e+02 137225 
6.217153e+02 137260 
6.227098e+02 137244 
6.237021e+02 137229 
6.247006e+02 137264 
6.257019e+02 137248 
6.267085e+02 137232 
6.276955e+02 137268 
6.287024e+02 137252 
6.297079e+02 137236 
6.307025e+02 137271 
6.317034e+02 137256 
6.326990e+02 137240 
6.337143e+02 137275 
6.347113e+02 137259 
6.357144e+02 137244 
6.367021e+02 137279 
6.377080e+02 137263 
6.387119e+02 137247 
6.397070e+02 137283 
6.406991e+02 137267 
6.416984e+02 137251 
6.427004e+02 137286 
6.437153e+02 137271 
6.447072e+02 137255 
6.457113e+02 137290 
6.466993e+02 137275 
6.477111e+02 137259 
6.487110e+02 137294 
6.497052e+02 137278 
6.507110e+02 137263 
6.517055e+02 137298 
6.527117e+02 137282 
6.537129e+02 137215 
6.547146e+02 137302 
6.557067e+02 137235 
6.567081e+02 137219 
6.577048e+02 137305 
6.587004e+02 137239 
6.597138e+02 137223 
6.607089e+02 137309 
6.616987e+02 137243 
6.627145e+02 137227 
6.637123e+02 137262 
6.647052e+02 137246 
6.657035e+02 137231 
6.666957e+02 137266 
6.676967e+02 137250 
6.687131e+02 137234 
6.697129e+02 137270 
6.707068e+02 137254 
6.717008e+02 137238 
6.726960e+02 137273 
6.736969e+02 137258 
6.747077e+02 137242 
6.756976e+02 137277 
6.767042e+02 137261 
6.776984e+02 137246 
6.787045e+02 137281 
6.797122e+02 137265 
6.807155e+02 137249 
6.817135e+02 137285 
6.827149e+02 137269 
6.836972e+02 137253 
6.846979e+02 137288 
6.857025e+02 137273 
6.866988e+02 137257 
6.877065e+02 137292 
6.887141e+02 137277 
6.897049e+02 137261 
6.907060e+02 137296 
6.916993e+02 137280 
6.926961e+02 137265 
6.936972e+02 137300 
6.947040e+02 137233 
6.957097e+02 137217 
6.967017e+02 137253 
6.977150e+02 137288 
6.987024e+02 137221 
6.997096e+02 137256 
7.007126e+02 137241 
7.017140e+02 137225 
7.026960e+02 137260 
7.037147e+02 137244 
7.046983e+02 137280 
7.057062e+02 137264 
7.067109e+02 137248 
7.077056e+02 137232 
7.087133e+02 137268 
7.097017e+02 137252 
7.107015e+02 137236 
7.116997e+02 137271 
7.127035e+02 137256 
7.137015e+02 137240 
7.147007e+02 137275 
7.157057e+02 137259 
7.166947e+02 137244 
7.176969e+02 137279 
7.187030e+02 137263 
7.197071e+02 137248 
7.207146e+02 137283 
7.217087e+02 137267 
7.227156e+02 137251 
7.237008e+02 137287 
7.247060e+02 137271 
7.257031e+02 137255 
7.267028e+02 137290 
7.277070e+02 137275 
7.287081e+02 137259 
7.297023e+02 137294 
7.306949e+02 137278 
7.317112e+02 137263 
7.327074e+02 137298 
7.337058e+02 137231 
7.347070e+02 137216 
7.357039e+02 137302 
7.367026e+02 137235 
7.377040e+02 137219 
7.387055e+02 137306 
7.396994e+02 137239 
7.407030e+02 137223 
7.417100e+02 137258 
7.426971e+02 137243 
7.437064e+02 137227 
7.447045e+02 137262 
7.457019e+02 137246 
7.467134e+02 137231 
7.477014e+02 137266 
7.487059e+02 137250 
7.497095e+02 137234 
7.507018e+02 137270 
7.516946e+02 137254 
7.527062e+02 137238 
7.536984e+02 137273 
7.547093e+02 137258 
7.557102e+02 137242 
7.567055e+02 137277 
7.577067e+02 137261 
7.587056e+02 137246 
7.597005e+02 137281 
7.606950e+02 137265 
7.617075e+02 137249 
7.627068e+02 137285 
7.637082e+02 137269 
7.647120e+02 137202 
7.657103e+02 137288 
7.667005e+02 137222 
7.677129e+02 137206 
7.687099e+02 137241 
7.697077e+02 137225 
7.707048e+02 137261 
7.716957e+02 137245 
7.726962e+02 137229 
7.737076e+02 137213 
7.746996e+02 137300 
7.757057e+02 137233 
7.766958e+02 137217 
7.776944e+02 137252 
7.787088e+02 137237 
7.797098e+02 137221 
7.807080e+02 137307 
7.817044e+02 137240 
7.827061e+02 137225 
7.836978e+02 137260 
7.847142e+02 137244 
7.856974e+02 137228 
7.866980e+02 137263 
7.877011e+02 137248 
7.886936e+02 137232 
7.896987e+02 137267 
7.907307e+02 137251 
7.916965e+02 137236 
7.927141e+02 137271 
7.936998e+02 137255 
7.947022e+02 137240 
7.957015e+02 137275 
7.967119e+02 137259 
7.977097e+02 137243 
7.987003e+02 137279 
7.997070e+02 137263 
8.007033e+02 137247 
8.016941e+02 137282 
8.027006e+02 137267 
8.037021e+02 137251 
8.047092e+02 137286 
8.057177e+02 137270 
8.066973e+02 137255 
8.077078e+02 137290 
8.086957e+02 137274 
8.097103e+02 137258 
8.107078e+02 137294 
8.117064e+02 137227 
8.127021e+02 137211 
8.136989e+02 137297 
8.147016e+02 137231 
8.156937e+02 137266 
8.167104e+02 137250 
8.177046e+02 137235 
8.187121e+02 137219 
8.197084e+02 137254 
8.207253e+02 137238 
8.217093e+02 137222 
8.227102e+02 137309 
8.237080e+02 137242 
8.246946e+02 137226 
8.257088e+02 137261 
8.266999e+02 137246 
8.277040e+02 137230 
8.287112e+02 137265 
8.296952e+02 137249 
8.306935e+02 137234 
8.317118e+02 137269 
8.327131e+02 137253 
8.337053e+02 137237 
8.347058e+02 137273 
8.357226e+02 137257 
8.366955e+02 137241 
8.376961e+02 137276 
8.386946e+02 137261 
8.396927e+02 137245 
8.406936e+02 137280 
8.416966e+02 137265 
8.426977e+02 137249 
8.436980e+02 137284 
8.446979e+02 137268 
8.457211e+02 137253 
8.467055e+02 137288 
8.477021e+02 137272 
8.487227e+02 137256 
8.497020e+02 137292 
8.507104e+02 137225 
8.516954e+02 137209 
8.527050e+02 137295 
8.536950e+02 137229 
8.547008e+02 137213 
8.557096e+02 137248 
8.567080e+02 137232 
8.577032e+02 137217 
8.586970e+02 137252 
8.596949e+02 137236 
8.607016e+02 137220 
8.616971e+02 137256 
8.626940e+02 137240 
8.637003e+02 137224 
8.646954e+02 137259 
8.657006e+02 137244 
8.666994e+02 137228 
8.677106e+02 137263 
8.686943e+02 137247 
8.697039e+02 137232 
8.706934e+02 137267 
8.717018e+02 137251 
8.727080e+02 137235 
8.737012e+02 137270 
8.747109e+02 137255 
8.757119e+02 137239 
8.766974e+02 137274 
8.777076e+02 137259 
8.786987e+02 137243 
8.796938e+02 137278 
8.807100e+02 137262 
8.817029e+02 137247 
8.826977e+02 137282 
8.836944e+02 137266 
8.847047e+02 137250 
8.856942e+02 137286 
8.867053e+02 137270 
8.877033e+02 137203 
8.887001e+02 137289 
8.897112e+02 137223 
8.907095e+02 137207 
8.917032e+02 137242 
8.926955e+02 137226 
8.937045e+02 137211 
8.947060e+02 137297 
8.957077e+02 137230 
8.966923e+02 137214 
8.976997e+02 137250 
8.986953e+02 137234 
8.997013e+02 137218 
9.007014e+02 137253 
9.016929e+02 137237 
9.026930e+02 137222 
9.037014e+02 137257 
9.047009e+02 137241 
9.057008e+02 137225 
9.067123e+02 137261 
9.076968e+02 137245 
9.087005e+02 137229 
9.097081e+02 137264 
9.106969e+02 137249 
9.117164e+02 137233 
9.127015e+02 137268 
9.136964e+02 137252 
9.147107e+02 137237 
9.156928e+02 137272 
9.167072e+02 137256 
9.177100e+02 137240 
9.186996e+02 137276 
9.197085e+02 137260 
9.207219e+02 137244 
9.217004e+02 137279 
9.226962e+02 137209 
9.237094e+02 137177 
9.247011e+02 137234 
9.256957e+02 137177 
9.267110e+02 137110 
9.276947e+02 137086 
9.287041e+02 137001 
9.297113e+02 136961 
9.307081e+02 136913 
9.317113e+02 136860 
9.327122e+02 136801 
9.337116e+02 136687 
9.346959e+02 136620 
9.357071e+02 136599 
9.367060e+02 136576 
9.377097e+02 136499 
9.386950e+02 136521 
9.396985e+02 136439 
9.406938e+02 136406 
9.417067e+02 136422 
9.426929e+02 136334 
9.437050e+02 136297 
9.447098e+02 136309 
9.456976e+02 136269 
9.467079e+02 136228 
9.477102e+02 136237 
9.486959e+02 136194 
9.497094e+02 136151 
9.506941e+02 136209 
9.517061e+02 136164 
9.527082e+02 136119 
9.537035e+02 136125 
9.546988e+02 136130 
9.556940e+02 136084 
9.567011e+02 136139 
9.576948e+02 136092 
9.586941e+02 136044 
9.596949e+02 136099 
9.606944e+02 136051 
9.617046e+02 136054 
9.627057e+02 136056 
9.637044e+02 136007 
9.647056e+02 136009 
9.656919e+02 136062 
9.666931e+02 136013 
9.677030e+02 136014 
9.687074e+02 136015 
9.697070e+02 136016 
9.707028e+02 135966 
9.716980e+02 136018 
9.726917e+02 135967 
9.737022e+02 135967 
9.747056e+02 136018 
9.757068e+02 135967 
9.767001e+02 135967 
9.776923e+02 136018 
9.786910e+02 135967 
9.797011e+02 135966 
9.806908e+02 135966 
9.817046e+02 135965 
9.827018e+02 135964 
9.837053e+02 135963 
9.847007e+02 135962 
9.857011e+02 135961 
9.867077e+02 135960 
9.876998e+02 135959 
9.886915e+02 135958 
9.897062e+02 135957 
9.906985e+02 135955 
9.916991e+02 135954 
9.927021e+02 136004 
9.937109e+02 135951 
9.947070e+02 135950 
9.956975e+02 135999 
9.966971e+02 135947 
9.977064e+02 135945 
9.986968e+02 135944 
9.997028e+02 135942 
1.000706e+03 135941 
1.001714e+03 135990 
1.002706e+03 135938 
1.003696e+03 135936 
1.004698e+03 135986 
1.005704e+03 135933 
1.006701e+03 135932 
1.007696e+03 135981 
1.008704e+03 135929 
1.009690e+03 135927 
1.010694e+03 135977 
1.011695e+03 135975 
1.012705e+03 135923 
1.013692e+03 135972 
1.014702e+03 135971 
1.015696e+03 135919 
1.016694e+03 135968 
1.017703e+03 135967 
1.018708e+03 135914 
1.019704e+03 135964 
1.020700e+03 135962 
1.021707e+03 135910 
1.022698e+03 135959 
1.023691e+03 135958 
1.024693e+03 135957 
1.025699e+03 135955 
1.026708e+03 135954 
1.027693e+03 135952 
1.028708e+03 135951 
1.029691e+03 135950 
1.030695e+03 135948 
1.031703e+03 135947 
1.032701e+03 135945 
1.033698e+03 135944 
1.034701e+03 135943 
1.035695e+03 135941 
1.036715e+03 135940 
1.037701e+03 135939 
1.038708e+03 135937 
1.039700e+03 135936 
1.040698e+03 135985 
1.041691e+03 135933 
1.042700e+03 135932 
1.043698e+03 135981 
1.044700e+03 135929 
1.045709e+03 135928 
1.046706e+03 135977 
1.047700e+03 135925 
1.048707e+03 135923 
1.049702e+03 135973 
1.050708e+03 135972 
1.051698e+03 135919 
1.052705e+03 135969 
1.053691e+03 135968 
1.054709e+03 135915 
1.055700e+03 135965 
1.056703e+03 135963 
1.057696e+03 135911 
1.058698e+03 135961 
1.059693e+03 135959 
1.060699e+03 135907 
1.061692e+03 135956 
1.062691e+03 135955 
1.063690e+03 135954 
1.064707e+03 135952 
1.065690e+03 135951 
1.066710e+03 135950 
1.067698e+03 135948 
1.068705e+03 135947 
1.069708e+03 135945 
1.070696e+03 135944 
1.071690e+03 135943 
1.072706e+03 135941 
1.073701e+03 135991 
1.074708e+03 135938 
1.075706e+03 135937 
1.076708e+03 135987 
1.077696e+03 135934 
1.078695e+03 135933 
1.079704e+03 135983 
1.080705e+03 135930 
1.081709e+03 135929 
1.082694e+03 135978 
1.083707e+03 135926 
1.084691e+03 135925 
1.085703e+03 135974 
1.086692e+03 135922 
1.087705e+03 135921 
1.088702e+03 135970 
1.089695e+03 135918 
1.090698e+03 135916 
1.091706e+03 135966 
1.092701e+03 135965 
1.093694e+03 135912 
1.094701e+03 135962 
1.095697e+03 135961 
1.096694e+03 135908 
1.097703e+03 135958 
1.098691e+03 135956 
1.099701e+03 135955 
1.100695e+03 135954 
1.101700e+03 135952 
1.102706e+03 135951 
1.103691e+03 135949 
1.104704e+03 135948 
1.105706e+03 135947 
1.106699e+03 135945 
1.107705e+03 135944 
1.108689e+03 135943 
1.109708e+03 135992 
1.110708e+03 135940 
1.111706e+03 135939 
1.112700e+03 135988 
1.113698e+03 135936 
1.114698e+03 135934 
1.115702e+03 135984 
1.116702e+03 135932 
1.117703e+03 135930 
1.118691e+03 135980 
1.119700e+03 135928 
1.120703e+03 135926 
1.121693e+03 135976 
1.122705e+03 135975 
1.123696e+03 135922 
1.124702e+03 135972 
1.125700e+03 135970 
1.126699e+03 135918 
1.127708e+03 135968 
1.128698e+03 135966 
1.129696e+03 135914 
1.130703e+03 135964 
1.131690e+03 135962 
1.132705e+03 135910 
1.133702e+03 135959 
1.134706e+03 135958 
1.135707e+03 135957 
1.136689e+03 135955 
1.137698e+03 135954 
1.138696e+03 135953 
1.139691e+03 135951 
1.140707e+03 135950 
1.141701e+03 135948 
1.142705e+03 135947 
1.143702e+03 135946 
1.144692e+03 135944 
1.145690e+03 135943 
1.146690e+03 135942 
1.147696e+03 135940 
1.148711e+03 135990 
1.149702e+03 135938 
1.150693e+03 135936 
1.151694e+03 135986 
1.152693e+03 135934 
1.153693e+03 135932 
1.154699e+03 135982 
1.155699e+03 135930 
1.156693e+03 135928 
1.157694e+03 135978 
1.158689e+03 135976 
1.159699e+03 135924 
1.160692e+03 135974 
1.161689e+03 135972 
1.162697e+03 135920 
1.163690e+03 135970 
1.164692e+03 135968 
1.165692e+03 135916 
1.166699e+03 135966 
1.167691e+03 135964 
1.168701e+03 135912 
1.169701e+03 135961 
1.170691e+03 135960 
1.171711e+03 135959 
1.172695e+03 135957 
1.173690e+03 135956 
1.174701e+03 135955 
1.175692e+03 135953 
1.176707e+03 135952 
1.177689e+03 135951 
1.178697e+03 135949 
1.179690e+03 135948 
1.180691e+03 135946 
1.181707e+03 135945 
1.182692e+03 135944 
1.183704e+03 135942 
1.184708e+03 135992 
1.185698e+03 135940 
1.186691e+03 135938 
1.187689e+03 135937 
1.188690e+03 135936 
1.189701e+03 135934 
1.190707e+03 135984 
1.191698e+03 135932 
1.192696e+03 135930 
1.193698e+03 135929 
1.194694e+03 135928 
1.195692e+03 135926 
1.196694e+03 135976 
1.197706e+03 135923 
1.198705e+03 135922 
1.199691e+03 135972 
1.200706e+03 135919 
1.201705e+03 135918 
1.202705e+03 135967 
1.203705e+03 135915 
1.204704e+03 135914 
1.205695e+03 135963 
1.206690e+03 135911 
1.207705e+03 135910 
1.208695e+03 135959 
1.209708e+03 135907 
1.210692e+03 135906 
1.211689e+03 135955 
1.212707e+03 135954 
1.213696e+03 135901 
1.214689e+03 135951 
1.215687e+03 135950 
1.216704e+03 135897 
1.217703e+03 135947 
1.218687e+03 135946 
1.219699e+03 135893 
1.220692e+03 135943 
1.221703e+03 135942 
1.222693e+03 135940 
1.223700e+03 135939 
1.224696e+03 135938 
1.225700e+03 135936 
1.226693e+03 135935 
1.227694e+03 135933 
1.228694e+03 135932 
1.229688e+03 135931 
1.230687e+03 135929 
1.231700e+03 135928 
1.232702e+03 135927 
1.233703e+03 135925 
1.234701e+03 135924 
1.235704e+03 135973 
1.236688e+03 135921 
1.237698e+03 135920 
1.238698e+03 135969 
1.239696e+03 135917 
1.240688e+03 135916 
1.241699e+03 135965 
1.242694e+03 135913 
1.243697e+03 135912 
1.244695e+03 135961 
1.245692e+03 135909 
1.246695e+03 135907 
1.247704e+03 135957 
1.248692e+03 135905 
1.249693e+03 135903 
1.250699e+03 135953 
1.251687e+03 135901 
1.252705e+03 135899 
1.253692e+03 135949 
1.254690e+03 135897 
1.255700e+03 135895 
1.256703e+03 135945 
1.257697e+03 135943 
1.258687e+03 135891 
1.259702e+03 135941 
1.260701e+03 135939 
1.261689e+03 135887 
1.262696e+03 135937 
1.263687e+03 135935 
1.264696e+03 135883 
1.265692e+03 135932 
1.266695e+03 135931 
1.267704e+03 135930 
1.268706e+03 135928 
1.269698e+03 135927 
1.270686e+03 135926 
1.271689e+03 135924 
1.272704e+03 135923 
1.273696e+03 135921 
1.274690e+03 135920 
1.275696e+03 135919 
1.276697e+03 135917 
1.277692e+03 135967 
1.278697e+03 135915 
1.279699e+03 135913 
1.280704e+03 135963 
1.281695e+03 135911 
1.282697e+03 135909 
1.283695e+03 135959 
1.284696e+03 135906 
1.285700e+03 135905 
1.286696e+03 135955 
1.287686e+03 135902 
1.288695e+03 135901 
1.289702e+03 135951 
1.290685e+03 135949 
1.291697e+03 135897 
1.292699e+03 135947 
1.293701e+03 135945 
1.294686e+03 135893 
1.295692e+03 135943 
1.296690e+03 135941 
1.297703e+03 135889 
1.298694e+03 135938 
1.299694e+03 135937 
1.300693e+03 135936 
1.301704e+03 135934 
1.302699e+03 135933 
1.303692e+03 135932 
1.304702e+03 135930 
1.305700e+03 135929 
1.306700e+03 135928 
1.307697e+03 135977 
1.308698e+03 135925 
1.309704e+03 135924 
1.310704e+03 135973 
1.311695e+03 135921 
1.312685e+03 135920 
1.313699e+03 135969 
1.314704e+03 135917 
1.315703e+03 135916 
1.316707e+03 135965 
1.317694e+03 135913 
1.318694e+03 135912 
1.319695e+03 135961 
1.320703e+03 135909 
1.321688e+03 135908 
1.322694e+03 135957 
1.323695e+03 135956 
1.324690e+03 135904 
1.325701e+03 135953 
1.326690e+03 135952 
1.327703e+03 135900 
1.328690e+03 135949 
1.329696e+03 135948 
1.330707e+03 135896 
1.331692e+03 135945 
1.332703e+03 135944 
1.333701e+03 135892 
1.334691e+03 135941 
1.335689e+03 135940 
1.336694e+03 135938 
1.337701e+03 135937 
1.338690e+03 135936 
1.339708e+03 135934 
1.340700e+03 135933 
1.341703e+03 135932 
1.342705e+03 135930 
1.343703e+03 135980 
1.344697e+03 135928 
1.345696e+03 135926 
1.346703e+03 135976 
1.347692e+03 135924 
1.348703e+03 135922 
1.349702e+03 135972 
1.350694e+03 135920 
1.351697e+03 135919 
1.352690e+03 135968 
1.353692e+03 135916 
1.354692e+03 135915 
1.355695e+03 135964 
1.356692e+03 135963 
1.357695e+03 135911 
1.358690e+03 135960 
1.359697e+03 135959 
1.360703e+03 135907 
1.361694e+03 135956 
1.362703e+03 135955 
1.363688e+03 135903 
1.364684e+03 135952 
1.365686e+03 135951 
1.366687e+03 135899 
1.367710e+03 135948 
1.368687e+03 135947 
1.369691e+03 135946 
1.370700e+03 135944 
1.371694e+03 135943 
1.372701e+03 135942 
1.373689e+03 135940 
1.374702e+03 135939 
1.375689e+03 135938 
1.376688e+03 135936 
1.377700e+03 135935 
1.378702e+03 135934 
1.379700e+03 135983 
1.380685e+03 135931 
1.381687e+03 135929 
1.382701e+03 135979 
1.383703e+03 135927 
1.384693e+03 135925 
1.385703e+03 135975 
1.386690e+03 135923 
1.387703e+03 135921 
1.388698e+03 135971 
1.389690e+03 135970 
1.390692e+03 135917 
1.391692e+03 135967 
1.392700e+03 135915 
1.393705e+03 135914 
1.394699e+03 135963 
1.395702e+03 135911 
1.396686e+03 135910 
1.397703e+03 135959 
1.398701e+03 135958 
1.399697e+03 135905 
1.400693e+03 135955 
1.401700e+03 135954 
1.402691e+03 135901 
1.403698e+03 135951 
1.404701e+03 135950 
1.405697e+03 135897 
1.406690e+03 135947 
1.407695e+03 135946 
1.408696e+03 135893 
1.409698e+03 135943 
1.410701e+03 135942 
1.411696e+03 135889 
1.412688e+03 135939 
1.413698e+03 135938 
1.414702e+03 135936 
1.415696e+03 135935 
1.416685e+03 135934 
1.417684e+03 135932 
1.418699e+03 135931 
1.419689e+03 135930 
1.420688e+03 135928 
1.421696e+03 135927 
1.422694e+03 135925 
1.423685e+03 135924 
1.424691e+03 135923 
1.425683e+03 135921 
1.426688e+03 135920 
1.427694e+03 135970 
1.428688e+03 135917 
1.429689e+03 135916 
1.430686e+03 135915 
1.431697e+03 135913 
1.432703e+03 135912 
1.433695e+03 135962 
1.434694e+03 135909 
1.435694e+03 135908 
1.436697e+03 135958 
1.437694e+03 135905 
1.438688e+03 135904 
1.439686e+03 135954 
1.440701e+03 135901 
1.441683e+03 135900 
1.442687e+03 135950 
1.443692e+03 135897 
1.444689e+03 135896 
1.445691e+03 135945 
1.446685e+03 135893 
1.447686e+03 135892 
1.448704e+03 135941 
1.449694e+03 135940 
1.450695e+03 135888 
1.451694e+03 135937 
1.452693e+03 135885 
1.453683e+03 135883 
1.454696e+03 135933 
1.455699e+03 135932 
1.456701e+03 135879 
1.457686e+03 135929 
1.458696e+03 135928 
1.459691e+03 135875 
1.460688e+03 135925 
1.461690e+03 135923 
1.462693e+03 135871 
1.463693e+03 135921 
1.464692e+03 135919 
1.465689e+03 135918 
1.466692e+03 135917 
1.467689e+03 135915 
1.468688e+03 135914 
1.469698e+03 135913 
1.470687e+03 135911 
1.471699e+03 135910 
1.472688e+03 135909 
1.473704e+03 135907 
1.474689e+03 135906 
1.475704e+03 135904 
1.476688e+03 135903 
1.477705e+03 135902 
1.478693e+03 135951 
1.479690e+03 135899 
1.480686e+03 135898 
1.481682e+03 135947 
1.482696e+03 135895 
1.483689e+03 135894 
1.484686e+03 135943 
1.485693e+03 135891 
1.486688e+03 135890 
1.487690e+03 135939 
1.488703e+03 135887 
1.489686e+03 135885 
1.490687e+03 135935 
1.491687e+03 135934 
1.492688e+03 135881 
1.493697e+03 135931 
1.494688e+03 135930 
1.495704e+03 135877 
1.496686e+03 135927 
1.497705e+03 135925 
1.498686e+03 135873 
1.499694e+03 135923 
1.500687e+03 135921 
1.501687e+03 135869 
1.502699e+03 135919 
1.503685e+03 135917 
1.504703e+03 135916 
1.505691e+03 135915 
1.506684e+03 135913 
1.507687e+03 135912 
1.508704e+03 135911 
1.509703e+03 135909 
1.510686e+03 135908 
1.511686e+03 135906 
1.512691e+03 135905 
1.513686e+03 135904 
1.514691e+03 135953 
1.515686e+03 135901 
1.516703e+03 135900 
1.517702e+03 135949 
1.518684e+03 135897 
1.519703e+03 135896 
1.520683e+03 135945 
1.521701e+03 135893 
1.522683e+03 135892 
1.523689e+03 135941 
1.524700e+03 135940 
1.525699e+03 135888 
1.526695e+03 135937 
1.527683e+03 135936 
1.528702e+03 135884 
1.529701e+03 135933 
1.530690e+03 135932 
1.531688e+03 135879 
1.532682e+03 135929 
1.533695e+03 135928 
1.534686e+03 135926 
1.535688e+03 135925 
1.536698e+03 135924 
1.537689e+03 135922 
1.538689e+03 135921 
1.539691e+03 135920 
1.540683e+03 135918 
1.541698e+03 135917 
1.542689e+03 135916 
1.543684e+03 135914 
1.544683e+03 135964 
1.545695e+03 135912 
1.546682e+03 135910 
1.547687e+03 135960 
1.548699e+03 135908 
1.549687e+03 135906 
1.550683e+03 135956 
1.551700e+03 135904 
1.552697e+03 135902 
1.553682e+03 135952 
1.554681e+03 135900 
1.555686e+03 135898 
1.556682e+03 135948 
1.557688e+03 135946 
1.558685e+03 135894 
1.559694e+03 135944 
1.560695e+03 135942 
1.561696e+03 135941 
1.562699e+03 135940 
1.563700e+03 135938 
1.564686e+03 135937 
1.565693e+03 135936 
1.566696e+03 135934 
1.567699e+03 135933 
1.568686e+03 135932 
1.569698e+03 135930 
1.570681e+03 135929 
1.571700e+03 135979 
1.572687e+03 135926 
1.573690e+03 135925 
1.574682e+03 135975 
1.575700e+03 135922 
1.576695e+03 135921 
1.577698e+03 135971 
1.578699e+03 135918 
1.579692e+03 135917 
1.580695e+03 135967 
1.581698e+03 135915 
1.582698e+03 135913 
1.583696e+03 135963 
1.584685e+03 135962 
1.585682e+03 135909 
1.586698e+03 135959 
1.587693e+03 135958 
1.588681e+03 135905 
1.589685e+03 135955 
1.590700e+03 135903 
1.591682e+03 135901 
1.592696e+03 135951 
1.593691e+03 135950 
1.594685e+03 135897 
1.595684e+03 135947 
1.596682e+03 135946 
1.597696e+03 135893 
1.598694e+03 135943 
1.599691e+03 135942 
1.600696e+03 135889 
1.601684e+03 135939 
1.602694e+03 135938 
1.603695e+03 135885 
1.604680e+03 135935 
1.605692e+03 135934 
1.606694e+03 135881 
1.607701e+03 135931 
1.608692e+03 135929 
1.609689e+03 135877 
1.610681e+03 135927 
1.611682e+03 135925 
1.612690e+03 135873 
1.613686e+03 135923 
1.614682e+03 135921 
1.615682e+03 135869 
1.616681e+03 135919 
1.617682e+03 135917 
1.618687e+03 135916 
1.619696e+03 135915 
1.620693e+03 135913 
1.621687e+03 135912 
1.622699e+03 135962 
1.623686e+03 135909 
1.624689e+03 135908 
1.625697e+03 135958 
1.626686e+03 135905 
1.627702e+03 135904 
1.628686e+03 135954 
1.629690e+03 135901 
1.630686e+03 135900 
1.631695e+03 135950 
1.632686e+03 135897 
1.633701e+03 135896 
1.634696e+03 135946 
1.635685e+03 135893 
1.636686e+03 135892 
1.637692e+03 135941 
1.638701e+03 135889 
1.639701e+03 135888 
1.640686e+03 135937 
1.641690e+03 135936 
1.642690e+03 135884 
1.643693e+03 135933 
1.644690e+03 135932 
1.645693e+03 135880 
1.646684e+03 135929 
1.647685e+03 135928 
1.648690e+03 135876 
1.649701e+03 135925 
1.650688e+03 135924 
1.651692e+03 135871 
1.652688e+03 135921 
1.653700e+03 135920 
1.654690e+03 135918 
1.655693e+03 135917 
1.656682e+03 135916 
1.657706e+03 135914 
1.658687e+03 135913 
1.659693e+03 135912 
1.660689e+03 135910 
1.661684e+03 135909 
1.662691e+03 135908 
1.663685e+03 135906 
1.664696e+03 135956 
1.665697e+03 135904 
1.666682e+03 135902 
1.667690e+03 135952 
1.668682e+03 135900 
1.669701e+03 135898 
1.670698e+03 135948 
1.671687e+03 135896 
1.672699e+03 135894 
1.673683e+03 135944 
1.674700e+03 135892 
1.675682e+03 135890 
1.676696e+03 135940 
1.677698e+03 135888 
1.678694e+03 135886 
1.679685e+03 135936 
1.680687e+03 135934 
1.681684e+03 135882 
1.682685e+03 135932 
1.683695e+03 135930 
1.684692e+03 135878 
1.685689e+03 135928 
1.686692e+03 135926 
1.687689e+03 135874 
1.688688e+03 135924 
1.689687e+03 135922 
1.690699e+03 135870 
1.691695e+03 135919 
1.692715e+03 135918 
1.693682e+03 135917 
1.694685e+03 135915 
1.695694e+03 135914 
1.696684e+03 135913 
1.697697e+03 135911 
1.698695e+03 135910 
1.699695e+03 135909 
1.700693e+03 135907 
1.701699e+03 135906 
1.702679e+03 135905 
1.703699e+03 135954 
1.704695e+03 135902 
1.705682e+03 135901 
1.706695e+03 135950 
1.707688e+03 135898 
1.708684e+03 135897 
1.709695e+03 135946 
1.710695e+03 135945 
1.711694e+03 135893 
1.712684e+03 135942 
1.713695e+03 135941 
1.714696e+03 135889 
1.715680e+03 135938 
1.716691e+03 135937 
1.717693e+03 135885 
1.718693e+03 135934 
1.719683e+03 135933 
1.720695e+03 135881 
1.721695e+03 135930 
1.722693e+03 135929 
1.723696e+03 135877 
1.724682e+03 135926 
1.725681e+03 135925 
1.726690e+03 135924 
1.727686e+03 135922 
1.728696e+03 135921 
1.729696e+03 135919 
1.730696e+03 135918 
1.731686e+03 135917 
1.732698e+03 135915 
1.733682e+03 135914 
1.734683e+03 135913 
1.735693e+03 135911 
1.736695e+03 135910 
1.737693e+03 135909 
1.738684e+03 135907 
1.739698e+03 135906 
1.740690e+03 135905 
1.741687e+03 135903 
1.742687e+03 135902 
1.743679e+03 135901 
1.744690e+03 135899 
1.745680e+03 135949 
1.746692e+03 135897 
1.747687e+03 135895 
1.748684e+03 135945 
1.749698e+03 135893 
1.750688e+03 135891 
1.751686e+03 135941 
1.752686e+03 135889 
1.753697e+03 135887 
1.754682e+03 135937 
1.755683e+03 135885 
1.756687e+03 135883 
1.757693e+03 135933 
1.758681e+03 135880 
1.759692e+03 135879 
1.760682e+03 135929 
1.761684e+03 135927 
1.762685e+03 135875 
1.763690e+03 135925 
1.764681e+03 135923 
1.765692e+03 135871 
1.766694e+03 135921 
1.767681e+03 135919 
1.768678e+03 135867 
1.769698e+03 135917 
1.770696e+03 135915 
1.771697e+03 135863 
1.772685e+03 135913 
1.822687e+03 135912 
1.852681e+03 135912 
1.862688e+03 135912 
1.882686e+03 135917 
1.902680e+03 135925 
1.912681e+03 135935 
1.932675e+03 135940 
1.962691e+03 135940 
1.972682e+03 135940 
1.982678e+03 135938 
1.992689e+03 135934 
2.002678e+03 135929 
2.082689e+03 135923 
2.092673e+03 135915 
2.112677e+03 135910 
2.142679e+03 135909 
2.162672e+03 135909 
2.172673e+03 135909 
2.202682e+03 135915 
2.242677e+03 135924 
2.262681e+03 135935 
2.302687e+03 135946 
2.342675e+03 135949 
2.362678e+03 135949 
2.372681e+03 135949 
2.382685e+03 135947 
2.402675e+03 135940 
2.412668e+03 135930 
2.422683e+03 135922 
2.432687e+03 135911 
2.452677e+03 135902 
2.532672e+03 135903 
2.542675e+03 135908 
2.552665e+03 135917 
2.572684e+03 135929 
2.592670e+03 135940 
2.612666e+03 135953 
2.642675e+03 135959 
2.652681e+03 135960 
2.662676e+03 135960 
2.672679e+03 135960 
2.682666e+03 135957 
2.692665e+03 135951 
2.722668e+03 135938 
2.732676e+03 135923 
2.752666e+03 135907 
2.782667e+03 135895 
2.862668e+03 135895 
2.872670e+03 135899 
2.892674e+03 135908 
2.912685e+03 135916 
2.922676e+03 135925 
2.932680e+03 135934 
2.962664e+03 135935 
2.972665e+03 135935 
2.982670e+03 135935 
2.992665e+03 135934 
3.002675e+03 135930 
3.022672e+03 135925 
3.032679e+03 135918 
3.052671e+03 135911 
3.092675e+03 135901 
3.102706e+03 135891 
3.182673e+03 135891 
3.202660e+03 135891 
3.222658e+03 135897 
3.232670e+03 135904 
3.252665e+03 135913 
3.272668e+03 135924 
3.302672e+03 135933 
3.332667e+03 135935 
3.362660e+03 135933 
3.372658e+03 135928 
3.382663e+03 135922 
3.442656e+03 135911 
3.462664e+03 135896 
3.532655e+03 135886 
3.592668e+03 135886 
3.622651e+03 135892 
3.632667e+03 135900 
3.642652e+03 135907 
3.652661e+03 135915 
3.712668e+03 135921 
3.732665e+03 135923 
3.742654e+03 135923 
3.762665e+03 135921 
3.772666e+03 135916 
3.782656e+03 135910 
3.792665e+03 135904 
3.802654e+03 135896 
3.902652e+03 135893 
3.942663e+03 135893 
3.982652e+03 135893 
3.992648e+03 135893 
4.022661e+03 135893 
4.052657e+03 135892 
4.102660e+03 135892 
4.142650e+03 135892 
4.172644e+03 135895 
4.222648e+03 135897 
4.252652e+03 135902 
4.262639e+03 135907 
4.272640e+03 135914 
4.302642e+03 135914 
4.312644e+03 135916 
4.322651e+03 135916 
4.342656e+03 135915 
4.352654e+03 135914 
4.362653e+03 135912 
4.372645e+03 135907 
4.392654e+03 135903 
4.422643e+03 135897 
4.472659e+03 135891 
4.522652e+03 135888 
4.562638e+03 135888 
4.582645e+03 135888 
4.622643e+03 135892 
4.642644e+03 135892 
4.702633e+03 135891 
4.722640e+03 135891 
4.742639e+03 135895 
4.762640e+03 135898 
4.782642e+03 135898 
4.842634e+03 135898 
4.862645e+03 135898 
4.882648e+03 135898 
4.912637e+03 135897 
4.932643e+03 135896 
4.952628e+03 135895 
4.982629e+03 135894 
4.992643e+03 135891 
5.042645e+03 135889 
5.052642e+03 135887 
5.062636e+03 135884 
5.192633e+03 135884 
5.202625e+03 135888 
5.212632e+03 135894 
5.222634e+03 135900 
5.242628e+03 135905 
5.262638e+03 135911 
5.272645e+03 135919 
5.302627e+03 135919 
5.322638e+03 135919 
5.342626e+03 135919 
5.362631e+03 135917 
5.372629e+03 135914 
5.382636e+03 135908 
5.402642e+03 135902 
5.422625e+03 135898 
5.452629e+03 135895 
5.482628e+03 135894 
5.502626e+03 135894 
5.562626e+03 135897 
5.572628e+03 135903 
5.592633e+03 135910 
5.652621e+03 135912 
5.662623e+03 135912 
5.692624e+03 135913 
5.722621e+03 135913 
5.752624e+03 135911 
5.802635e+03 135907 
5.912622e+03 135901 
5.922623e+03 135895 
5.942626e+03 135890 
5.962630e+03 135887 
6.002619e+03 135887 
6.022611e+03 135893 
6.032626e+03 135900 
6.042622e+03 135908 
6.092629e+03 135918 
6.142618e+03 135918 
6.162617e+03 135918 
6.172626e+03 135918 
6.192614e+03 135918 
6.202611e+03 135916 
6.212612e+03 135914 
6.222622e+03 135909 
6.242623e+03 135906 
6.262612e+03 135898 
6.312622e+03 135892 
6.382614e+03 135892 
6.412618e+03 135891 
6.452616e+03 135893 
6.472620e+03 135893 
6.502605e+03 135898 
6.542617e+03 135904 
6.572620e+03 135905 
6.582621e+03 135905 
6.592606e+03 135905 
6.602618e+03 135904 
6.622612e+03 135904 
6.672619e+03 135904 
6.682619e+03 135902 
6.702615e+03 135900 
6.712616e+03 135897 
6.732620e+03 135892 
6.792602e+03 135892 
6.812616e+03 135892 
6.842605e+03 135894 
6.872615e+03 135897 
6.922600e+03 135901 
6.982598e+03 135904 
6.992606e+03 135905 
7.012614e+03 135906 
7.042608e+03 135906 
7.082604e+03 135902 
7.102608e+03 135896 
7.112600e+03 135890 
7.122611e+03 135884 
7.152616e+03 135877 
7.252603e+03 135874 
7.272601e+03 135870 
7.282607e+03 135867 
7.312594e+03 135867 
7.322609e+03 135867 
7.372609e+03 135874 
7.392602e+03 135883 
7.402593e+03 135891 
7.412591e+03 135902 
7.462595e+03 135902 
7.472607e+03 135902 
7.482606e+03 135899 
7.512604e+03 135890 
7.532593e+03 135880 
7.542590e+03 135869 
7.562604e+03 135859 
7.572594e+03 135851 
7.632596e+03 135851 
7.642596e+03 135855 
7.672586e+03 135864 
7.682589e+03 135874 
7.732596e+03 135882 
7.752604e+03 135892 
7.762604e+03 135900 
7.782586e+03 135901 
7.792589e+03 135901 
7.812594e+03 135899 
7.822603e+03 135894 
7.832589e+03 135889 
7.852591e+03 135881 
7.862593e+03 135872 
7.872586e+03 135860 
7.912600e+03 135854 
7.932590e+03 135849 
8.012595e+03 135857 
8.022586e+03 135865 
8.042596e+03 135874 
8.112587e+03 135882 
8.132596e+03 135888 
8.182599e+03 135896 
8.222578e+03 135899 
8.232592e+03 135901 
8.252596e+03 135902 
8.262580e+03 135902 
8.282576e+03 135902 
8.302590e+03 135901 
8.312590e+03 135898 
8.322579e+03 135894 
8.332584e+03 135890 
8.412594e+03 135884 
8.482582e+03 135881 
8.552577e+03 135881 
8.582586e+03 135886 
8.592572e+03 135894 
8.642582e+03 135897 
8.652583e+03 135896 
8.662589e+03 135898 
8.672575e+03 135898 
8.682573e+03 135897 
8.692573e+03 135897 
8.702571e+03 135896 
8.712579e+03 135895 
8.722589e+03 135893 
8.732587e+03 135891 
8.742577e+03 135888 
8.762575e+03 135885 
8.772587e+03 135882 
8.842584e+03 135882 
8.862583e+03 135881 
8.902583e+03 135881 
8.942581e+03 135887 
8.962587e+03 135893 
8.992578e+03 135897 
9.032571e+03 135898 
9.052585e+03 135898 
9.062584e+03 135898 
9.092569e+03 135898 
9.102576e+03 135898 
9.132585e+03 135896 
9.142568e+03 135891 
9.152576e+03 135885 
9.162574e+03 135877 
9.182581e+03 135872 
9.242578e+03 135876 
9.252572e+03 135883 
9.262567e+03 135890 
9.322576e+03 135899 
9.372572e+03 135907 
9.392571e+03 135907 
9.412561e+03 135907 
9.422566e+03 135907 
9.432569e+03 135907 
9.442571e+03 135906 
9.492560e+03 135902 
9.532566e+03 135897 
9.572569e+03 135892 
9.582558e+03 135887 
9.602573e+03 135883 
9.622559e+03 135880 
9.642576e+03 135880 
9.732563e+03 135891 
9.752570e+03 135901 
9.762572e+03 135913 
9.802572e+03 135918 
9.832570e+03 135918 
9.842573e+03 135918 
9.852564e+03 135915 
9.862563e+03 135910 
9.872563e+03 135904 
9.882567e+03 135899 
9.912561e+03 135891 
9.922561e+03 135883 
9.952559e+03 135878 
9.982572e+03 135875 
1.003256e+04 135875 
1.005255e+04 135880 
1.010255e+04 135886 
1.013255e+04 135892 
1.017256e+04 135898 
1.024255e+04 135902 
1.026255e+04 135902 
1.027256e+04 135903 
1.030255e+04 135903 
1.032256e+04 135902 
1.034256e+04 135898 
1.036256e+04 135893 
1.038256e+04 135888 
1.040255e+04 135883 
1.041256e+04 135878 
1.043256e+04 135873 
1.047256e+04 135873 
1.049256e+04 135873 
1.051255e+04 135878 
1.052256e+04 135885 
1.054256e+04 135891 
1.056255e+04 135897 
1.059255e+04 135900 
1.061256e+04 135901 
1.062255e+04 135901 
1.064256e+04 135900 
1.065256e+04 135898 
1.068254e+04 135893 
1.070255e+04 135885 
1.072256e+04 135878 
1.077254e+04 135870 
1.080254e+04 135865 
1.083255e+04 135860 
1.089256e+04 135860 
1.090256e+04 135860 
1.091255e+04 135860 
1.093255e+04 135866 
1.096254e+04 135877 
1.100254e+04 135888 
1.103254e+04 135897 
1.105254e+04 135903 
1.108255e+04 135903 
1.109253e+04 135903 
1.110255e+04 135901 
1.111255e+04 135895 
1.112254e+04 135888 
1.113255e+04 135881 
1.124253e+04 135875 
1.131254e+04 135869 
1.133254e+04 135866 
1.136254e+04 135866 
1.138255e+04 135866 
1.140257e+04 135871 
1.142253e+04 135878 
1.143255e+04 135888 
1.148255e+04 135896 
1.152253e+04 135905 
1.154254e+04 135915 
1.156254e+04 135921 
1.158254e+04 135921 
1.159253e+04 135921 
1.162254e+04 135918 
1.164254e+04 135913 
1.166254e+04 135906 
1.167253e+04 135899 
1.175254e+04 135892 
1.179253e+04 135885 
1.181254e+04 135880 
1.185252e+04 135880 
1.186253e+04 135880 
1.187252e+04 135881 
1.189253e+04 135887 
1.191254e+04 135893 
1.193254e+04 135899 
1.194254e+04 135907 
1.199253e+04 135905 
1.203253e+04 135897 
1.204254e+04 135887 
1.206252e+04 135876 
1.213252e+04 135869 
1.222253e+04 135875 
1.224253e+04 135883 
1.226253e+04 135893 
1.235252e+04 135904 
1.239252e+04 135910 
1.244251e+04 135905 
1.246252e+04 135895 
1.248253e+04 135887 
1.249251e+04 135876 
1.257252e+04 135868 
1.258252e+04 135859 
1.264251e+04 135859 
1.265252e+04 135859 
1.267251e+04 135859 
1.269252e+04 135865 
1.272252e+04 135873 
1.274252e+04 135880 
1.275252e+04 135888 
1.281252e+04 135888 
1.282251e+04 135887 
1.284252e+04 135887 
1.285252e+04 135887 
1.286251e+04 135887 
1.288252e+04 135887 
1.289251e+04 135887 
1.290252e+04 135885 
1.291251e+04 135881 
1.293251e+04 135876 
1.296252e+04 135871 
1.303251e+04 135865 
1.306250e+04 135857 
1.309252e+04 135851 
1.315252e+04 135851 
1.320251e+04 135855 
1.321250e+04 135860 
1.322251e+04 135868 
1.324250e+04 135876 
1.326250e+04 135884 
1.329251e+04 135886 
1.334251e+04 135884 
1.336252e+04 135882 
1.337251e+04 135879 
1.341251e+04 135877 
1.350251e+04 135877 
1.351251e+04 135877 
1.354251e+04 135877 
1.362249e+04 135876 
1.368250e+04 135877 
1.372250e+04 135877 
1.376250e+04 135882 
1.378250e+04 135882 
1.379249e+04 135882 
1.382249e+04 135884 
1.384251e+04 135887 
1.385250e+04 135887 
1.387250e+04 135887 
1.389251e+04 135886 
1.390251e+04 135885 
1.392250e+04 135885 
1.394250e+04 135883 
1.396250e+04 135878 
1.397250e+04 135875 
1.399249e+04 135872 
1.404249e+04 135872 
1.407250e+04 135873 
1.411249e+04 135877 
1.413250e+04 135881 
1.426250e+04 135884 
1.432250e+04 135885 
1.435249e+04 135885 
1.436250e+04 135885 
1.440250e+04 135882 
1.441249e+04 135880 
1.443248e+04 135876 
1.452248e+04 135875 
1.456248e+04 135875 
1.459249e+04 135875 
1.467250e+04 135875 
1.468248e+04 135875 
1.469248e+04 135875 
1.470249e+04 135875 
1.472249e+04 135875 
1.475249e+04 135875 
1.477249e+04 135874 
1.479248e+04 135869 
1.480249e+04 135861 
1.483249e+04 135846 
1.485248e+04 135831 
1.488248e+04 135819 
1.495250e+04 135820 
1.496249e+04 135824 
1.499249e+04 135833 
1.500249e+04 135845 
1.516249e+04 135856 
1.519248e+04 135865 
1.520247e+04 135871 
1.522248e+04 135871 
1.523249e+04 135871 
1.526247e+04 135867 
1.527249e+04 135860 
1.528247e+04 135853 
1.529248e+04 135843 
1.530247e+04 135833 
1.533247e+04 135827 
1.541247e+04 135827 
1.547247e+04 135838 
1.551247e+04 135852 
1.553248e+04 135864 
1.558248e+04 135865 
1.559247e+04 135865 
1.561248e+04 135863 
1.564247e+04 135858 
1.566247e+04 135852 
1.567247e+04 135844 
1.571247e+04 135836 
1.572248e+04 135826 
1.574249e+04 135818 
1.581246e+04 135824 
1.582247e+04 135833 
1.588247e+04 135848 
1.592247e+04 135859 
1.594247e+04 135868 
1.595246e+04 135874 
1.598247e+04 135871 
1.599247e+04 135865 
1.600246e+04 135855 
1.601246e+04 135843 
1.602247e+04 135830 
1.603246e+04 135817 
1.606246e+04 135809 
1.610247e+04 135809 
1.611246e+04 135809 
1.613247e+04 135815 
1.614247e+04 135824 
1.615247e+04 135830 
1.618247e+04 135837 
1.626247e+04 135842 
1.627247e+04 135845 
1.628245e+04 135845 
1.630246e+04 135845 
1.633247e+04 135843 
1.634246e+04 135840 
1.635246e+04 135836 
1.637246e+04 135831 
1.639245e+04 135828 
1.645246e+04 135826 
1.646245e+04 135823 
1.649246e+04 135822 
1.653245e+04 135822 
1.656245e+04 135823 
1.658245e+04 135827 
1.660245e+04 135836 
1.661245e+04 135844 
1.664246e+04 135847 
1.666245e+04 135847 
1.668246e+04 135847 
1.669246e+04 135846 
1.670246e+04 135842 
1.672245e+04 135836 
