1.863985e-01 102926 
1.186861e+00 106446 
2.185535e+00 109715 
3.174876e+00 112527 
4.181347e+00 115088 
5.181934e+00 117447 
6.181292e+00 119502 
7.186894e+00 121305 
8.193408e+00 123007 
9.193119e+00 124507 
1.017820e+01 125805 
1.117463e+01 127053 
1.218733e+01 128098 
1.318506e+01 129042 
1.418981e+01 129936 
1.519262e+01 130678 
1.619191e+01 131369 
1.719147e+01 132011 
1.817392e+01 132551 
1.918055e+01 132989 
2.019108e+01 133479 
2.117508e+01 133868 
2.218222e+01 134206 
2.317504e+01 134544 
2.419172e+01 134780 
2.518078e+01 135017 
2.617860e+01 135305 
2.718185e+01 135492 
2.817620e+01 135627 
2.918288e+01 135814 
3.017867e+01 135949 
3.117732e+01 136085 
3.218821e+01 136221 
3.318799e+01 136307 
3.417967e+01 136392 
3.518960e+01 136477 
3.618240e+01 136563 
3.719219e+01 136597 
3.817285e+01 136683 
3.919198e+01 136718 
4.017628e+01 136752 
4.118515e+01 136838 
4.217958e+01 136873 
4.317665e+01 136908 
4.417553e+01 136943 
4.519241e+01 136978 
4.618557e+01 136962 
4.718447e+01 136997 
4.817389e+01 137032 
4.918883e+01 137016 
5.018138e+01 137102 
5.118008e+01 137086 
5.218790e+01 137070 
5.318564e+01 137105 
5.417725e+01 137089 
5.518603e+01 137124 
5.618366e+01 137159 
5.718137e+01 137143 
5.819020e+01 137128 
5.917775e+01 137163 
6.018451e+01 137147 
6.118724e+01 137131 
6.218996e+01 137166 
6.317657e+01 137150 
6.417640e+01 137186 
6.517892e+01 137221 
6.619166e+01 137205 
6.718273e+01 137138 
6.817881e+01 137224 
6.917574e+01 137157 
7.017735e+01 137193 
7.117833e+01 137228 
7.217294e+01 137212 
7.317440e+01 137145 
7.418210e+01 137231 
7.518791e+01 137216 
7.617651e+01 137149 
7.717923e+01 137235 
7.818395e+01 137168 
7.918473e+01 137203 
8.018646e+01 137239 
8.117406e+01 137172 
8.217880e+01 137156 
8.318107e+01 137191 
8.417483e+01 137226 
8.518948e+01 137160 
8.618101e+01 137195 
8.717402e+01 137179 
8.818315e+01 137163 
8.917531e+01 137249 
9.018611e+01 137183 
9.117387e+01 137167 
9.218044e+01 137202 
9.318668e+01 137186 
9.417602e+01 137170 
9.518601e+01 137205 
9.617348e+01 137190 
9.718404e+01 137174 
9.817572e+01 137209 
9.919193e+01 137193 
1.001781e+02 137177 
1.011867e+02 137213 
1.021814e+02 137197 
1.031763e+02 137181 
1.041855e+02 137216 
1.051817e+02 137200 
1.061858e+02 137185 
1.071804e+02 137220 
1.081747e+02 137204 
1.091783e+02 137188 
1.101836e+02 137223 
1.111757e+02 137208 
1.121812e+02 137192 
1.132035e+02 137227 
1.141831e+02 137211 
1.151781e+02 137195 
1.161877e+02 137231 
1.171826e+02 137215 
1.181985e+02 137199 
1.191913e+02 137183 
1.201714e+02 137168 
1.211847e+02 137203 
1.222863e+02 137187 
1.232725e+02 137222 
1.242090e+02 137155 
1.251917e+02 137241 
1.261815e+02 137175 
1.271738e+02 137159 
1.281790e+02 137245 
1.291941e+02 137178 
1.301963e+02 137213 
1.312180e+02 137198 
1.321835e+02 137233 
1.331788e+02 137166 
1.341829e+02 137252 
1.351774e+02 137185 
1.361744e+02 137170 
1.371884e+02 137205 
1.381745e+02 137189 
1.391774e+02 137173 
1.401759e+02 137208 
1.411742e+02 137193 
1.421883e+02 137177 
1.431901e+02 137212 
1.441914e+02 137196 
1.451908e+02 137180 
1.461744e+02 137216 
1.471880e+02 137200 
1.481793e+02 137184 
1.491811e+02 137219 
1.501782e+02 137203 
1.511868e+02 137188 
1.521755e+02 137223 
1.531814e+02 137207 
1.541805e+02 137191 
1.551893e+02 137226 
1.561790e+02 137211 
1.571896e+02 137195 
1.581877e+02 137230 
1.591836e+02 137214 
1.601775e+02 137198 
1.611834e+02 137234 
1.621787e+02 137218 
1.631838e+02 137202 
1.641812e+02 137237 
1.651802e+02 137222 
1.661895e+02 137206 
1.671771e+02 137241 
1.681803e+02 137174 
1.691761e+02 137158 
1.701847e+02 137194 
1.711776e+02 137178 
1.721809e+02 137162 
1.731891e+02 137248 
1.741782e+02 137181 
1.751866e+02 137217 
1.761748e+02 137201 
1.771768e+02 137185 
1.781850e+02 137169 
1.791791e+02 137204 
1.801884e+02 137189 
1.811721e+02 137173 
1.821832e+02 137208 
1.831824e+02 137192 
1.841912e+02 137176 
1.851855e+02 137211 
1.861854e+02 137196 
1.871867e+02 137180 
1.881850e+02 137215 
1.891790e+02 137199 
1.901749e+02 137183 
1.911732e+02 137219 
1.921792e+02 137203 
1.931762e+02 137187 
1.941786e+02 137222 
1.951754e+02 137206 
1.961877e+02 137191 
1.971761e+02 137226 
1.981805e+02 137210 
1.991846e+02 137194 
2.001760e+02 137229 
2.011827e+02 137214 
2.021910e+02 137198 
2.031788e+02 137233 
2.041752e+02 137217 
2.051870e+02 137151 
2.061793e+02 137186 
2.071753e+02 137170 
2.081803e+02 137154 
2.091798e+02 137240 
2.101862e+02 137173 
2.111828e+02 137209 
2.121762e+02 137244 
2.131714e+02 137177 
2.141915e+02 137161 
2.151886e+02 137196 
2.161774e+02 137181 
2.171875e+02 137165 
2.181829e+02 137200 
2.191769e+02 137184 
2.201780e+02 137168 
2.211938e+02 137204 
2.221731e+02 137188 
2.231819e+02 137172 
2.241857e+02 137207 
2.251842e+02 137191 
2.261833e+02 137176 
2.271837e+02 137211 
2.281744e+02 137195 
2.291877e+02 137179 
2.301721e+02 137214 
2.311854e+02 137147 
2.321739e+02 137132 
2.331826e+02 137218 
2.341840e+02 137202 
2.351882e+02 137186 
2.361805e+02 137221 
2.371863e+02 137155 
2.381825e+02 137139 
2.391829e+02 137225 
2.401817e+02 137158 
2.411721e+02 137142 
2.421841e+02 137228 
2.431876e+02 137213 
2.441754e+02 137146 
2.451812e+02 137232 
2.461862e+02 137165 
2.471738e+02 137200 
2.481809e+02 137236 
2.491705e+02 137169 
2.501758e+02 137153 
2.511802e+02 137188 
2.521802e+02 137223 
2.531820e+02 137157 
2.541873e+02 137192 
2.551904e+02 137176 
2.561798e+02 137160 
2.571728e+02 137195 
2.581818e+02 137179 
2.591769e+02 137164 
2.601728e+02 137199 
2.611794e+02 137183 
2.621830e+02 137167 
2.631721e+02 137253 
2.641792e+02 137187 
2.651829e+02 137171 
2.661761e+02 137206 
2.671819e+02 137190 
2.681780e+02 137174 
2.691783e+02 137210 
2.701809e+02 137194 
2.711758e+02 137178 
2.721720e+02 137213 
2.731798e+02 137197 
2.741781e+02 137182 
2.751869e+02 137217 
2.761733e+02 137201 
2.771819e+02 137185 
2.781909e+02 137220 
2.791797e+02 137205 
2.801769e+02 137189 
2.811828e+02 137224 
2.821875e+02 137208 
2.831927e+02 137192 
2.841756e+02 137228 
2.851812e+02 137212 
2.861838e+02 137145 
2.871836e+02 137180 
2.881874e+02 137164 
2.891777e+02 137148 
2.901692e+02 137184 
2.911757e+02 137168 
2.921785e+02 137152 
2.931814e+02 137238 
2.941806e+02 137171 
2.951777e+02 137156 
2.961904e+02 137191 
2.971934e+02 137175 
2.981757e+02 137210 
2.991734e+02 137194 
3.001794e+02 137178 
3.011763e+02 137163 
3.021823e+02 137249 
3.031788e+02 137182 
3.041709e+02 137166 
3.051951e+02 137201 
3.061745e+02 137186 
3.071893e+02 137170 
3.081830e+02 137205 
3.091748e+02 137189 
3.101755e+02 137173 
3.111692e+02 137209 
3.121814e+02 137193 
3.131718e+02 137177 
3.141868e+02 137212 
3.151814e+02 137196 
3.161715e+02 137180 
3.171738e+02 137216 
3.181824e+02 137200 
3.191719e+02 137184 
3.201750e+02 137219 
3.211720e+02 137203 
3.221716e+02 137188 
3.231742e+02 137223 
3.241761e+02 137207 
3.251764e+02 137191 
3.261852e+02 137227 
3.271763e+02 137211 
3.281719e+02 137195 
3.291820e+02 137230 
3.301786e+02 137163 
3.311776e+02 137148 
3.321763e+02 137183 
3.331743e+02 137167 
3.341790e+02 137202 
3.351744e+02 137186 
3.361760e+02 137170 
3.371706e+02 137155 
3.381886e+02 137190 
3.391700e+02 137174 
3.401831e+02 137209 
3.411854e+02 137244 
3.421724e+02 137178 
3.431880e+02 137162 
3.441861e+02 137197 
3.451760e+02 137181 
3.461853e+02 137165 
3.471762e+02 137200 
3.481784e+02 137185 
3.491749e+02 137169 
3.501853e+02 137204 
3.511848e+02 137188 
3.521844e+02 137172 
3.531738e+02 137208 
3.541755e+02 137192 
3.551686e+02 137176 
3.561762e+02 137211 
3.571717e+02 137195 
3.581915e+02 137180 
3.591745e+02 137215 
3.601830e+02 137199 
3.611817e+02 137183 
3.621738e+02 137218 
3.631764e+02 137203 
3.641862e+02 137187 
3.651843e+02 137222 
3.661764e+02 137206 
3.671853e+02 137190 
3.681707e+02 137175 
3.691752e+02 137210 
3.701820e+02 137143 
3.711796e+02 137178 
3.721689e+02 137162 
3.731679e+02 137146 
3.741839e+02 137182 
3.751685e+02 137217 
3.761793e+02 137150 
3.771689e+02 137185 
3.781740e+02 137169 
3.791719e+02 137204 
3.801838e+02 137189 
3.811692e+02 137173 
3.821694e+02 137157 
3.831707e+02 137192 
3.841790e+02 137176 
3.851697e+02 137161 
3.861855e+02 137196 
3.871775e+02 137180 
3.881759e+02 137164 
3.891755e+02 137199 
3.901780e+02 137183 
3.911818e+02 137168 
3.921855e+02 137203 
3.931801e+02 137187 
3.941811e+02 137171 
3.951853e+02 137206 
3.961764e+02 137191 
3.971693e+02 137175 
3.981711e+02 137210 
3.991780e+02 137194 
4.001809e+02 137178 
4.011809e+02 137214 
4.021779e+02 137198 
4.031708e+02 137182 
4.041723e+02 137217 
4.051767e+02 137201 
4.061765e+02 137186 
4.071688e+02 137170 
4.081842e+02 137205 
4.091711e+02 137189 
4.101764e+02 137173 
4.111782e+02 137157 
4.121720e+02 137142 
4.131684e+02 137177 
4.141743e+02 137161 
4.151845e+02 137145 
4.161741e+02 137180 
4.171676e+02 137164 
4.181793e+02 137149 
4.191739e+02 137184 
4.201753e+02 137168 
4.211856e+02 137152 
4.221825e+02 137187 
4.231790e+02 137171 
4.241743e+02 137156 
4.251690e+02 137191 
4.261686e+02 137175 
4.271820e+02 137159 
4.281866e+02 137194 
4.291703e+02 137178 
4.301679e+02 137163 
4.311720e+02 137198 
4.321769e+02 137182 
4.331739e+02 137166 
4.341763e+02 137201 
4.351765e+02 137186 
4.361754e+02 137170 
4.371824e+02 137205 
4.381735e+02 137189 
4.391804e+02 137173 
4.401787e+02 137208 
4.411678e+02 137142 
4.421707e+02 137177 
4.431820e+02 137212 
4.441823e+02 137196 
4.451727e+02 137180 
4.461697e+02 137165 
4.471694e+02 137149 
4.481789e+02 137184 
4.491726e+02 137168 
4.501662e+02 137152 
4.511692e+02 137187 
4.521866e+02 137223 
4.531794e+02 137156 
4.542097e+02 137140 
4.551699e+02 137226 
4.561710e+02 137159 
4.571686e+02 137144 
4.581717e+02 137230 
4.591891e+02 137163 
4.601782e+02 137147 
4.611772e+02 137182 
4.621800e+02 137166 
4.631711e+02 137151 
4.641719e+02 137186 
4.651847e+02 137170 
4.661869e+02 137154 
4.671809e+02 137240 
4.681834e+02 137173 
4.691760e+02 137158 
4.701699e+02 137193 
4.711789e+02 137177 
4.721819e+02 137161 
4.731745e+02 137196 
4.741786e+02 137180 
4.751766e+02 137165 
4.761774e+02 137200 
4.771707e+02 137184 
4.781861e+02 137168 
4.791813e+02 137203 
4.801766e+02 137188 
4.811759e+02 137172 
4.821673e+02 137207 
4.831875e+02 137191 
4.841840e+02 137175 
4.851809e+02 137211 
4.861779e+02 137195 
4.871801e+02 137128 
4.881707e+02 137214 
4.891735e+02 137147 
4.901664e+02 137131 
4.911698e+02 137167 
4.921738e+02 137202 
4.931680e+02 137135 
4.941757e+02 137170 
4.951792e+02 137154 
4.961727e+02 137138 
4.971737e+02 137174 
4.981815e+02 137158 
4.991693e+02 137142 
5.001867e+02 137177 
5.011765e+02 137161 
5.021702e+02 137145 
5.031696e+02 137180 
5.041822e+02 137165 
5.051758e+02 137149 
5.061746e+02 137184 
5.071807e+02 137168 
5.081735e+02 137152 
5.091766e+02 137187 
5.101752e+02 137172 
5.111749e+02 137156 
5.121754e+02 137191 
5.131699e+02 137175 
5.141705e+02 137159 
5.151729e+02 137195 
5.161844e+02 137179 
5.171814e+02 137163 
5.181794e+02 137198 
5.191708e+02 137182 
5.201675e+02 137166 
5.211654e+02 137202 
5.221777e+02 137186 
5.231685e+02 137170 
5.241758e+02 137205 
5.251693e+02 137189 
5.261833e+02 137174 
5.271767e+02 137209 
5.281775e+02 137142 
5.291797e+02 137177 
5.301822e+02 137212 
5.311804e+02 137145 
5.321765e+02 137130 
5.331851e+02 137216 
5.341667e+02 137149 
5.351699e+02 137133 
5.361797e+02 137219 
5.371730e+02 137152 
5.381684e+02 137137 
5.391767e+02 137172 
5.401671e+02 137156 
5.411677e+02 137140 
5.421777e+02 137175 
5.431778e+02 137159 
5.441795e+02 137144 
5.451842e+02 137179 
5.461775e+02 137163 
5.471658e+02 137147 
5.481789e+02 137182 
5.491789e+02 137166 
5.501709e+02 137151 
5.511692e+02 137186 
5.521808e+02 137170 
5.531851e+02 137154 
5.541692e+02 137189 
5.551817e+02 137173 
5.561710e+02 137158 
5.571657e+02 137193 
5.581759e+02 137177 
5.591697e+02 137161 
5.601669e+02 137196 
5.611736e+02 137180 
5.621656e+02 137165 
5.631679e+02 137200 
5.641782e+02 137184 
5.651779e+02 137168 
5.661829e+02 137203 
5.671755e+02 137188 
5.681783e+02 137172 
5.691836e+02 137207 
5.701810e+02 137191 
5.711750e+02 137175 
5.721788e+02 137210 
5.731689e+02 137195 
5.741677e+02 137179 
5.751735e+02 137214 
5.761821e+02 137198 
5.771753e+02 137131 
5.781720e+02 137218 
5.791781e+02 137151 
5.801687e+02 137135 
5.811714e+02 137170 
5.821726e+02 137154 
5.831756e+02 137138 
5.841747e+02 137225 
5.851804e+02 137158 
5.861715e+02 137142 
5.871726e+02 137177 
5.881758e+02 137161 
5.891680e+02 137196 
5.901715e+02 137181 
5.911736e+02 137165 
5.921722e+02 137149 
5.931811e+02 137184 
5.941765e+02 137168 
5.951650e+02 137152 
5.961825e+02 137188 
5.971644e+02 137172 
5.981683e+02 137156 
5.991698e+02 137191 
6.001730e+02 137175 
6.011683e+02 137159 
6.021831e+02 137195 
6.031687e+02 137179 
6.041728e+02 137163 
6.051769e+02 137198 
6.061779e+02 137182 
6.071840e+02 137167 
6.081717e+02 137202 
6.091794e+02 137186 
6.101729e+02 137170 
6.111658e+02 137205 
6.121664e+02 137189 
6.131658e+02 137174 
6.141727e+02 137209 
6.151752e+02 137193 
6.161746e+02 137177 
6.171759e+02 137212 
6.181781e+02 137197 
6.191771e+02 137181 
6.201754e+02 137216 
6.211713e+02 137149 
6.221790e+02 137184 
6.231817e+02 137220 
6.241782e+02 137153 
6.251676e+02 137137 
6.261683e+02 137223 
6.271688e+02 137156 
6.281810e+02 137140 
6.291751e+02 137176 
6.301726e+02 137160 
6.311845e+02 137144 
6.321788e+02 137230 
6.331712e+02 137163 
6.341729e+02 137147 
6.351765e+02 137234 
6.361733e+02 137167 
6.371704e+02 137151 
6.381827e+02 137186 
6.391688e+02 137170 
6.401831e+02 137155 
6.411849e+02 137190 
6.421751e+02 137174 
6.431683e+02 137158 
6.441756e+02 137193 
6.451711e+02 137177 
6.461733e+02 137162 
6.471830e+02 137197 
6.481705e+02 137181 
6.491681e+02 137165 
6.501808e+02 137200 
6.511731e+02 137184 
6.521752e+02 137169 
6.531769e+02 137204 
6.541749e+02 137188 
6.551769e+02 137172 
6.561806e+02 137207 
6.571795e+02 137192 
6.581818e+02 137176 
6.591687e+02 137160 
6.601687e+02 137195 
6.611691e+02 137128 
6.621655e+02 137214 
6.631716e+02 137148 
6.641728e+02 137132 
6.651676e+02 137218 
6.661710e+02 137151 
6.671657e+02 137135 
6.681673e+02 137221 
6.691689e+02 137155 
6.701713e+02 137190 
6.711707e+02 137174 
6.721664e+02 137158 
6.731633e+02 137142 
6.741661e+02 137177 
6.751656e+02 137162 
6.761752e+02 137146 
6.771767e+02 137181 
6.781817e+02 137216 
6.791806e+02 137149 
6.801714e+02 137185 
6.811689e+02 137169 
6.821686e+02 137153 
6.831690e+02 137188 
6.841659e+02 137172 
6.851777e+02 137156 
6.861648e+02 137192 
6.871697e+02 137176 
6.881748e+02 137160 
6.891707e+02 137195 
6.901670e+02 137179 
6.911773e+02 137163 
6.921779e+02 137199 
6.931803e+02 137183 
6.941819e+02 137167 
6.951673e+02 137202 
6.961680e+02 137186 
6.971757e+02 137171 
6.981753e+02 137206 
6.991677e+02 137190 
7.001641e+02 137174 
7.011692e+02 137209 
7.021658e+02 137194 
7.031747e+02 137178 
7.041667e+02 137213 
7.051653e+02 137197 
7.061748e+02 137181 
7.071616e+02 137216 
7.081625e+02 137150 
7.091665e+02 137185 
7.101673e+02 137220 
7.111778e+02 137153 
7.121652e+02 137137 
7.131723e+02 137224 
7.141730e+02 137157 
7.151801e+02 137141 
7.161776e+02 137227 
7.171793e+02 137160 
7.181718e+02 137144 
7.191645e+02 137180 
7.201660e+02 137164 
7.211677e+02 137148 
7.221723e+02 137183 
7.231649e+02 137167 
7.241736e+02 137151 
7.251735e+02 137187 
7.261671e+02 137171 
7.271756e+02 137155 
7.281657e+02 137190 
7.291733e+02 137174 
7.301812e+02 137158 
7.311790e+02 137194 
7.321711e+02 137178 
7.331642e+02 137162 
7.341708e+02 137197 
7.351798e+02 137181 
7.361806e+02 137166 
7.371790e+02 137201 
7.381812e+02 137185 
7.391770e+02 137169 
7.401726e+02 137204 
7.411795e+02 137188 
7.421614e+02 137173 
7.431748e+02 137208 
7.441765e+02 137192 
7.451651e+02 137176 
7.461664e+02 137211 
7.471682e+02 137196 
7.481678e+02 137180 
7.491676e+02 137215 
7.501730e+02 137199 
7.511714e+02 137183 
7.521780e+02 137219 
7.531657e+02 137152 
7.541810e+02 137187 
7.551712e+02 137171 
7.561792e+02 137206 
7.571813e+02 137140 
7.581728e+02 137175 
7.591738e+02 137159 
7.601648e+02 137143 
7.611638e+02 137229 
7.621640e+02 137162 
7.631704e+02 137147 
7.641704e+02 137182 
7.651706e+02 137166 
7.661698e+02 137201 
7.671686e+02 137185 
7.681714e+02 137169 
7.691772e+02 137154 
7.701750e+02 137189 
7.711710e+02 137173 
7.721776e+02 137157 
7.731687e+02 137192 
7.741701e+02 137176 
7.751663e+02 137161 
7.761724e+02 137196 
7.771699e+02 137180 
7.781800e+02 137164 
7.791801e+02 137199 
7.801674e+02 137184 
7.811664e+02 137168 
7.821664e+02 137203 
7.831675e+02 137187 
7.841623e+02 137171 
7.851686e+02 137206 
7.861705e+02 137191 
7.871725e+02 137175 
7.881729e+02 137210 
7.891675e+02 137194 
7.901723e+02 137178 
7.911655e+02 137214 
7.921669e+02 137198 
7.931747e+02 137182 
7.941665e+02 137166 
7.951806e+02 137201 
7.961655e+02 137186 
7.971622e+02 137170 
7.981643e+02 137154 
7.991832e+02 137138 
8.001728e+02 137173 
8.011700e+02 137208 
8.021619e+02 137142 
8.031708e+02 137228 
8.041650e+02 137161 
8.051703e+02 137145 
8.061678e+02 137180 
8.071660e+02 137164 
8.081701e+02 137149 
8.091667e+02 137184 
8.101681e+02 137168 
8.111659e+02 137152 
8.121679e+02 137187 
8.131705e+02 137171 
8.141700e+02 137156 
8.151638e+02 137191 
8.161666e+02 137175 
8.171627e+02 137159 
8.181783e+02 137194 
8.191685e+02 137178 
8.201741e+02 137163 
8.211637e+02 137198 
8.221700e+02 137182 
8.231794e+02 137166 
8.241668e+02 137201 
8.251710e+02 137186 
8.261662e+02 137170 
8.271762e+02 137205 
8.281761e+02 137189 
8.291666e+02 137173 
8.301749e+02 137208 
8.311645e+02 137193 
8.321699e+02 137177 
8.331801e+02 137212 
8.341796e+02 137196 
8.351807e+02 137129 
8.361798e+02 137216 
8.371669e+02 137149 
8.381702e+02 137133 
8.391633e+02 137168 
8.401675e+02 137152 
8.411712e+02 137187 
8.421645e+02 137223 
8.431662e+02 137156 
8.441761e+02 137140 
8.451670e+02 137175 
8.461669e+02 137159 
8.471685e+02 137143 
8.481695e+02 137179 
8.491787e+02 137214 
8.501652e+02 137198 
8.511656e+02 137182 
8.521726e+02 137166 
8.531633e+02 137151 
8.541620e+02 137186 
8.551640e+02 137170 
8.561644e+02 137154 
8.571666e+02 137189 
8.581793e+02 137173 
8.591754e+02 137158 
8.601627e+02 137193 
8.611694e+02 137177 
8.621659e+02 137161 
8.631698e+02 137196 
8.641641e+02 137180 
8.651612e+02 137165 
8.661667e+02 137200 
8.671633e+02 137184 
8.681697e+02 137168 
8.691779e+02 137203 
8.701620e+02 137188 
8.711701e+02 137172 
8.721744e+02 137207 
8.731743e+02 137191 
8.741718e+02 137175 
8.751744e+02 137210 
8.761695e+02 137195 
8.771633e+02 137128 
8.781780e+02 137214 
8.791672e+02 137147 
8.801748e+02 137131 
8.811686e+02 137218 
8.821639e+02 137202 
8.831641e+02 137135 
8.841632e+02 137170 
8.851730e+02 137154 
8.861678e+02 137138 
8.871605e+02 137174 
8.881748e+02 137158 
8.891594e+02 137142 
8.901764e+02 137228 
8.911631e+02 137161 
8.921648e+02 137145 
8.931803e+02 137181 
8.941700e+02 137165 
8.951632e+02 137149 
8.961754e+02 137184 
8.971747e+02 137168 
8.981703e+02 137152 
8.991693e+02 137188 
9.001784e+02 137172 
9.011681e+02 137156 
9.021746e+02 137191 
9.031701e+02 137175 
9.041740e+02 137159 
9.051723e+02 137195 
9.061758e+02 137179 
9.071693e+02 137163 
9.081779e+02 137198 
9.091609e+02 137182 
9.101743e+02 137166 
9.111708e+02 137202 
9.121777e+02 137186 
9.131647e+02 137170 
9.141732e+02 137205 
9.151739e+02 137189 
9.161665e+02 137174 
9.171669e+02 137209 
9.181765e+02 137193 
9.191622e+02 137177 
9.201765e+02 137212 
9.211778e+02 137146 
9.221791e+02 137181 
9.231720e+02 137165 
9.241636e+02 137149 
9.251682e+02 137184 
9.261605e+02 137168 
9.271763e+02 137153 
9.281677e+02 137137 
9.291672e+02 137172 
9.301645e+02 137156 
9.311703e+02 137140 
9.321723e+02 137175 
9.331609e+02 137160 
9.341730e+02 137195 
9.351613e+02 137179 
9.361762e+02 137163 
9.371776e+02 137147 
9.381790e+02 137182 
9.391670e+02 137167 
9.401600e+02 137151 
9.411614e+02 137186 
9.421606e+02 137170 
9.431727e+02 137154 
9.441612e+02 137189 
9.451785e+02 137174 
9.461748e+02 137158 
9.471590e+02 137193 
9.481714e+02 137177 
9.491811e+02 137161 
9.501675e+02 137196 
9.511612e+02 137181 
9.521733e+02 137165 
9.531730e+02 137200 
9.541684e+02 137184 
9.551606e+02 137168 
9.561654e+02 137204 
9.571601e+02 137188 
9.581677e+02 137172 
9.591608e+02 137207 
9.601764e+02 137191 
9.611683e+02 137175 
9.621613e+02 137211 
9.631677e+02 137195 
9.641661e+02 137179 
9.651627e+02 137214 
9.661682e+02 137198 
9.671629e+02 137132 
9.681680e+02 137218 
9.691674e+02 137151 
9.701759e+02 137135 
9.711617e+02 137170 
9.721613e+02 137154 
9.731663e+02 137139 
9.741661e+02 137174 
9.751632e+02 137158 
9.761626e+02 137142 
9.771673e+02 137177 
9.781622e+02 137161 
9.791627e+02 137146 
9.801724e+02 137181 
9.811622e+02 137165 
9.821660e+02 137149 
9.831625e+02 137184 
9.841661e+02 137168 
9.851613e+02 137153 
9.861676e+02 137188 
9.871651e+02 137168 
9.881731e+02 137137 
9.891665e+02 137144 
9.901775e+02 137090 
9.911624e+02 137026 
9.921611e+02 137055 
9.931657e+02 136974 
9.941625e+02 136886 
9.951608e+02 136894 
9.961618e+02 136844 
9.971722e+02 136738 
9.981757e+02 136627 
9.991755e+02 136563 
1.000179e+03 136596 
1.001174e+03 136524 
1.002162e+03 136449 
1.003177e+03 136473 
1.004164e+03 136393 
1.005163e+03 136360 
1.006172e+03 136326 
1.007163e+03 136290 
1.008161e+03 136253 
1.009164e+03 136264 
1.010166e+03 136224 
1.011164e+03 136182 
1.012170e+03 136190 
1.013177e+03 136146 
1.014173e+03 136101 
1.015170e+03 136107 
1.016162e+03 136061 
1.017170e+03 136065 
1.018163e+03 136068 
1.019162e+03 136020 
1.020170e+03 136023 
1.021161e+03 136025 
1.022170e+03 136027 
1.023178e+03 135977 
1.024175e+03 135978 
1.025169e+03 135979 
1.026169e+03 135929 
1.027173e+03 135981 
1.028163e+03 135930 
1.029175e+03 135930 
1.030168e+03 135930 
1.031161e+03 135930 
1.032161e+03 135879 
1.033166e+03 135929 
1.034171e+03 135929 
1.035175e+03 135877 
1.036168e+03 135927 
1.037176e+03 135876 
1.038168e+03 135875 
1.039168e+03 135925 
1.040177e+03 135873 
1.041173e+03 135872 
1.042169e+03 135922 
1.043166e+03 135870 
1.044167e+03 135869 
1.045169e+03 135919 
1.046161e+03 135867 
1.047174e+03 135866 
1.048172e+03 135916 
1.049177e+03 135864 
1.050160e+03 135862 
1.051170e+03 135912 
1.052159e+03 135860 
1.053171e+03 135859 
1.054161e+03 135909 
1.055169e+03 135856 
1.056158e+03 135855 
1.057177e+03 135905 
1.058166e+03 135853 
1.059162e+03 135851 
1.060161e+03 135901 
1.061167e+03 135900 
1.062169e+03 135847 
1.063173e+03 135897 
1.064171e+03 135896 
1.065165e+03 135844 
1.066165e+03 135893 
1.067157e+03 135892 
1.068160e+03 135840 
1.069162e+03 135889 
1.070171e+03 135888 
1.071164e+03 135887 
1.072171e+03 135885 
1.073177e+03 135884 
1.074163e+03 135883 
1.075163e+03 135881 
1.076159e+03 135880 
1.077161e+03 135879 
1.078179e+03 135877 
1.079162e+03 135876 
1.080176e+03 135875 
1.081168e+03 135924 
1.082158e+03 135872 
1.083168e+03 135871 
1.084164e+03 135870 
1.085161e+03 135868 
1.086168e+03 135867 
1.087160e+03 135866 
1.088161e+03 135864 
1.089161e+03 135863 
1.090164e+03 135913 
1.091171e+03 135860 
1.092177e+03 135859 
1.093161e+03 135909 
1.094177e+03 135856 
1.095160e+03 135855 
1.096165e+03 135905 
1.097164e+03 135853 
1.098177e+03 135851 
1.099168e+03 135901 
1.100177e+03 135849 
1.101166e+03 135847 
1.102181e+03 135897 
1.103164e+03 135896 
1.104160e+03 135843 
1.105177e+03 135893 
1.106170e+03 135892 
1.107160e+03 135839 
1.108168e+03 135889 
1.109162e+03 135888 
1.110168e+03 135835 
1.111159e+03 135885 
1.112167e+03 135884 
1.113166e+03 135882 
1.114167e+03 135881 
1.115160e+03 135880 
1.116168e+03 135878 
1.117162e+03 135877 
1.118177e+03 135876 
1.119173e+03 135874 
1.120157e+03 135873 
1.121156e+03 135872 
1.122176e+03 135870 
1.123161e+03 135869 
1.124160e+03 135868 
1.125167e+03 135866 
1.126158e+03 135916 
1.127166e+03 135864 
1.128193e+03 135862 
1.129166e+03 135912 
1.130175e+03 135860 
1.131181e+03 135858 
1.132177e+03 135857 
1.133176e+03 135856 
1.134165e+03 135854 
1.135160e+03 135904 
1.136178e+03 135852 
1.137174e+03 135850 
1.138157e+03 135900 
1.139157e+03 135899 
1.140172e+03 135846 
1.141176e+03 135896 
1.142163e+03 135895 
1.143165e+03 135843 
1.144164e+03 135892 
1.145175e+03 135891 
1.146178e+03 135839 
1.147166e+03 135888 
1.148174e+03 135887 
1.149162e+03 135886 
1.150170e+03 135884 
1.151161e+03 135883 
1.152161e+03 135882 
1.153160e+03 135880 
1.154169e+03 135879 
1.155164e+03 135827 
1.156171e+03 135876 
1.157169e+03 135875 
1.158169e+03 135874 
1.159156e+03 135872 
1.160169e+03 135871 
1.161174e+03 135870 
1.162170e+03 135868 
1.163164e+03 135867 
1.164168e+03 135865 
1.165162e+03 135915 
1.166173e+03 135863 
1.167167e+03 135861 
1.168164e+03 135860 
1.169172e+03 135859 
1.170171e+03 135858 
1.171162e+03 135907 
1.172156e+03 135855 
1.173167e+03 135854 
1.174158e+03 135903 
1.175175e+03 135851 
1.176174e+03 135850 
1.177166e+03 135899 
1.178166e+03 135898 
1.179168e+03 135846 
1.180171e+03 135895 
1.181161e+03 135894 
1.182159e+03 135842 
1.183174e+03 135891 
1.184168e+03 135839 
1.185165e+03 135838 
1.186160e+03 135887 
1.187159e+03 135886 
1.188174e+03 135834 
1.189175e+03 135883 
1.190163e+03 135882 
1.191166e+03 135881 
1.192165e+03 135879 
1.193164e+03 135878 
1.194170e+03 135877 
1.195156e+03 135875 
1.196171e+03 135874 
1.197156e+03 135873 
1.198167e+03 135871 
1.199167e+03 135870 
1.200168e+03 135869 
1.201175e+03 135918 
1.202159e+03 135866 
1.203173e+03 135865 
1.204161e+03 135914 
1.205168e+03 135862 
1.206154e+03 135861 
1.207163e+03 135910 
1.208170e+03 135858 
1.209170e+03 135857 
1.210164e+03 135907 
1.211160e+03 135854 
1.212155e+03 135853 
1.213161e+03 135903 
1.214174e+03 135850 
1.215160e+03 135849 
1.216168e+03 135899 
1.217156e+03 135846 
1.218173e+03 135845 
1.219162e+03 135895 
1.220157e+03 135893 
1.221170e+03 135841 
1.222162e+03 135891 
1.223166e+03 135889 
1.224170e+03 135837 
1.225168e+03 135887 
1.226178e+03 135885 
1.227169e+03 135884 
1.228171e+03 135883 
1.229167e+03 135882 
1.230184e+03 135880 
1.231167e+03 135879 
1.232166e+03 135878 
1.233165e+03 135876 
1.234177e+03 135875 
1.235163e+03 135874 
1.236170e+03 135872 
1.237176e+03 135922 
1.238176e+03 135870 
1.239170e+03 135869 
1.240160e+03 135867 
1.241159e+03 135866 
1.242164e+03 135865 
1.243160e+03 135863 
1.244159e+03 135862 
1.245174e+03 135861 
1.246165e+03 135910 
1.247162e+03 135858 
1.248162e+03 135857 
1.249162e+03 135906 
1.250167e+03 135854 
1.251172e+03 135853 
1.252174e+03 135902 
1.253167e+03 135901 
1.254156e+03 135849 
1.255155e+03 135898 
1.256159e+03 135897 
1.257158e+03 135845 
1.258164e+03 135895 
1.259159e+03 135893 
1.260164e+03 135841 
1.261169e+03 135891 
1.262158e+03 135889 
1.263162e+03 135837 
1.264163e+03 135887 
1.265168e+03 135885 
1.266156e+03 135833 
1.267156e+03 135883 
1.268162e+03 135881 
1.269167e+03 135829 
1.270175e+03 135879 
1.271167e+03 135877 
1.272163e+03 135825 
1.273163e+03 135875 
1.274157e+03 135873 
1.275166e+03 135872 
1.276159e+03 135871 
1.277172e+03 135869 
1.278173e+03 135868 
1.279157e+03 135867 
1.280164e+03 135865 
1.281156e+03 135864 
1.282164e+03 135863 
1.283158e+03 135861 
1.284180e+03 135860 
1.285154e+03 135910 
1.286172e+03 135857 
1.287170e+03 135856 
1.288161e+03 135906 
1.289158e+03 135854 
1.290156e+03 135852 
1.291183e+03 135902 
1.292156e+03 135850 
1.293161e+03 135848 
1.294157e+03 135898 
1.295164e+03 135846 
1.296153e+03 135844 
1.297160e+03 135894 
1.298156e+03 135842 
1.299165e+03 135840 
1.300161e+03 135890 
1.301163e+03 135838 
1.302170e+03 135836 
1.303169e+03 135886 
1.304158e+03 135834 
1.305155e+03 135832 
1.306153e+03 135882 
1.307158e+03 135881 
1.308158e+03 135828 
1.309154e+03 135878 
1.310159e+03 135877 
1.311172e+03 135824 
1.312155e+03 135874 
1.313156e+03 135873 
1.314166e+03 135871 
1.315173e+03 135870 
1.316157e+03 135869 
1.317168e+03 135867 
1.318164e+03 135866 
1.319167e+03 135865 
1.320170e+03 135863 
1.321154e+03 135913 
1.322168e+03 135861 
1.323165e+03 135859 
1.324154e+03 135909 
1.325165e+03 135857 
1.326155e+03 135855 
1.327152e+03 135905 
1.328171e+03 135904 
1.329178e+03 135851 
1.330171e+03 135901 
1.331164e+03 135849 
1.332160e+03 135848 
1.333158e+03 135897 
1.334159e+03 135896 
1.335154e+03 135844 
1.336159e+03 135893 
1.337169e+03 135892 
1.338163e+03 135840 
1.339156e+03 135889 
1.340155e+03 135837 
1.341156e+03 135836 
1.342156e+03 135885 
1.343171e+03 135884 
1.344172e+03 135832 
1.345165e+03 135881 
1.346168e+03 135880 
1.347154e+03 135828 
1.348160e+03 135877 
1.349159e+03 135825 
1.350155e+03 135824 
1.351170e+03 135873 
1.352158e+03 135872 
1.353153e+03 135820 
1.354170e+03 135869 
1.355154e+03 135868 
1.356164e+03 135816 
1.357173e+03 135865 
1.358188e+03 135864 
1.359172e+03 135863 
1.360172e+03 135861 
1.361166e+03 135860 
1.362155e+03 135859 
1.363161e+03 135857 
1.364163e+03 135856 
1.365162e+03 135855 
1.366154e+03 135904 
1.367171e+03 135852 
1.368160e+03 135851 
1.369157e+03 135900 
1.370152e+03 135848 
1.371172e+03 135847 
1.372166e+03 135896 
1.373162e+03 135895 
1.374169e+03 135843 
1.375166e+03 135893 
1.376172e+03 135891 
1.377184e+03 135839 
1.378158e+03 135889 
1.379154e+03 135887 
1.380174e+03 135886 
1.381157e+03 135885 
1.382165e+03 135884 
1.383167e+03 135831 
1.384163e+03 135881 
1.385155e+03 135880 
1.386161e+03 135878 
1.387157e+03 135877 
1.388172e+03 135876 
1.389181e+03 135823 
1.390160e+03 135873 
1.391157e+03 135872 
1.392158e+03 135870 
1.393160e+03 135869 
1.394161e+03 135868 
1.395164e+03 135866 
1.396155e+03 135916 
1.397164e+03 135864 
1.398162e+03 135862 
1.399155e+03 135912 
1.400169e+03 135860 
1.401170e+03 135859 
1.402156e+03 135908 
1.403154e+03 135856 
1.404164e+03 135855 
1.405152e+03 135904 
1.406179e+03 135852 
1.407159e+03 135851 
1.408156e+03 135900 
1.409157e+03 135848 
1.410160e+03 135847 
1.411165e+03 135896 
1.412158e+03 135895 
1.413155e+03 135843 
1.414162e+03 135892 
1.415162e+03 135840 
1.416159e+03 135839 
1.417155e+03 135889 
1.418162e+03 135887 
1.419157e+03 135835 
1.420158e+03 135885 
1.421158e+03 135883 
1.422158e+03 135831 
1.423163e+03 135881 
1.424170e+03 135879 
1.425162e+03 135827 
1.426154e+03 135877 
1.427153e+03 135876 
1.428173e+03 135823 
1.429156e+03 135873 
1.430162e+03 135872 
1.431154e+03 135870 
1.432162e+03 135869 
1.433160e+03 135868 
1.434163e+03 135866 
1.435164e+03 135865 
1.436163e+03 135864 
1.437167e+03 135862 
1.438157e+03 135861 
1.439169e+03 135860 
1.440171e+03 135858 
1.441156e+03 135908 
1.442154e+03 135856 
1.443157e+03 135854 
1.444157e+03 135904 
1.445151e+03 135852 
1.446168e+03 135851 
1.447156e+03 135900 
1.448170e+03 135848 
1.449166e+03 135847 
1.450156e+03 135896 
1.451153e+03 135844 
1.452153e+03 135843 
1.453163e+03 135892 
1.454156e+03 135891 
1.455157e+03 135839 
1.456158e+03 135888 
1.457152e+03 135887 
1.458166e+03 135835 
1.459159e+03 135885 
1.460166e+03 135883 
1.461152e+03 135882 
1.462166e+03 135881 
1.463169e+03 135879 
1.464165e+03 135878 
1.465167e+03 135877 
1.466169e+03 135875 
1.467155e+03 135874 
1.468165e+03 135873 
1.469154e+03 135872 
1.470156e+03 135870 
1.471151e+03 135869 
1.472155e+03 135868 
1.473156e+03 135866 
1.474166e+03 135865 
1.475166e+03 135864 
1.476166e+03 135862 
1.477156e+03 135861 
1.478156e+03 135860 
1.479162e+03 135858 
1.480169e+03 135857 
1.481169e+03 135856 
1.482153e+03 135854 
1.483154e+03 135904 
1.484168e+03 135852 
1.485160e+03 135850 
1.486162e+03 135900 
1.487165e+03 135848 
1.488151e+03 135846 
1.489153e+03 135896 
1.490159e+03 135844 
1.491168e+03 135843 
1.492166e+03 135892 
1.493161e+03 135891 
1.494171e+03 135839 
1.495159e+03 135888 
1.496155e+03 135836 
1.497163e+03 135835 
1.498157e+03 135885 
1.499160e+03 135883 
1.500153e+03 135831 
1.501151e+03 135881 
1.502179e+03 135879 
1.503163e+03 135878 
1.504168e+03 135877 
1.505155e+03 135876 
1.506169e+03 135874 
1.507151e+03 135873 
1.508152e+03 135872 
1.509153e+03 135870 
1.510161e+03 135920 
1.511166e+03 135868 
1.512161e+03 135866 
1.513164e+03 135916 
1.514159e+03 135864 
1.515156e+03 135863 
1.516151e+03 135912 
1.517161e+03 135860 
1.518174e+03 135859 
1.519161e+03 135908 
1.520162e+03 135856 
1.521158e+03 135855 
1.522158e+03 135904 
1.523169e+03 135903 
1.524166e+03 135851 
1.525162e+03 135901 
1.526166e+03 135899 
1.527151e+03 135847 
1.528156e+03 135897 
1.529157e+03 135895 
1.530162e+03 135843 
1.531151e+03 135893 
1.532156e+03 135892 
1.533165e+03 135839 
1.534157e+03 135889 
1.535151e+03 135888 
1.536159e+03 135886 
1.537172e+03 135885 
1.538156e+03 135884 
1.539157e+03 135882 
1.540160e+03 135881 
1.541165e+03 135880 
1.542166e+03 135879 
1.543164e+03 135877 
1.544157e+03 135876 
1.545159e+03 135875 
1.546160e+03 135874 
1.547151e+03 135872 
1.548171e+03 135871 
1.549155e+03 135870 
1.550163e+03 135868 
1.551162e+03 135867 
1.552164e+03 135866 
1.553161e+03 135864 
1.554157e+03 135863 
1.555159e+03 135862 
1.556155e+03 135861 
1.557162e+03 135859 
1.558153e+03 135909 
1.559158e+03 135857 
1.560160e+03 135855 
1.561154e+03 135905 
1.562159e+03 135853 
1.563152e+03 135851 
1.564162e+03 135901 
1.565166e+03 135849 
1.566164e+03 135847 
1.567164e+03 135897 
1.568168e+03 135845 
1.569161e+03 135843 
1.570156e+03 135893 
1.571157e+03 135841 
1.572160e+03 135839 
1.573166e+03 135889 
1.574153e+03 135888 
1.575150e+03 135835 
1.576162e+03 135885 
1.577153e+03 135833 
1.578169e+03 135831 
1.579162e+03 135881 
1.580171e+03 135880 
1.581150e+03 135828 
1.582156e+03 135877 
1.583148e+03 135876 
1.584152e+03 135875 
1.585160e+03 135873 
1.586161e+03 135872 
1.587159e+03 135871 
1.588156e+03 135869 
1.589159e+03 135868 
1.590150e+03 135867 
1.591159e+03 135866 
1.592161e+03 135864 
1.593153e+03 135863 
1.594162e+03 135862 
1.595168e+03 135860 
1.596163e+03 135859 
1.597163e+03 135858 
1.598160e+03 135856 
1.599160e+03 135855 
1.600151e+03 135905 
1.601160e+03 135852 
1.602163e+03 135851 
1.603166e+03 135901 
1.604168e+03 135849 
1.605164e+03 135847 
1.606165e+03 135897 
1.607169e+03 135845 
1.608151e+03 135843 
1.609154e+03 135893 
1.610166e+03 135841 
1.611156e+03 135839 
1.612148e+03 135889 
1.613161e+03 135888 
1.614158e+03 135835 
1.615155e+03 135885 
1.616156e+03 135884 
1.617155e+03 135831 
1.618187e+03 135881 
1.619167e+03 135880 
1.620155e+03 135827 
1.621152e+03 135877 
1.622154e+03 135876 
1.623151e+03 135874 
1.624162e+03 135873 
1.625156e+03 135872 
1.626151e+03 135819 
1.627153e+03 135869 
1.628158e+03 135868 
1.629164e+03 135867 
1.630167e+03 135865 
1.631167e+03 135864 
1.632162e+03 135863 
1.633152e+03 135861 
1.634167e+03 135860 
1.635162e+03 135859 
1.636164e+03 135857 
1.637151e+03 135856 
1.638148e+03 135855 
1.639149e+03 135904 
1.640161e+03 135852 
1.641163e+03 135851 
1.642160e+03 135900 
1.643152e+03 135848 
1.644167e+03 135847 
1.645153e+03 135897 
1.646148e+03 135844 
1.647147e+03 135843 
1.648164e+03 135893 
1.649162e+03 135891 
1.650151e+03 135839 
1.651149e+03 135889 
1.652151e+03 135836 
1.653162e+03 135835 
1.654157e+03 135885 
1.655153e+03 135883 
1.656153e+03 135831 
1.657158e+03 135881 
1.658168e+03 135879 
1.659164e+03 135827 
1.660153e+03 135877 
1.661157e+03 135875 
1.662167e+03 135823 
1.663150e+03 135873 
1.664167e+03 135872 
1.665150e+03 135870 
1.666151e+03 135869 
1.667165e+03 135868 
1.668162e+03 135866 
1.669159e+03 135865 
1.670165e+03 135864 
1.671163e+03 135862 
1.672166e+03 135912 
1.673168e+03 135860 
1.674160e+03 135859 
1.675157e+03 135908 
1.676155e+03 135856 
1.677162e+03 135855 
1.678154e+03 135904 
1.679163e+03 135852 
1.680162e+03 135851 
1.681155e+03 135900 
1.682165e+03 135848 
1.683167e+03 135847 
1.684153e+03 135897 
1.685160e+03 135844 
1.686161e+03 135843 
1.687154e+03 135893 
1.688154e+03 135840 
1.689160e+03 135839 
1.690167e+03 135889 
1.691159e+03 135836 
1.692164e+03 135835 
1.693153e+03 135885 
1.694151e+03 135883 
1.695158e+03 135831 
1.696155e+03 135881 
1.697161e+03 135879 
1.698162e+03 135827 
1.699155e+03 135877 
1.700164e+03 135875 
1.701150e+03 135823 
1.702156e+03 135873 
1.703158e+03 135871 
1.704168e+03 135870 
1.705158e+03 135869 
1.706149e+03 135867 
1.707164e+03 135866 
1.708148e+03 135865 
1.709151e+03 135863 
1.710152e+03 135862 
1.711148e+03 135861 
1.712158e+03 135860 
1.713161e+03 135858 
1.714152e+03 135857 
1.715169e+03 135856 
1.716162e+03 135854 
1.717168e+03 135904 
1.718151e+03 135852 
1.719154e+03 135850 
1.720162e+03 135900 
1.721155e+03 135848 
1.722151e+03 135846 
1.723151e+03 135896 
1.724152e+03 135844 
1.725154e+03 135843 
1.726159e+03 135892 
1.727202e+03 135840 
1.728179e+03 135839 
1.729151e+03 135888 
1.730163e+03 135836 
1.731152e+03 135835 
1.732154e+03 135884 
1.733178e+03 135832 
1.734154e+03 135831 
1.735157e+03 135880 
1.736163e+03 135828 
1.737146e+03 135827 
1.738160e+03 135876 
1.739162e+03 135875 
1.740153e+03 135823 
1.741160e+03 135872 
1.742151e+03 135871 
1.743163e+03 135870 
1.744162e+03 135868 
1.745160e+03 135867 
1.746156e+03 135866 
1.747155e+03 135864 
1.748166e+03 135863 
1.749151e+03 135862 
1.750149e+03 135860 
1.751156e+03 135859 
1.752156e+03 135858 
1.753157e+03 135907 
1.754147e+03 135855 
1.755154e+03 135854 
1.756150e+03 135903 
1.757159e+03 135851 
1.758157e+03 135850 
1.759149e+03 135849 
1.760159e+03 135847 
1.761150e+03 135846 
1.762155e+03 135896 
1.763163e+03 135843 
1.764158e+03 135842 
1.765164e+03 135892 
1.766158e+03 135839 
1.767148e+03 135838 
1.768149e+03 135888 
1.769153e+03 135886 
1.770163e+03 135834 
1.771161e+03 135884 
1.772148e+03 135882 
1.773148e+03 135830 
1.774154e+03 135880 
1.775158e+03 135879 
1.776155e+03 135826 
1.777164e+03 135876 
1.778165e+03 135875 
1.779152e+03 135873 
1.780154e+03 135872 
1.781146e+03 135871 
1.782160e+03 135869 
1.783166e+03 135868 
1.784148e+03 135867 
1.785166e+03 135865 
1.786166e+03 135864 
1.787150e+03 135863 
1.788156e+03 135861 
1.789151e+03 135860 
1.790151e+03 135859 
1.791156e+03 135857 
1.792146e+03 135907 
1.793162e+03 135855 
1.794153e+03 135853 
1.795157e+03 135903 
1.796151e+03 135851 
1.797155e+03 135849 
1.798165e+03 135899 
1.799146e+03 135847 
1.800158e+03 135846 
1.801149e+03 135895 
1.802163e+03 135843 
1.803164e+03 135842 
1.804165e+03 135891 
1.805156e+03 135890 
1.806158e+03 135838 
1.807150e+03 135887 
1.808165e+03 135886 
1.809146e+03 135834 
1.810160e+03 135884 
1.811152e+03 135882 
1.812154e+03 135830 
1.813145e+03 135880 
1.814151e+03 135878 
1.815164e+03 135826 
1.816159e+03 135876 
1.817159e+03 135874 
1.818165e+03 135822 
1.819152e+03 135872 
1.820152e+03 135870 
1.821149e+03 135869 
1.822153e+03 135868 
1.823147e+03 135866 
1.824151e+03 135865 
1.825149e+03 135915 
1.826151e+03 135863 
1.827153e+03 135861 
1.877166e+03 135861 
1.897153e+03 135868 
1.907151e+03 135874 
1.917148e+03 135882 
1.937155e+03 135889 
1.977144e+03 135892 
1.997160e+03 135893 
2.007151e+03 135893 
2.017147e+03 135893 
2.037147e+03 135889 
2.097152e+03 135878 
2.107155e+03 135867 
2.127161e+03 135856 
2.167144e+03 135851 
2.197156e+03 135851 
2.227151e+03 135858 
2.247147e+03 135869 
2.277138e+03 135883 
2.287148e+03 135898 
2.317142e+03 135910 
2.357144e+03 135910 
2.367144e+03 135910 
2.377140e+03 135908 
2.407135e+03 135899 
2.437152e+03 135884 
2.447148e+03 135868 
2.487136e+03 135857 
2.507155e+03 135850 
2.537135e+03 135850 
2.557142e+03 135855 
2.567145e+03 135863 
2.587143e+03 135874 
2.597135e+03 135887 
2.677152e+03 135887 
2.717145e+03 135883 
2.757151e+03 135876 
2.777131e+03 135867 
2.787137e+03 135857 
2.807138e+03 135849 
2.837133e+03 135841 
2.847139e+03 135833 
2.857131e+03 135826 
2.907136e+03 135826 
2.927140e+03 135831 
2.937140e+03 135839 
2.947146e+03 135842 
2.957136e+03 135848 
2.977135e+03 135855 
3.017144e+03 135860 
3.037138e+03 135862 
3.057141e+03 135862 
3.097135e+03 135860 
3.107144e+03 135858 
3.117129e+03 135856 
3.127142e+03 135853 
3.157133e+03 135852 
3.217132e+03 135852 
3.257127e+03 135852 
3.267126e+03 135852 
3.307130e+03 135852 
3.317132e+03 135852 
3.387128e+03 135852 
3.397138e+03 135852 
3.417120e+03 135852 
3.437126e+03 135852 
3.457129e+03 135852 
3.467132e+03 135852 
3.507137e+03 135852 
3.547131e+03 135856 
3.577128e+03 135861 
3.607125e+03 135864 
3.617117e+03 135864 
3.637126e+03 135864 
3.647118e+03 135864 
3.667134e+03 135863 
3.707128e+03 135860 
3.737124e+03 135854 
3.747125e+03 135849 
3.767127e+03 135847 
3.787125e+03 135847 
3.817121e+03 135847 
3.847132e+03 135848 
3.877122e+03 135854 
3.937112e+03 135860 
3.947118e+03 135865 
3.957119e+03 135872 
3.977115e+03 135876 
3.997113e+03 135876 
4.007128e+03 135876 
4.047125e+03 135874 
4.067131e+03 135867 
4.077118e+03 135859 
4.097112e+03 135849 
4.107111e+03 135839 
4.147112e+03 135833 
4.177120e+03 135828 
4.197126e+03 135826 
4.257110e+03 135827 
4.277109e+03 135831 
4.287120e+03 135839 
4.297109e+03 135848 
4.317108e+03 135857 
4.337118e+03 135868 
4.347126e+03 135876 
4.377123e+03 135879 
4.387107e+03 135879 
4.417116e+03 135874 
4.427115e+03 135866 
4.447123e+03 135854 
4.457119e+03 135843 
4.497122e+03 135830 
4.617107e+03 135824 
4.647110e+03 135821 
4.657116e+03 135819 
4.747111e+03 135828 
4.797102e+03 135839 
4.807113e+03 135847 
4.817118e+03 135857 
4.857101e+03 135857 
4.867115e+03 135854 
4.907106e+03 135843 
4.917115e+03 135830 
4.937110e+03 135814 
4.977103e+03 135802 
5.077100e+03 135807 
5.087104e+03 135813 
5.097114e+03 135822 
5.107109e+03 135833 
5.147102e+03 135849 
5.207106e+03 135853 
5.217095e+03 135853 
5.227094e+03 135853 
5.237106e+03 135851 
5.247105e+03 135845 
5.267094e+03 135835 
5.277108e+03 135825 
5.287097e+03 135814 
5.297100e+03 135804 
5.337094e+03 135797 
5.367110e+03 135794 
5.397093e+03 135796 
5.407099e+03 135803 
5.437093e+03 135815 
5.447093e+03 135827 
5.467098e+03 135838 
5.497101e+03 135847 
5.527109e+03 135848 
5.537096e+03 135848 
5.557101e+03 135846 
5.567092e+03 135842 
5.587093e+03 135835 
5.597101e+03 135827 
5.617089e+03 135817 
5.667099e+03 135812 
5.717093e+03 135811 
5.787103e+03 135811 
5.807104e+03 135817 
5.817095e+03 135823 
5.837092e+03 135831 
5.847095e+03 135839 
5.887085e+03 135843 
5.897093e+03 135843 
5.917100e+03 135843 
5.927096e+03 135842 
5.937096e+03 135842 
5.957088e+03 135836 
5.967093e+03 135828 
5.987100e+03 135820 
6.007100e+03 135810 
6.017084e+03 135800 
6.067082e+03 135800 
6.077083e+03 135800 
6.097098e+03 135807 
6.117084e+03 135817 
6.137099e+03 135829 
6.157112e+03 135841 
6.167092e+03 135853 
6.217081e+03 135853 
6.237086e+03 135848 
6.257082e+03 135840 
6.277089e+03 135827 
6.297093e+03 135814 
6.307086e+03 135799 
6.317086e+03 135784 
6.367092e+03 135784 
6.377088e+03 135790 
6.387085e+03 135800 
6.397086e+03 135814 
6.407090e+03 135830 
6.417094e+03 135847 
6.457083e+03 135859 
6.477085e+03 135867 
6.517076e+03 135865 
6.527091e+03 135860 
6.547087e+03 135852 
6.557079e+03 135841 
6.587077e+03 135828 
6.607082e+03 135812 
6.707084e+03 135818 
6.727080e+03 135829 
6.737082e+03 135841 
6.747073e+03 135854 
6.827078e+03 135854 
6.847084e+03 135849 
6.857077e+03 135843 
6.867087e+03 135835 
6.897072e+03 135824 
6.927088e+03 135814 
6.977082e+03 135813 
7.007070e+03 135813 
7.047082e+03 135813 
7.067070e+03 135818 
7.077070e+03 135823 
7.097079e+03 135829 
7.117065e+03 135834 
7.127064e+03 135837 
7.137079e+03 135837 
7.147064e+03 135837 
7.157080e+03 135837 
7.177068e+03 135836 
7.197072e+03 135832 
7.207065e+03 135827 
7.227070e+03 135820 
7.237081e+03 135812 
7.247079e+03 135805 
7.267083e+03 135800 
7.337065e+03 135809 
7.357064e+03 135824 
7.367078e+03 135841 
7.377076e+03 135858 
7.427062e+03 135864 
7.457061e+03 135864 
7.467072e+03 135860 
7.477077e+03 135855 
7.487061e+03 135847 
7.497068e+03 135836 
7.517076e+03 135822 
7.537078e+03 135807 
7.577078e+03 135798 
7.647057e+03 135798 
7.667058e+03 135805 
7.677076e+03 13581 
7.677092e+03 4 
7.687066e+03 135824 
7.697066e+03 135834 
7.777059e+03 135842 
7.817069e+03 135842 
7.827062e+03 135842 
7.847056e+03 135841 
7.857065e+03 135838 
7.917061e+03 135829 
7.927061e+03 135819 
7.957064e+03 135806 
7.997056e+03 135791 
8.017066e+03 135779 
8.077063e+03 135779 
8.087065e+03 135783 
8.107057e+03 135792 
8.117058e+03 135803 
8.127065e+03 135817 
8.157058e+03 135833 
8.187063e+03 135845 
8.197067e+03 135857 
8.207065e+03 135867 
8.227063e+03 135867 
8.237050e+03 135865 
8.247072e+03 135859 
8.257061e+03 135849 
8.267049e+03 135835 
8.277061e+03 135819 
8.307067e+03 135803 
8.357064e+03 135792 
8.437059e+03 135798 
8.447049e+03 135806 
8.467071e+03 135815 
8.477061e+03 135827 
8.537058e+03 135833 
8.577053e+03 135833 
8.587047e+03 135833 
8.597048e+03 135832 
8.607060e+03 135829 
8.617044e+03 135823 
8.667046e+03 135819 
8.747059e+03 135819 
8.757045e+03 135819 
8.807045e+03 135818 
8.897048e+03 135818 
8.917038e+03 135820 
8.927039e+03 135820 
8.977036e+03 135820 
8.997043e+03 135820 
9.007053e+03 135820 
9.037044e+03 135820 
9.047051e+03 135822 
9.057044e+03 135822 
9.067043e+03 135822 
9.077041e+03 135822 
9.097039e+03 135822 
9.107046e+03 135823 
9.137045e+03 135823 
9.157052e+03 135822 
9.177037e+03 135821 
9.187042e+03 135821 
9.197037e+03 135818 
9.217044e+03 135815 
9.237051e+03 135812 
9.247041e+03 135809 
9.267041e+03 135809 
9.277037e+03 135808 
9.337034e+03 135808 
9.357036e+03 135813 
9.367032e+03 135819 
9.377035e+03 135827 
9.427037e+03 135830 
9.437040e+03 135831 
9.467038e+03 135831 
9.487037e+03 135831 
9.497033e+03 135830 
9.507040e+03 135829 
9.527047e+03 135826 
9.537032e+03 135824 
9.547038e+03 135820 
9.567049e+03 135817 
9.587034e+03 135815 
9.597040e+03 135813 
9.667026e+03 135813 
9.707035e+03 135818 
9.727029e+03 135821 
9.747040e+03 135822 
9.767027e+03 135823 
9.787029e+03 135823 
9.817026e+03 135823 
9.827028e+03 135822 
9.847028e+03 135821 
9.857030e+03 135818 
9.887043e+03 135814 
9.917039e+03 135812 
9.937025e+03 135809 
9.947035e+03 135807 
9.997027e+03 135807 
1.002703e+04 135807 
1.004703e+04 135812 
1.007703e+04 135822 
1.009703e+04 135833 
1.011702e+04 135844 
1.013703e+04 135853 
1.017702e+04 135853 
1.018703e+04 135851 
1.020702e+04 135845 
1.023702e+04 135834 
1.024702e+04 135821 
1.034703e+04 135813 
1.035703e+04 135806 
1.039703e+04 135803 
1.042703e+04 135803 
1.046702e+04 135808 
1.048703e+04 135817 
1.055702e+04 135819 
1.056702e+04 135819 
1.058702e+04 135819 
1.063702e+04 135818 
1.065703e+04 135813 
1.066702e+04 135809 
1.070702e+04 135805 
1.073702e+04 135801 
1.074702e+04 135797 
1.081702e+04 135797 
1.087702e+04 135809 
1.088702e+04 135824 
1.090702e+04 135839 
1.092702e+04 135850 
1.093702e+04 135858 
1.095701e+04 135859 
1.096701e+04 135859 
1.097701e+04 135856 
1.098702e+04 135851 
1.099701e+04 135841 
1.100702e+04 135830 
1.102702e+04 135816 
1.105702e+04 135802 
1.111702e+04 135792 
1.122702e+04 135797 
1.124702e+04 135804 
1.125701e+04 135810 
1.129701e+04 135815 
1.130701e+04 135815 
1.132701e+04 135815 
1.135702e+04 135814 
1.136700e+04 135811 
1.137701e+04 135808 
1.143701e+04 135802 
1.145701e+04 135795 
1.149700e+04 135790 
1.150700e+04 135785 
1.151700e+04 135781 
1.153701e+04 135781 
1.154701e+04 135781 
1.156701e+04 135781 
1.161700e+04 135794 
1.162701e+04 135808 
1.163700e+04 135822 
1.170701e+04 135822 
1.171701e+04 135822 
1.173701e+04 135822 
1.174701e+04 135821 
1.175700e+04 135817 
1.176699e+04 135812 
1.178699e+04 135809 
1.181700e+04 135802 
1.188699e+04 135791 
1.189700e+04 135781 
1.192700e+04 135773 
1.193700e+04 135769 
1.197700e+04 135775 
1.198699e+04 135784 
1.199701e+04 135796 
1.201700e+04 135809 
1.202700e+04 135823 
1.206700e+04 135833 
1.211701e+04 135832 
1.212701e+04 135830 
1.213700e+04 135826 
1.214700e+04 135822 
1.216699e+04 135813 
1.218700e+04 135802 
1.219699e+04 135789 
1.222700e+04 135782 
1.223700e+04 135777 
1.226699e+04 135777 
1.227700e+04 135782 
1.228700e+04 135788 
1.229698e+04 135796 
1.230699e+04 135806 
1.232699e+04 135815 
1.237699e+04 135820 
1.238700e+04 135820 
1.241700e+04 135819 
1.242699e+04 135818 
1.243699e+04 135815 
1.244699e+04 135811 
1.245700e+04 135806 
1.248698e+04 135802 
1.249700e+04 135800 
1.252699e+04 135799 
1.254700e+04 135798 
1.255700e+04 135795 
1.257699e+04 135793 
1.262698e+04 135793 
1.263699e+04 135795 
1.266699e+04 135800 
1.268700e+04 135803 
1.270699e+04 135806 
1.271698e+04 135807 
1.273699e+04 135811 
1.274699e+04 135815 
1.276698e+04 135818 
1.277699e+04 135822 
1.278698e+04 135823 
1.280700e+04 135823 
1.282700e+04 135820 
1.284698e+04 135815 
1.285698e+04 135809 
1.292698e+04 135798 
1.293699e+04 135787 
1.294698e+04 135777 
1.302698e+04 135786 
1.303699e+04 135794 
1.306698e+04 135807 
1.309699e+04 135821 
1.312699e+04 135828 
1.314698e+04 135828 
1.315699e+04 135828 
1.316699e+04 135827 
1.317698e+04 135825 
1.318698e+04 135820 
1.319698e+04 135813 
1.320698e+04 135806 
1.321697e+04 135797 
1.323698e+04 135789 
1.324698e+04 135779 
1.332697e+04 135779 
1.333698e+04 135785 
1.336697e+04 135796 
1.337698e+04 135809 
1.343698e+04 135821 
1.345698e+04 135830 
1.349698e+04 135828 
1.351697e+04 135822 
1.353698e+04 135812 
1.356697e+04 135799 
1.357697e+04 135785 
1.358696e+04 135769 
1.365697e+04 135769 
1.367698e+04 135775 
1.368698e+04 135781 
1.370696e+04 135792 
1.371697e+04 135804 
1.373697e+04 135814 
1.375697e+04 135821 
1.377698e+04 135821 
1.378696e+04 135821 
1.379697e+04 135821 
1.380697e+04 135820 
1.381697e+04 135817 
1.384697e+04 135809 
1.386697e+04 135801 
1.389696e+04 135793 
1.390697e+04 135786 
1.396697e+04 135786 
1.398696e+04 135790 
1.399697e+04 135797 
1.401696e+04 135803 
1.403696e+04 135811 
1.405696e+04 135815 
1.407697e+04 135815 
1.409696e+04 135814 
1.410697e+04 13581 
1.410702e+04 4 
1.415697e+04 135810 
1.416697e+04 135804 
1.421697e+04 135801 
1.422697e+04 135799 
1.423696e+04 135796 
1.426697e+04 135796 
1.427697e+04 135795 
1.430697e+04 135795 
1.433695e+04 135800 
1.434697e+04 135805 
1.435697e+04 135809 
1.437696e+04 135816 
1.440695e+04 135818 
1.443697e+04 135818 
1.445695e+04 135816 
1.446696e+04 135813 
1.447697e+04 135810 
1.448695e+04 135806 
1.449695e+04 135803 
1.451695e+04 135797 
1.452695e+04 135790 
1.454696e+04 135783 
1.462697e+04 135783 
1.466695e+04 135793 
1.467696e+04 135805 
1.468695e+04 135819 
1.472697e+04 135831 
1.474696e+04 135841 
1.475695e+04 135847 
1.476695e+04 135848 
1.477696e+04 135848 
1.478696e+04 135845 
1.479695e+04 135838 
1.480695e+04 135828 
1.481696e+04 135815 
1.482696e+04 135802 
1.484696e+04 135789 
1.488695e+04 135780 
1.492696e+04 135778 
1.498695e+04 135790 
1.500694e+04 135804 
1.501695e+04 135819 
1.503695e+04 135835 
1.506695e+04 135845 
1.510695e+04 135844 
1.511695e+04 135840 
1.512695e+04 135834 
1.513695e+04 135827 
1.518694e+04 135814 
1.521694e+04 135802 
1.524694e+04 135789 
1.530695e+04 135783 
1.537694e+04 135790 
1.538695e+04 135798 
1.540694e+04 135807 
1.542696e+04 135813 
1.543695e+04 135821 
1.545694e+04 135822 
1.546694e+04 135822 
1.549694e+04 135821 
1.550695e+04 135818 
1.552694e+04 135814 
1.553695e+04 135808 
1.556695e+04 135803 
1.565694e+04 135803 
1.566695e+04 135803 
1.568694e+04 135803 
1.575694e+04 135803 
1.581695e+04 135803 
1.583693e+04 135803 
1.584694e+04 135803 
1.587694e+04 135808 
1.590693e+04 135812 
1.593693e+04 135818 
1.595695e+04 135819 
1.597693e+04 135821 
1.598694e+04 135821 
1.599693e+04 135821 
1.600693e+04 135821 
1.605693e+04 135816 
1.606693e+04 135810 
1.607693e+04 135802 
1.614694e+04 135802 
1.617694e+04 135802 
1.619692e+04 135802 
1.623693e+04 135802 
1.627693e+04 135806 
1.628694e+04 135809 
1.629692e+04 135810 
1.632694e+04 135812 
1.635692e+04 135814 
1.641693e+04 135814 
1.642692e+04 135814 
1.644693e+04 135813 
1.651694e+04 135812 
1.654694e+04 135811 
1.655692e+04 135811 
1.657693e+04 135806 
1.658693e+04 135801 
1.662692e+04 135796 
1.667692e+04 135796 
1.669694e+04 135796 
1.672692e+04 135796 
1.674693e+04 135796 
1.675693e+04 135795 
1.683692e+04 135805 
1.686693e+04 135815 
1.692693e+04 135817 
1.693692e+04 135817 
1.696692e+04 135813 
1.697691e+04 135808 
1.698692e+04 135801 
1.699693e+04 135794 
1.701693e+04 135787 
1.707691e+04 135787 
1.708692e+04 135787 
1.711693e+04 135792 
1.713693e+04 135799 
1.714691e+04 135808 
1.716692e+04 135816 
1.724692e+04 135824 
1.725692e+04 135830 
1.727692e+04 135832 
1.729693e+04 135832 
1.730691e+04 135831 
1.731691e+04 135828 
1.732691e+04 135822 
1.733692e+04 135812 
1.734692e+04 135802 
1.736692e+04 135792 
1.738692e+04 135785 
1.742692e+04 135784 
1.743692e+04 135783 
1.747692e+04 135789 
1.748692e+04 135797 
1.752691e+04 135807 
1.755692e+04 135816 
1.756692e+04 135824 
1.757691e+04 135833 
1.758691e+04 135839 
1.760691e+04 135839 
1.761692e+04 135837 
1.763691e+04 135827 
1.765691e+04 135811 
1.766691e+04 135794 
1.767691e+04 135777 
1.773691e+04 135767 
1.774691e+04 135758 
1.776692e+04 135752 
1.779691e+04 135753 
1.780692e+04 135761 
1.782691e+04 135772 
1.783691e+04 135786 
1.784691e+04 135802 
1.787692e+04 135814 
1.790691e+04 135820 
1.794690e+04 135819 
1.795691e+04 135815 
1.796690e+04 135809 
1.797690e+04 135802 
1.799691e+04 135792 
1.800690e+04 135780 
1.802690e+04 135771 
1.804690e+04 135763 
1.806690e+04 135759 
1.810691e+04 135764 
1.811690e+04 135773 
1.813690e+04 135784 
1.815690e+04 135800 
1.816691e+04 135816 
1.822690e+04 135819 
1.824690e+04 135819 
1.825690e+04 135817 
1.826690e+04 135812 
1.828690e+04 135801 
1.830690e+04 135788 
1.832690e+04 135776 
1.844690e+04 135776 
1.846689e+04 135781 
1.852689e+04 135795 
1.856690e+04 135807 
1.857689e+04 135818 
1.860690e+04 135819 
1.862690e+04 135816 
1.863690e+04 135810 
1.864689e+04 135802 
1.867690e+04 135791 
1.868689e+04 135778 
1.879690e+04 135785 
1.880689e+04 135795 
1.882689e+04 135807 
1.883690e+04 135820 
1.888689e+04 135826 
1.889690e+04 135827 
1.890690e+04 135829 
1.891690e+04 135829 
1.892689e+04 135826 
1.893690e+04 135820 
1.894689e+04 135812 
1.895689e+04 135804 
1.898689e+04 135792 
1.904689e+04 135777 
1.907688e+04 135762 
1.909689e+04 135752 
1.915689e+04 135759 
1.918689e+04 135773 
1.919689e+04 135787 
1.920689e+04 135803 
1.927690e+04 135809 
1.929689e+04 135809 
1.930688e+04 135809 
1.931689e+04 135808 
1.932688e+04 135805 
1.933688e+04 135800 
1.934689e+04 135795 
1.936690e+04 135787 
1.942689e+04 135779 
1.944688e+04 135772 
1.946688e+04 135768 
1.950687e+04 135774 
1.951688e+04 135785 
1.952687e+04 135798 
1.954689e+04 135815 
1.956688e+04 135830 
1.959688e+04 135841 
1.963688e+04 135841 
1.964688e+04 135841 
1.965688e+04 135835 
1.966689e+04 135828 
1.967687e+04 135819 
1.968689e+04 135809 
1.970689e+04 135797 
1.971688e+04 135783 
1.973688e+04 135770 
1.980687e+04 135770 
1.983688e+04 135776 
1.985689e+04 135787 
1.986687e+04 135800 
1.990688e+04 135812 
1.992687e+04 135822 
1.993687e+04 135830 
1.996688e+04 135830 
1.997688e+04 135830 
1.998687e+04 135830 
1.999687e+04 135827 
2.000687e+04 135822 
2.001687e+04 135815 
2.002688e+04 135807 
2.003688e+04 135798 
2.004687e+04 135788 
2.011687e+04 135783 
2.018687e+04 135788 
2.020687e+04 135796 
2.021687e+04 135805 
2.027687e+04 135812 
2.029686e+04 135818 
2.034687e+04 135818 
2.036687e+04 135818 
2.037686e+04 135817 
2.038688e+04 135814 
2.039687e+04 135811 
2.040686e+04 135807 
2.041686e+04 135802 
2.045686e+04 135794 
2.050687e+04 135789 
2.051687e+04 135785 
2.052686e+04 135780 
2.057687e+04 135780 
2.058686e+04 135784 
2.060686e+04 135790 
2.065687e+04 135798 
2.067686e+04 135808 
2.070687e+04 135815 
2.073687e+04 135815 
2.075687e+04 135816 
2.076686e+04 135816 
2.078686e+04 135816 
2.080686e+04 135815 
2.081687e+04 135815 
2.082687e+04 135812 
2.083687e+04 135809 
2.087686e+04 135804 
2.092687e+04 135799 
2.096687e+04 135796 
2.101685e+04 135796 
2.103687e+04 135796 
2.107687e+04 135801 
2.108685e+04 135807 
2.109687e+04 135812 
2.112686e+04 135813 
2.114687e+04 135813 
2.115685e+04 135813 
2.118686e+04 135813 
2.119686e+04 135813 
2.120686e+04 135812 
2.126685e+04 135802 
2.130685e+04 135789 
2.131686e+04 135776 
2.132686e+04 135763 
2.134686e+04 135751 
2.138686e+04 135747 
2.142685e+04 135755 
2.143686e+04 135766 
2.145685e+04 135783 
2.146687e+04 135798 
2.149686e+04 135812 
2.152686e+04 135825 
2.155686e+04 135835 
2.159686e+04 135835 
2.160686e+04 135833 
2.161686e+04 135828 
2.162685e+04 135821 
2.164684e+04 135812 
2.165686e+04 135801 
2.166686e+04 135789 
2.171685e+04 135781 
2.177684e+04 135781 
2.179685e+04 135784 
2.180685e+04 135785 
2.185684e+04 135785 
2.186684e+04 135785 
2.189684e+04 135786 
2.190684e+04 135786 
2.193684e+04 135792 
2.196685e+04 135800 
2.198684e+04 135806 
2.204685e+04 135806 
2.205684e+04 135804 
2.206685e+04 135799 
2.207685e+04 135794 
2.214684e+04 135789 
2.215685e+04 135783 
2.216684e+04 135777 
2.217684e+04 135770 
2.218683e+04 135764 
2.223684e+04 135764 
2.225684e+04 135764 
2.227684e+04 135769 
2.229685e+04 135775 
2.230685e+04 135781 
2.231683e+04 135791 
2.233684e+04 135801 
2.234684e+04 135810 
2.238683e+04 135810 
2.240684e+04 135810 
2.244684e+04 135809 
2.245684e+04 135808 
2.247683e+04 135807 
2.248683e+04 135805 
2.250683e+04 135802 
2.251684e+04 135797 
2.254685e+04 135795 
2.256683e+04 135792 
2.258683e+04 135787 
2.259684e+04 135780 
2.261684e+04 135773 
2.263684e+04 135769 
2.267684e+04 135769 
2.268684e+04 135769 
2.270684e+04 135769 
2.272684e+04 135774 
2.276684e+04 135784 
2.277683e+04 135796 
2.283683e+04 135810 
2.286683e+04 135825 
2.289683e+04 135834 
2.291684e+04 135837 
2.292683e+04 135837 
2.293683e+04 135835 
2.294683e+04 135828 
2.295683e+04 135818 
2.296683e+04 135805 
2.297684e+04 135789 
2.301682e+04 135776 
2.308682e+04 135776 
2.309682e+04 135776 
2.311682e+04 135782 
2.312683e+04 135790 
2.313682e+04 135799 
2.314684e+04 135810 
2.318682e+04 135819 
2.322683e+04 135822 
2.324682e+04 135822 
2.325682e+04 135821 
2.326683e+04 135818 
2.327682e+04 135811 
2.328683e+04 135803 
2.329682e+04 135793 
2.330683e+04 135781 
2.331683e+04 135768 
2.336683e+04 135763 
2.339682e+04 135764 
2.340682e+04 135769 
2.343682e+04 135779 
2.344683e+04 135790 
2.345683e+04 135801 
2.346682e+04 135812 
2.347682e+04 135820 
2.348682e+04 135826 
2.351681e+04 135826 
2.352683e+04 135824 
2.353682e+04 135818 
2.355681e+04 135810 
2.356683e+04 135800 
2.357682e+04 135790 
2.358682e+04 135780 
2.360682e+04 135769 
2.369682e+04 135769 
2.371681e+04 135774 
2.373682e+04 135782 
2.374682e+04 135790 
2.375681e+04 135797 
2.377681e+04 135803 
2.380682e+04 135803 
2.384682e+04 135798 
2.385682e+04 135793 
2.387683e+04 135786 
2.391681e+04 135781 
2.392682e+04 135774 
2.393681e+04 135766 
2.400681e+04 135770 
2.403682e+04 135778 
2.404681e+04 135788 
2.405680e+04 135797 
2.407682e+04 135805 
2.410681e+04 135808 
2.415681e+04 135806 
2.417682e+04 135804 
2.419681e+04 135798 
2.421680e+04 135792 
2.423681e+04 135784 
2.424681e+04 135777 
2.425681e+04 135770 
2.426681e+04 135763 
2.434681e+04 135769 
2.435680e+04 135777 
2.437680e+04 135787 
2.438680e+04 135798 
2.439682e+04 135812 
2.440681e+04 135823 
2.443680e+04 135823 
2.444680e+04 135823 
2.445680e+04 135821 
2.446681e+04 135816 
2.447681e+04 135810 
2.448680e+04 135802 
2.452680e+04 135791 
2.454681e+04 135781 
2.458681e+04 135773 
2.462680e+04 135773 
2.468680e+04 135781 
2.469681e+04 135789 
2.470680e+04 135799 
2.474680e+04 135805 
2.476680e+04 135805 
2.478680e+04 135806 
2.480681e+04 135806 
2.481684e+04 135806 
2.482680e+04 135806 
2.483680e+04 135804 
2.485680e+04 135800 
2.486680e+04 135794 
2.488680e+04 135789 
2.491680e+04 135783 
2.498680e+04 135782 
2.499681e+04 135782 
2.507680e+04 135788 
2.511680e+04 135794 
2.515679e+04 135800 
2.516679e+04 135805 
2.518680e+04 135806 
2.520680e+04 135807 
2.522678e+04 135807 
2.526680e+04 135806 
2.530678e+04 135801 
2.532678e+04 135798 
2.536680e+04 135795 
2.538679e+04 135791 
2.540679e+04 135786 
2.541679e+04 135781 
2.548679e+04 135781 
2.550679e+04 135787 
2.557678e+04 135797 
2.563679e+04 135804 
2.566678e+04 135805 
2.568679e+04 135806 
2.569679e+04 135806 
2.570678e+04 135806 
2.572680e+04 135805 
2.574679e+04 135802 
2.577678e+04 135798 
2.579678e+04 135793 
2.583679e+04 135789 
2.584678e+04 135784 
2.589678e+04 135784 
2.590678e+04 135784 
2.591678e+04 135784 
2.593678e+04 135789 
2.595679e+04 135797 
2.603678e+04 135797 
2.604679e+04 135798 
2.605679e+04 135798 
2.606677e+04 135798 
2.608678e+04 135798 
2.609678e+04 135798 
2.612678e+04 135798 
2.614678e+04 135797 
2.616677e+04 135794 
2.617677e+04 135791 
2.619677e+04 135787 
2.620677e+04 135785 
2.621677e+04 135782 
2.627678e+04 135782 
2.632677e+04 135789 
2.634677e+04 135798 
2.635677e+04 135807 
2.636678e+04 135815 
2.638677e+04 135819 
2.640677e+04 135819 
2.641677e+04 135819 
2.642678e+04 135817 
2.643678e+04 135813 
2.644678e+04 135808 
2.645678e+04 135802 
2.648678e+04 135795 
2.651678e+04 135789 
2.658678e+04 135788 
2.660677e+04 135788 
2.663676e+04 135788 
2.665676e+04 135793 
2.668677e+04 135801 
2.669677e+04 135809 
2.672676e+04 135816 
2.676676e+04 135816 
2.678677e+04 135816 
2.679677e+04 135814 
2.681678e+04 135809 
2.684677e+04 135802 
2.691676e+04 135797 
2.693677e+04 135793 
2.695676e+04 135790 
2.698677e+04 135790 
2.700676e+04 135790 
2.702676e+04 135796 
2.704677e+04 135802 
2.705676e+04 135809 
2.708676e+04 135815 
2.709677e+04 135823 
2.711676e+04 135823 
2.712676e+04 135823 
2.715676e+04 135821 
2.717676e+04 135815 
2.718676e+04 135808 
2.720676e+04 135799 
