6.046E-07
6.056E-07
6.077E-07
1.8323E-06
3.5098E-06
5.0244E-06
6.3771E-06
7.5898E-06
8.6644E-06
9.6229E-06
1.04756E-05
1.12283E-05
1.18919E-05
1.24833E-05
1.29994E-05
1.34513E-05
1.38523E-05
1.41994E-05
1.45044E-05
1.47702E-05
1.50012E-05
1.52012E-05
1.53696E-05
1.55179E-05
1.56421E-05
1.5745E-05
1.58377E-05
1.59125E-05
1.59748E-05
1.60235E-05
1.60631E-05
1.60923E-05
1.61154E-05
1.61319E-05
1.61423E-05
1.6145E-05
1.61452E-05
1.61392E-05
1.61342E-05
1.61208E-05
1.61073E-05
1.60929E-05
1.60721E-05
1.60529E-05
1.60288E-05
1.60027E-05
1.59804E-05
1.59546E-05
1.59283E-05
1.59002E-05
1.58737E-05
1.58421E-05
1.58125E-05
1.57794E-05
1.575E-05
1.57163E-05
1.56846E-05
1.56527E-05
1.56194E-05
1.55867E-05
1.55556E-05
1.552E-05
1.54902E-05
1.54548E-05
1.54204E-05
1.53875E-05
1.53531E-05
1.53202E-05
1.52879E-05
1.5254E-05
1.52206E-05
1.51846E-05
1.51504E-05
1.51177E-05
1.50798E-05
1.50446E-05
1.50127E-05
1.49792E-05
1.49458E-05
1.49127E-05
1.48746E-05
1.48429E-05
1.48073E-05
1.47721E-05
1.47375E-05
1.47029E-05
1.46679E-05
1.46346E-05
1.46004E-05
1.4566E-05
1.45327E-05
1.44963E-05
1.44623E-05
1.44267E-05
1.43929E-05
1.43604E-05
1.43231E-05
1.42894E-05
1.42538E-05
1.42229E-05
1.41862E-05
1.41523E-05
1.412E-05
1.40819E-05
1.40479E-05
1.40129E-05
1.39773E-05
1.39427E-05
1.39104E-05
1.38756E-05
1.38431E-05
1.38073E-05
1.37731E-05
1.37406E-05
1.37048E-05
1.36696E-05
1.3635E-05
1.35977E-05
1.3565E-05
1.35292E-05
1.34944E-05
1.34598E-05
1.34275E-05
1.33917E-05
1.33571E-05
1.33223E-05
1.32848E-05
1.32531E-05
1.322E-05
1.31848E-05
1.31502E-05
1.31158E-05
1.30821E-05
1.3045E-05
1.30123E-05
1.29777E-05
1.29429E-05
1.29077E-05
1.28725E-05
1.28408E-05
1.28052E-05
1.27727E-05
1.27373E-05
1.26994E-05
1.26644E-05
1.26325E-05
1.25977E-05
1.25623E-05
1.25294E-05
1.24927E-05
1.24573E-05
1.24248E-05
1.23904E-05
1.23542E-05
1.23227E-05
1.22869E-05
1.22525E-05
1.22175E-05
1.21831E-05
1.21479E-05
1.21152E-05
1.208E-05
1.20438E-05
1.201E-05
1.19752E-05
1.19404E-05
1.19046E-05
1.18731E-05
1.18404E-05
1.18044E-05
1.1771E-05
1.1734E-05
1.17E-05
1.16654E-05
1.16327E-05
1.15983E-05
1.15648E-05
1.15283E-05
1.14929E-05
1.14577E-05
1.14258E-05
1.13894E-05
1.13546E-05
1.13192E-05
1.12842E-05
1.12519E-05
1.12146E-05
1.11835E-05
1.11481E-05
1.11123E-05
1.10771E-05
1.10417E-05
1.10079E-05
1.09725E-05
1.09427E-05
1.0905E-05
1.08698E-05
1.08371E-05
1.08019E-05
1.07677E-05
1.07342E-05
1.06977E-05
1.06642E-05
1.0631E-05
1.0595E-05
1.05621E-05
1.05258E-05
1.04919E-05
1.04546E-05
1.04229E-05
1.03875E-05
1.03531E-05
1.03179E-05
1.02848E-05
1.02521E-05
1.02158E-05
1.01802E-05
1.01471E-05
1.01125E-05
1.00767E-05
1.00427E-05
1.00098E-05
9.9746E-06
9.9385E-06
9.9029E-06
9.8696E-06
9.8354E-06
9.8004E-06
9.7648E-06
9.7321E-06
9.6971E-06
9.6629E-06
9.6265E-06
9.5931E-06
9.5573E-06
9.5221E-06
9.4904E-06
9.4585E-06
9.4233E-06
9.3877E-06
9.3537E-06
9.3194E-06
9.2825E-06
9.2498E-06
9.2152E-06
9.1804E-06
9.1444E-06
9.1129E-06
9.0771E-06
9.0421E-06
9.0071E-06
8.9694E-06
8.9373E-06
8.9027E-06
8.8698E-06
8.8354E-06
8.8029E-06
8.7633E-06
8.7298E-06
8.6981E-06
8.6623E-06
8.6275E-06
8.5954E-06
8.5571E-06
8.5235E-06
8.4902E-06
8.4542E-06
8.419E-06
8.3846E-06
8.35E-06
8.3181E-06
8.2819E-06
8.2475E-06
8.2131E-06
8.1777E-06
8.145E-06
8.1102E-06
8.0746E-06
8.0398E-06
8.0056E-06
7.9696E-06
7.9375E-06
7.9017E-06
7.8681E-06
7.8319E-06
7.7967E-06
7.7656E-06
7.7304E-06
7.6994E-06
7.6631E-06
7.6244E-06
7.5894E-06
7.5569E-06
7.5223E-06
7.4875E-06
7.4525E-06
7.4177E-06
7.3846E-06
7.3479E-06
7.315E-06
7.2802E-06
7.2473E-06
7.2117E-06
7.1775E-06
7.1402E-06
7.1075E-06
7.0725E-06
7.0369E-06
7.0044E-06
6.9681E-06
6.9358E-06
6.8998E-06
6.8656E-06
6.8323E-06
6.7983E-06
6.76E-06
6.7281E-06
6.6948E-06
6.6573E-06
6.625E-06
6.5896E-06
6.5554E-06
6.5206E-06
6.485E-06
6.455E-06
6.4169E-06
6.3827E-06
6.3492E-06
6.3123E-06
6.2779E-06
6.2425E-06
6.2127E-06
6.1769E-06
6.14E-06
6.1069E-06
6.0727E-06
6.0377E-06
6.0023E-06
5.9667E-06
5.9325E-06
5.8996E-06
5.8652E-06
5.8323E-06
5.7958E-06
5.759E-06
5.7254E-06
5.6948E-06
5.6583E-06
5.6219E-06
5.5873E-06
5.5546E-06
5.521E-06
5.4848E-06
5.4504E-06
5.4177E-06
5.3798E-06
5.3473E-06
5.3104E-06
5.2775E-06
5.2456E-06
5.2098E-06
5.1754E-06
5.1425E-06
5.1058E-06
5.0698E-06
5.0377E-06
5.0029E-06
4.9677E-06
4.9325E-06
4.8979E-06
4.866E-06
4.8304E-06
4.7963E-06
4.7594E-06
4.724E-06
4.6902E-06
4.655E-06
4.6225E-06
4.5875E-06
4.551E-06
4.5206E-06
4.4819E-06
4.4498E-06
4.4158E-06
4.38E-06
4.3456E-06
4.3098E-06
4.2752E-06
4.2433E-06
4.2087E-06
4.1725E-06
4.1398E-06
4.1062E-06
4.0702E-06
4.034E-06
4.0004E-06
3.9667E-06
3.9298E-06
3.8973E-06
3.86E-06
3.8273E-06
3.7925E-06
3.7573E-06
3.7246E-06
3.69E-06
3.6546E-06
3.6198E-06
3.5825E-06
3.5506E-06
3.5175E-06
3.4825E-06
3.4477E-06
3.4113E-06
3.3804E-06
3.3433E-06
3.3094E-06
3.2744E-06
3.2404E-06
3.2058E-06
3.1725E-06
3.1342E-06
3.1025E-06
3.0681E-06
3.0321E-06
2.9996E-06
2.9642E-06
2.9308E-06
2.8956E-06
2.8592E-06
2.8273E-06
2.7894E-06
2.7585E-06
2.7223E-06
2.6865E-06
2.6546E-06
2.6177E-06
2.586E-06
2.5498E-06
2.5144E-06
2.4835E-06
2.4471E-06
2.4125E-06
2.3779E-06
2.3421E-06
2.3083E-06
2.2754E-06
2.2402E-06
2.2075E-06
2.171E-06
2.1352E-06
2.0996E-06
2.0654E-06
2.0325E-06
2.001E-06
1.966E-06
1.93E-06
1.8952E-06
1.8627E-06
1.8285E-06
1.7915E-06
1.7571E-06
1.7231E-06
1.6869E-06
1.6521E-06
1.6198E-06
1.5823E-06
1.5471E-06
1.5146E-06
1.4798E-06
1.4442E-06
1.4131E-06
1.3746E-06
1.3427E-06
1.3063E-06
1.2702E-06
1.2377E-06
1.2029E-06
1.1679E-06
1.135E-06
1.1002E-06
1.0673E-06
1.03E-06
9.979E-07
9.627E-07
9.277E-07
8.927E-07
8.573E-07
8.221E-07
7.904E-07
7.554E-07
7.229E-07
6.869E-07
6.498E-07
6.15E-07
5.825E-07
5.479E-07
5.125E-07
4.775E-07
4.446E-07
4.104E-07
3.754E-07
3.398E-07
3.048E-07
2.733E-07
2.394E-07
2.048E-07
1.746E-07
1.45E-07
1.175E-07
9.5E-08
6.44E-08
4.5E-08
2.27E-08
-8.1E-09
-2.46E-08
-4E-08
-5.75E-08
-7.33E-08
-8.58E-08
-9.5E-08
-1.073E-07
-1.152E-07
-1.248E-07
-1.321E-07
-1.425E-07
-1.477E-07
-1.521E-07
-1.6E-07
-1.627E-07
-1.704E-07
-1.698E-07
-1.756E-07
-1.779E-07
-1.808E-07
-1.835E-07
-1.833E-07
-1.854E-07
-1.842E-07
-1.892E-07
-1.896E-07
-1.954E-07
-1.925E-07
-1.921E-07
-1.94E-07
-1.952E-07
-1.954E-07
-1.979E-07
-1.946E-07
-1.952E-07
-1.952E-07
-1.979E-07
-1.958E-07
-1.952E-07
-1.952E-07
-1.925E-07
-1.919E-07
-1.956E-07
-1.925E-07
-1.956E-07
-1.927E-07
-1.925E-07
-1.923E-07
-1.923E-07
-1.929E-07
-1.927E-07
-1.906E-07
-1.9E-07
-1.898E-07
-1.908E-07
-1.879E-07
-1.881E-07
-1.875E-07
-1.871E-07
-1.858E-07
-1.869E-07
-1.842E-07
-1.848E-07
-1.854E-07
-1.848E-07
-1.858E-07
-1.825E-07
-1.835E-07
-1.821E-07
-1.796E-07
-1.812E-07
-1.8E-07
-1.777E-07
-1.773E-07
-1.779E-07
-1.773E-07
-1.754E-07
-1.75E-07
-1.775E-07
-1.754E-07
-1.75E-07
-1.75E-07
-1.723E-07
-1.752E-07
-1.725E-07
-1.723E-07
-1.721E-07
-1.737E-07
-1.708E-07
-1.698E-07
-1.675E-07
-1.675E-07
-1.679E-07
-1.677E-07
-1.671E-07
-1.644E-07
-1.652E-07
-1.654E-07
-1.644E-07
-1.615E-07
-1.644E-07
-1.619E-07
-1.617E-07
-1.656E-07
-1.658E-07
-1.629E-07
-1.613E-07
-1.623E-07
-1.625E-07
-1.623E-07
-1.623E-07
-1.608E-07
-1.621E-07
-1.621E-07
-1.604E-07
-1.627E-07
-1.604E-07
-1.602E-07
-1.61E-07
-1.608E-07
-1.606E-07
-1.579E-07
-1.571E-07
-1.606E-07
-1.579E-07
-1.569E-07
-1.575E-07
-1.585E-07
-1.569E-07
-1.581E-07
-1.579E-07
-1.577E-07
-1.55E-07
-1.552E-07
-1.558E-07
-1.55E-07
-1.533E-07
-1.546E-07
-1.558E-07
-1.529E-07
-1.515E-07
-1.527E-07
-1.556E-07
-1.527E-07
-1.533E-07
-1.521E-07
-1.529E-07
-1.531E-07
-1.521E-07
-1.5E-07
-1.527E-07
-1.502E-07
-1.5E-07
-1.502E-07
-1.498E-07
-1.471E-07
-1.504E-07
-1.479E-07
-1.498E-07
-1.479E-07
-1.471E-07
-1.483E-07
-1.485E-07
-1.444E-07
-1.44E-07
-1.45E-07
-1.456E-07
-1.456E-07
-1.435E-07
-1.429E-07
-1.452E-07
-1.458E-07
-1.427E-07
-1.425E-07
-1.396E-07
-1.394E-07
-1.392E-07
-1.406E-07
-1.392E-07
-1.417E-07
-1.402E-07
-1.375E-07
-1.383E-07
-1.392E-07
-1.4E-07
-1.396E-07
-1.377E-07
-1.375E-07
-1.392E-07
-1.375E-07
-1.375E-07
-1.375E-07
-1.383E-07
-1.358E-07
-1.369E-07
-1.344E-07
-1.342E-07
-1.352E-07
-1.352E-07
-1.358E-07
-1.346E-07
-1.346E-07
-1.352E-07
-1.333E-07
-1.35E-07
-1.325E-07
-1.335E-07
-1.327E-07
-1.325E-07
-1.308E-07
-1.315E-07
-1.319E-07
-1.306E-07
-1.302E-07
-1.296E-07
-1.308E-07
-1.273E-07
-1.267E-07
-1.3E-07
-1.279E-07
-1.3E-07
-1.275E-07
-1.273E-07
-1.283E-07
-1.256E-07
-1.252E-07
-1.24E-07
-1.246E-07
-1.281E-07
-1.25E-07
-1.231E-07
-1.246E-07
-1.254E-07
-1.229E-07
-1.221E-07
-1.227E-07
-1.221E-07
-1.219E-07
-1.194E-07
-1.192E-07
-1.206E-07
-1.204E-07
-1.198E-07
-1.2E-07
-1.196E-07
-1.194E-07
-1.171E-07
-1.181E-07
-1.175E-07
-1.165E-07
-1.177E-07
-1.171E-07
-1.148E-07
-1.144E-07
-1.179E-07
-1.156E-07
-1.148E-07
-1.154E-07
-1.121E-07
-1.154E-07
-1.133E-07
-1.121E-07
-1.125E-07
-1.098E-07
-1.121E-07
-1.133E-07
-1.119E-07
-1.129E-07
-1.106E-07
-1.092E-07
-1.1E-07
-1.098E-07
-1.096E-07
-1.106E-07
-1.104E-07
-1.071E-07
-1.079E-07
-1.087E-07
-1.075E-07
-1.071E-07
-1.048E-07
-1.079E-07
-1.054E-07
-1.054E-07
-1.052E-07
-1.05E-07
-1.048E-07
-1.021E-07
-1.019E-07
-1.017E-07
-1.015E-07
-1.035E-07
-1.023E-07
-1.021E-07
-9.98E-08
-1.017E-07
-1.01E-07
-1.025E-07
-9.96E-08
-9.92E-08
-1E-07
-9.96E-08
-9.83E-08
-1.002E-07
-1.004E-07
-9.75E-08
-9.75E-08
-9.75E-08
-9.44E-08
-9.81E-08
-9.56E-08
-9.52E-08
-9.73E-08
-9.42E-08
-9.5E-08
-9.48E-08
-9.52E-08
-9.6E-08
-9.17E-08
-9.23E-08
-9.31E-08
-9.5E-08
-9.02E-08
-8.94E-08
-8.88E-08
-9.02E-08
-9.23E-08
-9E-08
-8.96E-08
-9E-08
-8.85E-08
-8.69E-08
-8.75E-08
-9.1E-08
-8.73E-08
-8.71E-08
-8.81E-08
-8.54E-08
-8.56E-08
-8.52E-08
-8.48E-08
-8.46E-08
-8.6E-08
-8.31E-08
-8.19E-08
-8.25E-08
-8.21E-08
-8.25E-08
-8.37E-08
-8.08E-08
-7.96E-08
-7.79E-08
-7.96E-08
-8.04E-08
-8E-08
-7.94E-08
-7.96E-08
-7.79E-08
-7.81E-08
-7.79E-08
-7.77E-08
-7.75E-08
-7.71E-08
-7.81E-08
-7.56E-08
-7.42E-08
-7.54E-08
-7.38E-08
-7.27E-08
-7.31E-08
-7.46E-08
-7.46E-08
-7.29E-08
-7.25E-08
-7.33E-08
-7.33E-08
-7.02E-08
-7.04E-08
-7.21E-08
-7.04E-08
-7.04E-08
-7.08E-08
-7E-08
-6.75E-08
-7.04E-08
-6.94E-08
-6.77E-08
-6.85E-08
-6.77E-08
-6.75E-08
-6.75E-08
-6.52E-08
-6.46E-08
-6.52E-08
-6.48E-08
-6.6E-08
-6.6E-08
-6.35E-08
-6.44E-08
-6.54E-08
-6.21E-08
-6.27E-08
-6.25E-08
-6.15E-08
-5.94E-08
-6.21E-08
-5.98E-08
-5.96E-08
-6E-08
-5.98E-08
-5.96E-08
-5.98E-08
-6.04E-08
-5.94E-08
-5.71E-08
-5.77E-08
-5.81E-08
-5.75E-08
-5.77E-08
-5.71E-08
-5.48E-08
-5.54E-08
-5.67E-08
-5.52E-08
-5.5E-08
-5.35E-08
-5.31E-08
-5.17E-08
-5.15E-08
-5.15E-08
-5.5E-08
-5.29E-08
-5.35E-08
-5E-08
-5.17E-08
-5.04E-08
-4.96E-08
-4.75E-08
-4.96E-08
-5.1E-08
-4.81E-08
-4.69E-08
-4.77E-08
-4.73E-08
-4.73E-08
-4.75E-08
-4.46E-08
-4.67E-08
-4.48E-08
-4.38E-08
-4.73E-08
-4.52E-08
-4.56E-08
-4.31E-08
-4.48E-08
-4.31E-08
-4.15E-08
-4.52E-08
-4.27E-08
-4.27E-08
-3.96E-08
-4.15E-08
-4.02E-08
-4.27E-08
-4.21E-08
-4.04E-08
-4E-08
-3.83E-08
-3.94E-08
-3.83E-08
-3.81E-08
-3.77E-08
-3.67E-08
-3.85E-08
-3.73E-08
-3.69E-08
-3.85E-08
-3.67E-08
-3.85E-08
-3.46E-08
-3.4E-08
-3.52E-08
-3.25E-08
-3.42E-08
-3.5E-08
-3.6E-08
-3.23E-08
-3.29E-08
-3.17E-08
-3.48E-08
-3.29E-08
-3.27E-08
-3.27E-08
-3.08E-08
-3.31E-08
-3.19E-08
-3.02E-08
-2.92E-08
-3.02E-08
-3E-08
-2.88E-08
-2.94E-08
-3.04E-08
-2.77E-08
-3.04E-08
-2.79E-08
-2.79E-08
-2.71E-08
-2.73E-08
-2.81E-08
-2.29E-08
-2.44E-08
-2.27E-08
-2.17E-08
-2.42E-08
-2.44E-08
-2.23E-08
-2.04E-08
-2.21E-08
-2.23E-08
-2.33E-08
-2.21E-08
-2.31E-08
-2.27E-08
-1.94E-08
-2.04E-08
-1.75E-08
-1.69E-08
-1.94E-08
-1.96E-08
-1.81E-08
-1.67E-08
-1.75E-08
-1.73E-08
-1.5E-08
-1.69E-08
-1.58E-08
-1.48E-08
-1.48E-08
-1.29E-08
-1.44E-08
-1.48E-08
-1.33E-08
-1.17E-08
-9.6E-09
-1.04E-08
-1.08E-08
-1.04E-08
-7.3E-09
-9.2E-09
-6.9E-09
-1E-08
-5.2E-09
-7.1E-09
-6.9E-09
-8.7E-09
-7.1E-09
-7.3E-09
-4.6E-09
-6.7E-09
-8.1E-09
-4.6E-09
-5E-09
4.6E-09
-7.5E-09
7.1E-09
7.1E-09
7.1E-09
4.8E-09
5E-09
7.7E-09
7.5E-09
7.5E-09
8.7E-09
7.7E-09
6.9E-09
1.08E-08
8.7E-09
9.8E-09
1E-08
7.3E-09
1.02E-08
9.4E-09
1.06E-08
9.4E-09
1.29E-08
1.06E-08
1.29E-08
1.23E-08
1.29E-08
1.17E-08
1.54E-08
1.6E-08
1.46E-08
1.52E-08
1.46E-08
1.77E-08
1.81E-08
1.52E-08
1.79E-08
1.77E-08
1.83E-08
2E-08
1.87E-08
1.98E-08
2.12E-08
1.96E-08
2E-08
1.98E-08
2.08E-08
2.27E-08
2.29E-08
2.19E-08
2.27E-08
2.27E-08
2.33E-08
2.5E-08
2.54E-08
2.67E-08
2.73E-08
2.69E-08
2.6E-08
2.77E-08
2.42E-08
2.98E-08
3.08E-08
2.98E-08
2.73E-08
2.96E-08
2.94E-08
3.29E-08
3.06E-08
3.02E-08
3E-08
3.25E-08
3.21E-08
3.23E-08
3.23E-08
3.27E-08
3.27E-08
3.27E-08
3.27E-08
3.33E-08
3.5E-08
3.5E-08
3.44E-08
3.54E-08
3.6E-08
3.67E-08
3.77E-08
3.79E-08
3.73E-08
3.77E-08
3.69E-08
3.83E-08
3.73E-08
3.98E-08
3.92E-08
4.04E-08
3.98E-08
3.92E-08
3.96E-08
4.08E-08
4.02E-08
4.02E-08
4.48E-08
4.35E-08
4.19E-08
4.27E-08
4.25E-08
4.44E-08
4.46E-08
4.27E-08
4.81E-08
4.5E-08
4.69E-08
4.46E-08
4.75E-08
4.96E-08
4.69E-08
5.04E-08
5E-08
4.98E-08
4.94E-08
4.92E-08
4.9E-08
5.08E-08
5.25E-08
5.23E-08
5.19E-08
5.33E-08
5.25E-08
5.5E-08
5.48E-08
5.54E-08
5.5E-08
5.54E-08
5.46E-08
5.46E-08
5.71E-08
5.69E-08
5.79E-08
5.67E-08
6.1E-08
5.73E-08
5.73E-08
6.04E-08
5.94E-08
6.19E-08
6.08E-08
6.23E-08
6.25E-08
6.15E-08
6.29E-08
6.17E-08
6.31E-08
6.25E-08
6.23E-08
6.52E-08
6.54E-08
6.5E-08
6.46E-08
6.67E-08
6.44E-08
6.73E-08
6.77E-08
6.85E-08
6.54E-08
6.75E-08
6.69E-08
6.79E-08
6.79E-08
6.96E-08
7E-08
6.98E-08
7.02E-08
7.31E-08
7.23E-08
7.27E-08
7.12E-08
7.23E-08
7.23E-08
6.96E-08
7.27E-08
7.33E-08
7.29E-08
7.25E-08
7.56E-08
7.38E-08
7.5E-08
7.54E-08
7.58E-08
7.54E-08
7.69E-08
7.62E-08
7.71E-08
7.46E-08
7.77E-08
7.75E-08
7.77E-08
7.73E-08
8.08E-08
7.92E-08
7.96E-08
8E-08
8.02E-08
8.1E-08
8.04E-08
7.96E-08
8.1E-08
7.98E-08
8.23E-08
8.19E-08
8.19E-08
8.27E-08
8.21E-08
8.25E-08
8.21E-08
8.21E-08
8.21E-08
8.27E-08
8.54E-08
8.52E-08
8.46E-08
8.38E-08
8.77E-08
8.71E-08
8.83E-08
8.81E-08
8.75E-08
8.75E-08
8.67E-08
8.79E-08
8.71E-08
8.85E-08
9E-08
9.1E-08
9E-08
8.73E-08
9E-08
9.04E-08
9.15E-08
8.96E-08
9.33E-08
8.98E-08
8.94E-08
9.02E-08
8.96E-08
8.96E-08
8.96E-08
9.25E-08
8.98E-08
8.98E-08
9.25E-08
9.23E-08
9.19E-08
9.25E-08
9.27E-08
9.25E-08
9.19E-08
9.23E-08
9.27E-08
9.25E-08
9.35E-08
9.17E-08
9.29E-08
9.23E-08
9.29E-08
9.29E-08
9.19E-08
9.46E-08
9.17E-08
9.5E-08
9.75E-08
9.62E-08
9.44E-08
9.48E-08
9.54E-08
9.69E-08
9.65E-08
9.87E-08
9.73E-08
9.65E-08
9.63E-08
9.65E-08
9.77E-08
9.79E-08
1.002E-07
1.008E-07
9.71E-08
9.85E-08
9.75E-08
9.75E-08
9.98E-08
1E-07
1.006E-07
9.96E-08
1.015E-07
9.94E-08
9.9E-08
9.69E-08
1.006E-07
1E-07
9.94E-08
1.027E-07
9.96E-08
9.96E-08
1.021E-07
1.035E-07
9.98E-08
1.027E-07
1.017E-07
1.023E-07
1.027E-07
1.025E-07
1.027E-07
1.048E-07
1.019E-07
1.017E-07
1.027E-07
1.054E-07
1.023E-07
1.05E-07
1.033E-07
1.023E-07
1.05E-07
1.029E-07
1.025E-07
1.025E-07
1.05E-07
1.017E-07
1.05E-07
1.05E-07
1.065E-07
1.062E-07
1.046E-07
1.06E-07
1.046E-07
1.042E-07
1.073E-07
1.085E-07
1.048E-07
1.046E-07
1.075E-07
1.077E-07
1.06E-07
1.046E-07
1.071E-07
1.046E-07
1.052E-07
1.075E-07
1.087E-07
1.073E-07
1.073E-07
1.062E-07
1.048E-07
1.075E-07
1.065E-07
1.048E-07
1.073E-07
1.065E-07
1.077E-07
1.073E-07
1.056E-07
1.077E-07
1.075E-07
1.081E-07
1.094E-07
1.081E-07
1.071E-07
1.075E-07
1.081E-07
1.071E-07
1.071E-07
1.071E-07
1.094E-07
1.075E-07
1.098E-07
1.112E-07
1.073E-07
1.071E-07
1.102E-07
1.075E-07
1.11E-07
1.075E-07
1.069E-07
1.098E-07
1.108E-07
1.098E-07
1.094E-07
1.085E-07
1.098E-07
1.1E-07
1.075E-07
1.098E-07
1.098E-07
1.098E-07
1.073E-07
1.073E-07
1.098E-07
1.073E-07
1.096E-07
1.098E-07
1.077E-07
1.073E-07
1.075E-07
1.077E-07
1.075E-07
1.098E-07
1.102E-07
1.065E-07
1.1E-07
1.073E-07
1.1E-07
1.077E-07
1.106E-07
1.1E-07
1.11E-07
1.1E-07
1.098E-07
1.098E-07
1.098E-07
1.088E-07
1.09E-07
1.108E-07
1.096E-07
1.11E-07
1.09E-07
1.102E-07
1.106E-07
1.104E-07
1.104E-07
1.1E-07
1.071E-07
1.075E-07
1.077E-07
1.079E-07
1.073E-07
1.071E-07
1.1E-07
1.094E-07
1.077E-07
1.071E-07
1.098E-07
1.069E-07
1.073E-07
1.081E-07
1.073E-07
1.083E-07
1.069E-07
1.073E-07
1.081E-07
1.106E-07
1.096E-07
1.098E-07
1.11E-07
1.081E-07
1.104E-07
1.075E-07
1.102E-07
1.121E-07
1.081E-07
1.1E-07
1.1E-07
1.104E-07
1.102E-07
1.1E-07
1.094E-07
1.108E-07
1.079E-07
1.1E-07
1.075E-07
1.102E-07
1.102E-07
1.067E-07
1.104E-07
1.098E-07
1.073E-07
1.1E-07
1.096E-07
1.1E-07
1.1E-07
1.098E-07
1.104E-07
1.071E-07
1.071E-07
1.071E-07
1.096E-07
1.087E-07
1.073E-07
1.081E-07
1.073E-07
1.069E-07
1.094E-07
1.083E-07
1.077E-07
1.077E-07
1.083E-07
1.077E-07
1.067E-07
1.096E-07
1.081E-07
1.069E-07
1.079E-07
1.069E-07
1.079E-07
1.1E-07
1.083E-07
1.067E-07
1.056E-07
1.079E-07
1.077E-07
1.05E-07
1.071E-07
1.069E-07
1.044E-07
1.05E-07
1.056E-07
1.05E-07
1.044E-07
1.081E-07
1.044E-07
1.042E-07
1.042E-07
1.017E-07
1.05E-07
1.052E-07
1.04E-07
1.05E-07
1.054E-07
1.048E-07
1.027E-07
1.046E-07
1.025E-07
1.019E-07
1.048E-07
1.021E-07
1.013E-07
1.015E-07
1.025E-07
1.002E-07
1.023E-07
1.025E-07
9.9E-08
1.029E-07
1.023E-07
1.002E-07
9.94E-08
9.9E-08
1.029E-07
1.025E-07
9.98E-08
1.004E-07
1.006E-07
1.002E-07
9.88E-08
1.006E-07
9.83E-08
9.98E-08
9.94E-08
9.77E-08
1.002E-07
9.69E-08
9.96E-08
1.002E-07
9.94E-08
9.73E-08
9.71E-08
1.01E-07
9.73E-08
9.98E-08
9.87E-08
9.69E-08
9.81E-08
9.42E-08
1.004E-07
9.71E-08
9.71E-08
9.77E-08
9.77E-08
9.79E-08
9.77E-08
9.48E-08
9.56E-08
9.44E-08
9.73E-08
9.67E-08
9.44E-08
9.54E-08
9.48E-08
9.69E-08
9.33E-08
9.52E-08
9.52E-08
9.56E-08
9.52E-08
9.48E-08
9.5E-08
9.52E-08
9.5E-08
9.52E-08
9.23E-08
9.25E-08
9.46E-08
9.62E-08
9.54E-08
9.52E-08
9.23E-08
9.25E-08
9.23E-08
9.23E-08
9.19E-08
9.19E-08
9.56E-08
9.5E-08
9.31E-08
9.21E-08
9.21E-08
9.31E-08
9.27E-08
9.04E-08
9.29E-08
9.15E-08
9.27E-08
9.27E-08
9.27E-08
9.13E-08
9.06E-08
9.21E-08
9.13E-08
9.27E-08
8.98E-08
9.25E-08
9.37E-08
8.98E-08
9.35E-08
9.12E-08
9.29E-08
8.96E-08
8.98E-08
9.08E-08
9.04E-08
8.96E-08
9.08E-08
8.94E-08
8.9E-08
9.04E-08
8.9E-08
9E-08
9.04E-08
9.29E-08
9.08E-08
9.04E-08
8.67E-08
9.06E-08
9.02E-08
8.9E-08
8.98E-08
8.9E-08
9.04E-08
9.02E-08
9.02E-08
9.04E-08
8.94E-08
9.06E-08
8.92E-08
9.02E-08
9.06E-08
8.9E-08
8.92E-08
9E-08
8.79E-08
8.98E-08
8.75E-08
9E-08
8.75E-08
8.98E-08
8.88E-08
8.98E-08
9.02E-08
8.75E-08
8.71E-08
8.71E-08
8.71E-08
8.83E-08
8.71E-08
8.94E-08
8.71E-08
8.75E-08
9.06E-08
8.69E-08
8.69E-08
9.08E-08
8.85E-08
8.56E-08
8.79E-08
8.67E-08
8.73E-08
8.77E-08
8.75E-08
8.85E-08
8.65E-08
8.52E-08
8.73E-08
8.62E-08
8.71E-08
8.69E-08
8.69E-08
8.65E-08
8.58E-08
8.6E-08
8.79E-08
8.6E-08
8.44E-08
8.48E-08
8.46E-08
8.71E-08
8.87E-08
8.87E-08
8.6E-08
8.56E-08
8.44E-08
8.69E-08
8.69E-08
8.69E-08
8.44E-08
8.46E-08
8.71E-08
8.44E-08
8.29E-08
8.54E-08
8.52E-08
8.56E-08
8.25E-08
8.56E-08
8.4E-08
8.52E-08
8.54E-08
8.54E-08
8.25E-08
8.52E-08
8.5E-08
8.27E-08
8.5E-08
8.27E-08
8.23E-08
8.48E-08
8.48E-08
8.35E-08
8.58E-08
8.23E-08
8.27E-08
8.21E-08
8.48E-08
8.23E-08
8.23E-08
8.31E-08
8.29E-08
8.56E-08
8.33E-08
8.15E-08
8.21E-08
8.46E-08
8.19E-08
8.17E-08
8.27E-08
8.19E-08
8.29E-08
7.92E-08
8.25E-08
8.17E-08
8.02E-08
8.29E-08
8.19E-08
8E-08
7.98E-08
8.31E-08
8.25E-08
7.98E-08
8.19E-08
8.23E-08
8.12E-08
8.21E-08
8.23E-08
7.98E-08
8.29E-08
8.08E-08
8.27E-08
8.1E-08
8E-08
8E-08
8.08E-08
7.94E-08
7.94E-08
7.98E-08
7.92E-08
7.98E-08
7.92E-08
7.96E-08
7.94E-08
7.94E-08
8.02E-08
8.04E-08
8.02E-08
7.98E-08
7.77E-08
7.73E-08
7.81E-08
8.04E-08
8.02E-08
7.87E-08
8E-08
7.83E-08
7.71E-08
7.48E-08
7.81E-08
7.9E-08
7.73E-08
7.75E-08
7.85E-08
7.79E-08
7.5E-08
7.79E-08
7.79E-08
7.79E-08
7.92E-08
7.44E-08
7.77E-08
7.69E-08
7.75E-08
7.73E-08
7.81E-08
7.77E-08
7.79E-08
7.73E-08
7.69E-08
7.69E-08
7.77E-08
7.85E-08
7.48E-08
7.79E-08
7.48E-08
7.71E-08
7.52E-08
7.73E-08
7.71E-08
7.75E-08
7.46E-08
7.73E-08
7.75E-08
7.83E-08
7.4E-08
7.46E-08
7.42E-08
7.46E-08
7.42E-08
7.56E-08
7.44E-08
7.54E-08
7.48E-08
7.75E-08
7.85E-08
7.71E-08
7.46E-08
7.44E-08
7.56E-08
7.46E-08
7.52E-08
7.5E-08
7.44E-08
7.42E-08
7.54E-08
7.25E-08
7.52E-08
7.25E-08
7.29E-08
7.23E-08
7.35E-08
7.25E-08
7.56E-08
7.21E-08
7.48E-08
7.23E-08
7.25E-08
7.33E-08
7.17E-08
7.29E-08
7.58E-08
7.35E-08
7.19E-08
7.15E-08
7.27E-08
7.33E-08
7.23E-08
6.9E-08
7.29E-08
7.02E-08
7.29E-08
7.27E-08
6.9E-08
7.33E-08
7.19E-08
7.02E-08
7.25E-08
7.29E-08
7.15E-08
7.02E-08
7.21E-08
7.21E-08
7.25E-08
7.1E-08
6.98E-08
6.94E-08
7.08E-08
6.94E-08
6.94E-08
7.06E-08
6.98E-08
7.08E-08
7.02E-08
6.96E-08
6.92E-08
7.02E-08
7.04E-08
6.79E-08
7E-08
7.04E-08
7.1E-08
6.94E-08
7.04E-08
6.75E-08
7E-08
7.06E-08
6.67E-08
7E-08
6.88E-08
7.04E-08
6.67E-08
7.06E-08
7E-08
7.02E-08
6.98E-08
6.87E-08
6.77E-08
6.77E-08
7.02E-08
7.02E-08
6.77E-08
6.96E-08
7E-08
6.75E-08
6.94E-08
6.85E-08
6.67E-08
6.79E-08
6.79E-08
6.73E-08
6.71E-08
6.67E-08
6.71E-08
6.44E-08
6.77E-08
6.75E-08
6.81E-08
6.4E-08
6.52E-08
6.77E-08
6.63E-08
6.75E-08
6.65E-08
6.65E-08
6.54E-08
6.75E-08
6.75E-08
6.75E-08
6.73E-08
6.71E-08
6.46E-08
6.54E-08
6.75E-08
6.69E-08
6.65E-08
6.79E-08
6.62E-08
6.48E-08
6.52E-08
6.71E-08
6.71E-08
6.46E-08
6.85E-08
6.73E-08
6.73E-08
6.48E-08
6.5E-08
6.83E-08
6.5E-08
6.79E-08
6.75E-08
6.77E-08
6.71E-08
6.75E-08
6.56E-08
6.73E-08
6.77E-08
6.48E-08
6.75E-08
6.73E-08
6.71E-08
6.73E-08
6.69E-08
6.69E-08
6.44E-08
6.4E-08
6.67E-08
6.6E-08
6.42E-08
6.44E-08
6.42E-08
6.5E-08
6.52E-08
6.56E-08
6.42E-08
6.67E-08
6.46E-08
6.42E-08
6.77E-08
6.58E-08
6.29E-08
6.56E-08
6.52E-08
6.46E-08
6.52E-08
6.27E-08
6.54E-08
6.54E-08
6.42E-08
6.52E-08
6.5E-08
6.42E-08
6.65E-08
6.6E-08
6.52E-08
6.15E-08
6.54E-08
6.23E-08
6.48E-08
6.52E-08
6.48E-08
6.5E-08
6.25E-08
6.44E-08
6.25E-08
6.54E-08
6.25E-08
6.46E-08
6.25E-08
5.94E-08
6.27E-08
6.27E-08
6.31E-08
6.15E-08
6.31E-08
6.17E-08
6.29E-08
6E-08
6.25E-08
6.13E-08
6.25E-08
5.94E-08
6.27E-08
6.25E-08
5.98E-08
5.98E-08
6.23E-08
6.21E-08
6.23E-08
5.98E-08
5.96E-08
5.71E-08
6.04E-08
6.02E-08
6.08E-08
6.04E-08
6.17E-08
5.69E-08
6.04E-08
6.31E-08
5.96E-08
5.9E-08
6E-08
5.92E-08
5.94E-08
5.96E-08
5.92E-08
5.63E-08
5.77E-08
6E-08
6.02E-08
5.9E-08
6E-08
6.04E-08
6E-08
6.04E-08
6.02E-08
5.98E-08
6E-08
5.9E-08
6.04E-08
5.88E-08
5.9E-08
6.02E-08
5.77E-08
6.04E-08
6.04E-08
5.98E-08
5.88E-08
6.12E-08
5.69E-08
5.71E-08
5.71E-08
5.73E-08
5.71E-08
5.71E-08
5.77E-08
5.69E-08
5.79E-08
5.79E-08
5.79E-08
5.77E-08
5.69E-08
5.65E-08
5.52E-08
5.48E-08
5.56E-08
5.77E-08
5.73E-08
5.71E-08
5.46E-08
5.48E-08
5.56E-08
5.46E-08
5.46E-08
5.48E-08
5.44E-08
5.46E-08
5.46E-08
5.54E-08
5.67E-08
5.58E-08
5.19E-08
5.52E-08
5.52E-08
5.48E-08
5.29E-08
5.23E-08
5.52E-08
5.27E-08
5.48E-08
5.77E-08
5.33E-08
5.54E-08
5.21E-08
5.21E-08
5.5E-08
5.52E-08
5.54E-08
5.52E-08
5.5E-08
5.5E-08
5.25E-08
5.19E-08
5.21E-08
5.23E-08
5.46E-08
5.48E-08
5.23E-08
5.44E-08
5.19E-08
5.17E-08
5.27E-08
5.31E-08
5.04E-08
5.27E-08
5.21E-08
5.17E-08
5.08E-08
5.29E-08
5.21E-08
4.98E-08
4.98E-08
5.25E-08
5.23E-08
5.27E-08
5.29E-08
5.23E-08
5.02E-08
5.06E-08
4.98E-08
5.08E-08
5.08E-08
5.06E-08
4.98E-08
4.94E-08
4.98E-08
4.96E-08
4.98E-08
5.21E-08
5.25E-08
4.98E-08
5.31E-08
5.25E-08
4.96E-08
4.98E-08
4.71E-08
5.02E-08
4.92E-08
5.21E-08
5.08E-08
5.27E-08
5.08E-08
4.71E-08
5.02E-08
5E-08
5.02E-08
4.88E-08
4.79E-08
4.96E-08
4.85E-08
4.69E-08
5.02E-08
4.71E-08
5.06E-08
4.73E-08
4.67E-08
4.71E-08
4.77E-08
4.79E-08
4.77E-08
4.79E-08
4.73E-08
4.71E-08
4.77E-08
4.79E-08
4.4E-08
4.73E-08
4.75E-08
4.62E-08
4.48E-08
4.48E-08
4.58E-08
4.46E-08
4.77E-08
4.44E-08
4.79E-08
4.75E-08
4.48E-08
4.46E-08
4.52E-08
4.56E-08
4.58E-08
4.42E-08
4.54E-08
4.54E-08
4.5E-08
4.42E-08
4.15E-08
4.5E-08
4.31E-08
4.27E-08
4.35E-08
4.29E-08
4.58E-08
4.33E-08
4.5E-08
4.5E-08
4.58E-08
4.25E-08
4.44E-08
4.37E-08
4.33E-08
4.23E-08
4.29E-08
4.17E-08
4.48E-08
4.21E-08
4.37E-08
4.25E-08
4.17E-08
4.29E-08
3.94E-08
4.25E-08
3.92E-08
4E-08
4.29E-08
3.96E-08
4.25E-08
4E-08
4.06E-08
3.98E-08
3.98E-08
4.23E-08
3.98E-08
4.08E-08
4.02E-08
4.04E-08
4.04E-08
3.92E-08
3.96E-08
4.02E-08
4.06E-08
3.9E-08
3.94E-08
3.79E-08
3.73E-08
4.06E-08
3.96E-08
3.85E-08
3.79E-08
3.79E-08
3.83E-08
4.06E-08
3.73E-08
3.75E-08
3.81E-08
3.81E-08
3.69E-08
3.5E-08
3.77E-08
3.75E-08
3.46E-08
3.85E-08
3.52E-08
3.48E-08
3.73E-08
3.46E-08
3.58E-08
3.56E-08
3.54E-08
3.27E-08
3.56E-08
3.21E-08
3.23E-08
3.5E-08
3.29E-08
3.23E-08
3.21E-08
3.21E-08
3.33E-08
3.54E-08
3.31E-08
3.06E-08
3.29E-08
3.23E-08
3.25E-08
3.23E-08
3.21E-08
3.23E-08
2.96E-08
3.19E-08
3.21E-08
3.37E-08
3.37E-08
3.1E-08
2.94E-08
3.08E-08
3.04E-08
3.21E-08
3.21E-08
2.94E-08
2.94E-08
2.94E-08
2.81E-08
3E-08
2.98E-08
2.63E-08
2.71E-08
2.75E-08
3E-08
2.73E-08
2.73E-08
2.79E-08
2.83E-08
2.81E-08
2.67E-08
2.75E-08
3.04E-08
2.83E-08
2.77E-08
2.6E-08
2.73E-08
2.38E-08
2.75E-08
2.46E-08
2.5E-08
2.79E-08
2.19E-08
2.54E-08
2.46E-08
2.42E-08
2.5E-08
2.58E-08
2.44E-08
2.29E-08
2.23E-08
2.48E-08
2.4E-08
2.48E-08
2.21E-08
2.17E-08
2.23E-08
2.46E-08
2.33E-08
2.33E-08
2.29E-08
2.29E-08
2.21E-08
2.19E-08
2.25E-08
2.25E-08
2.27E-08
2.27E-08
2.04E-08
2E-08
2.27E-08
2.23E-08
2.21E-08
2.29E-08
1.98E-08
2.27E-08
2E-08
2E-08
1.98E-08
1.98E-08
2.25E-08
2.02E-08
2.27E-08
1.96E-08
1.96E-08
2.02E-08
2.06E-08
2.06E-08
1.94E-08
2.02E-08
1.75E-08
2.04E-08
1.73E-08
2.02E-08
1.88E-08
1.94E-08
1.79E-08
1.69E-08
2.04E-08
1.88E-08
1.75E-08
1.96E-08
1.77E-08
1.71E-08
1.79E-08
1.85E-08
1.77E-08
1.71E-08
1.69E-08
1.46E-08
1.77E-08
1.87E-08
1.87E-08
1.77E-08
1.69E-08
1.46E-08
2.04E-08
1.85E-08
1.77E-08
1.46E-08
1.71E-08
1.48E-08
1.79E-08
1.75E-08
1.77E-08
1.75E-08
1.38E-08
1.46E-08
1.81E-08
1.44E-08
1.77E-08
1.44E-08
1.46E-08
1.75E-08
1.38E-08
1.44E-08
1.48E-08
1.48E-08
1.5E-08
1.42E-08
1.69E-08
1.21E-08
1.5E-08
1.44E-08
1.54E-08
1.15E-08
1.52E-08
1.56E-08
1.27E-08
1.48E-08
1.54E-08
1.5E-08
1.21E-08
1.5E-08
1.54E-08
1.37E-08
1.27E-08
1.27E-08
1.23E-08
1.25E-08
1.58E-08
1.21E-08
1.23E-08
1.27E-08
1.48E-08
1.23E-08
1.44E-08
1.23E-08
9.2E-09
1.25E-08
1.19E-08
1.27E-08
1.27E-08
1.29E-08
1.25E-08
1.25E-08
1.25E-08
1E-08
1.04E-08
1E-08
9.6E-09
1.25E-08
9.6E-09
9.8E-09
1.21E-08
1.19E-08
1E-08
1E-08
9E-09
1.17E-08
9.4E-09
1.12E-08
1E-08
1E-08
6.5E-09
6.9E-09
7.1E-09
7.7E-09
7.5E-09
6.9E-09
6.7E-09
4E-09
7.9E-09
7.5E-09
8.1E-09
7.5E-09
7.5E-09
8.1E-09
6E-09
5.4E-09
4.2E-09
5E-09
5.4E-09
5E-09
5E-09
4E-09
7.5E-09
6.2E-09
4.8E-09
7.5E-09
8.1E-09
4.8E-09
4.8E-09
4.8E-09
4.8E-09
4.6E-09
-7.5E-09
-7.5E-09
7.1E-09
-5E-09
-5E-09
-8.1E-09
-8.1E-09
-5E-09
-5E-09
-7.5E-09
-5.4E-09
-4.2E-09
-6.7E-09
-7.1E-09
-7.1E-09
-5.6E-09
-4.4E-09
-4.4E-09
-6.9E-09
-8.3E-09
-4.6E-09
-6.7E-09
-8.5E-09
-8.3E-09
-7.1E-09
-6.2E-09
-7.1E-09
-7.5E-09
-7.3E-09
-7.5E-09
-4.8E-09
-7.1E-09
-7.7E-09
-7.7E-09
-7.3E-09
-7.5E-09
-7.7E-09
-9.8E-09
-7.9E-09
-7.5E-09
-7.9E-09
-9.8E-09
-7.9E-09
-7.1E-09
-7.9E-09
-7.1E-09
-1.02E-08
-7.9E-09
-7.3E-09
-9.8E-09
-7.5E-09
-7.1E-09
-7.5E-09
-6.5E-09
-7.3E-09
-7.7E-09
-7.3E-09
-7.5E-09
-7.7E-09
-1E-08
-7.7E-09
-1E-08
-7.9E-09
-7.5E-09
-7.5E-09
-9.2E-09
-1.02E-08
-1E-08
-7.1E-09
-7.9E-09
-6.9E-09
-9.6E-09
-7.3E-09
-1.29E-08
-7.3E-09
-1.02E-08
-8.1E-09
-9E-09
-1.04E-08
-1.06E-08
-1.04E-08
-7.3E-09
-9.2E-09
-1.02E-08
-7.5E-09
-6.9E-09
-1.04E-08
-1.29E-08
-1E-08
-1.04E-08
-1.02E-08
-1.29E-08
-1.06E-08
-1.06E-08
-1.02E-08
-1E-08
-1.21E-08
-1.31E-08
-9.8E-09
-1.04E-08
-1.23E-08
-1.21E-08
-9.4E-09
-1.02E-08
-1.21E-08
-9.4E-09
-9.8E-09
-9.8E-09
-1.06E-08
-1.19E-08
-1.29E-08
-1.23E-08
-1E-08
-1.21E-08
-1.29E-08
-1.48E-08
-1.29E-08
-1.15E-08
-1.25E-08
-1.5E-08
-1.48E-08
-1.58E-08
-1.29E-08
-1.62E-08
-1.52E-08
-1.56E-08
-1.46E-08
-1.5E-08
-1.5E-08
-1.46E-08
-1.23E-08
-1.25E-08
-1.4E-08
-1.38E-08
-1.46E-08
-1.33E-08
-1.44E-08
-1.56E-08
-1.71E-08
-1.27E-08
-1.21E-08
-1.31E-08
-1.31E-08
-1.21E-08
-1.48E-08
-1.25E-08
-1.15E-08
-1.23E-08
-1.48E-08
-1.48E-08
-1.48E-08
-1.46E-08
-1.52E-08
-1.44E-08
-1.29E-08
-1.29E-08
-1.4E-08
-1.29E-08
-9.8E-09
-1.38E-08
-1.31E-08
-1.17E-08
-9E-09
-1.21E-08
-1.25E-08
-1.4E-08
-1.21E-08
-1.52E-08
-1.33E-08
-1.48E-08
-1.21E-08
-1.29E-08
-1.15E-08
-9.2E-09
-1.29E-08
-1.29E-08
-1.37E-08
-1.27E-08
-1.29E-08
-1.48E-08
-1.23E-08
-1.62E-08
-1.46E-08
-1.33E-08
-1.38E-08
-1.48E-08
-1.48E-08
-1.23E-08
-1.27E-08
-1.69E-08
-1.5E-08
-1.44E-08
-1.48E-08
-1.52E-08
-1.35E-08
-1.44E-08
-1.21E-08
-1.52E-08
-1.5E-08
-1.27E-08
-1.56E-08
-1.46E-08
-1.46E-08
-1.48E-08
-1.58E-08
-1.5E-08
-1.29E-08
-1.31E-08
-1.38E-08
-1.33E-08
-1.54E-08
-1.46E-08
-1E-08
-1.46E-08
-1.21E-08
-1.42E-08
-1.29E-08
-1.54E-08
-1.27E-08
-1.5E-08
-1.21E-08
-1.15E-08
-1.25E-08
-1.48E-08
-1.5E-08
-1.29E-08
-1.5E-08
-1.33E-08
-1.56E-08
-1.44E-08
-1.23E-08
-1.15E-08
-1.27E-08
-1.35E-08
-1.13E-08
-1.29E-08
-1.23E-08
-1E-08
-1.21E-08
-1.31E-08
-1.27E-08
-1.29E-08
-1.31E-08
-1.23E-08
-1.52E-08
-1.29E-08
-1.33E-08
-1.23E-08
-1.06E-08
-1.06E-08
-1.21E-08
-1.27E-08
-1.21E-08
-1.31E-08
-1.21E-08
-1.25E-08
-1.27E-08
-1.33E-08
-1.04E-08
-1.27E-08
-1.29E-08
-1.04E-08
-1.23E-08
-1E-08
-9.8E-09
-1.31E-08
-9.8E-09
-9.8E-09
-1.15E-08
-1E-08
-9.8E-09
-1.31E-08
-1.02E-08
-9.2E-09
-1.02E-08
-1.12E-08
-1.27E-08
-1.29E-08
-9.6E-09
-1.06E-08
-1.02E-08
-1.02E-08
-1E-08
-7.7E-09
-1.31E-08
-1.04E-08
-7.5E-09
-9.4E-09
-9.2E-09
-1.02E-08
-1.1E-08
-1E-08
-7.7E-09
-1.02E-08
-1E-08
-7.1E-09
-7.7E-09
-9.2E-09
-9.8E-09
-1E-08
-8.1E-09
-9.2E-09
-1.02E-08
-9.6E-09
-7.7E-09
-1.04E-08
-7.5E-09
-1.06E-08
-7.9E-09
-1.06E-08
-7.7E-09
-9.4E-09
-7.9E-09
-7.7E-09
-7.7E-09
-7.3E-09
-6.5E-09
-6.5E-09
-9.8E-09
-1E-08
-1.02E-08
-7.7E-09
-1E-08
-7.7E-09
-6.5E-09
-7.9E-09
-1E-08
-7.5E-09
-1.02E-08
-7.9E-09
-7.5E-09
-9.8E-09
-7.7E-09
-9E-09
-7.9E-09
-7.3E-09
-7.3E-09
-7.5E-09
-7.1E-09
-8.5E-09
-7.7E-09
-7.7E-09
-7.1E-09
-7.7E-09
-7.7E-09
-7.1E-09
-9.8E-09
-7.7E-09
-7.7E-09
-7.1E-09
-7.5E-09
-5E-09
-7.1E-09
-7.5E-09
-1E-08
-7.5E-09
-7.3E-09
-7.3E-09
-6.9E-09
-7.7E-09
-7.3E-09
-4.8E-09
-7.1E-09
-7.1E-09
-8.3E-09
-7.7E-09
-7.3E-09
-7.3E-09
-4.6E-09
-4.6E-09
-7.1E-09
-7.3E-09
-7.5E-09
-4.8E-09
-7.1E-09
-8.5E-09
-7.3E-09
-7.3E-09
-5.8E-09
-6.9E-09
-7.3E-09
-8.3E-09
-7.3E-09
-4.6E-09
-7.1E-09
-7.3E-09
-7.1E-09
-8.5E-09
-8.5E-09
-6E-09
-7.1E-09
-8.3E-09
-7.3E-09
-8.5E-09
-7.1E-09
-5.8E-09
-7.1E-09
-5.6E-09
-7.1E-09
-8.3E-09
-8.1E-09
-4.6E-09
-8.1E-09
-4.6E-09
-6.9E-09
-8.3E-09
-7.5E-09
-7.1E-09
-7.1E-09
-5.8E-09
-7.5E-09
-7.9E-09
-7.5E-09
-7.9E-09
-4.6E-09
-6.9E-09
-4.6E-09
-7.5E-09
-5.4E-09
-8.1E-09
-8.1E-09
-7.5E-09
-7.1E-09
-5.8E-09
4.4E-09
-5E-09
-5.6E-09
-5E-09
-7.5E-09
8.1E-09
-7.5E-09
-7.5E-09
-7.5E-09
-7.5E-09
-4.4E-09
5.6E-09
-5E-09
5.8E-09
4.6E-09
-7.5E-09
-7.5E-09
6.9E-09
7.1E-09
4.8E-09
4.6E-09
8.3E-09
6.9E-09
4.8E-09
5.8E-09
7.3E-09
4.8E-09
8.5E-09
7.3E-09
7.3E-09
7.3E-09
7.3E-09
4.8E-09
7.3E-09
4.8E-09
6E-09
6.9E-09
5E-09
5.2E-09
4.4E-09
5E-09
5E-09
4.8E-09
7.5E-09
7.7E-09
5E-09
7.5E-09
4.8E-09
5E-09
7.9E-09
5E-09
7.3E-09
5.4E-09
4.2E-09
7.7E-09
7.1E-09
8.7E-09
8.3E-09
4.8E-09
5.2E-09
5.2E-09
7.7E-09
6.9E-09
7.3E-09
6.9E-09
7.5E-09
4.8E-09
5.2E-09
7.1E-09
5.4E-09
7.5E-09
4.6E-09
7.7E-09
7.5E-09
5.4E-09
4.8E-09
7.5E-09
5E-09
4.8E-09
7.9E-09
7.9E-09
7.3E-09
6.3E-09
8.7E-09
6.5E-09
5.4E-09
7.9E-09
4.2E-09
7.7E-09
7.3E-09
4.8E-09
7.3E-09
5.2E-09
5E-09
7.7E-09
7.7E-09
7.5E-09
7.7E-09
7.7E-09
7.7E-09
8.1E-09
7.9E-09
6.9E-09
7.9E-09
9.4E-09
8.3E-09
1.04E-08
8.3E-09
7.9E-09
6.9E-09
1.06E-08
6.9E-09
1.02E-08
7.3E-09
8.1E-09
7.3E-09
7.7E-09
7.1E-09
6.9E-09
7.3E-09
1.08E-08
1.1E-08
7.1E-09
8.3E-09
7.3E-09
7.3E-09
1.06E-08
6.9E-09
9.4E-09
7.3E-09
9.4E-09
7.3E-09
1.08E-08
1E-08
9.6E-09
8.5E-09
9.8E-09
7.5E-09
7.5E-09
7.3E-09
7.9E-09
6.9E-09
1E-08
7.7E-09
9.8E-09
1E-08
1E-08
9.8E-09
7.5E-09
9.8E-09
7.1E-09
9.8E-09
1.04E-08
7.5E-09
9.8E-09
9.6E-09
1.02E-08
7.3E-09
9.8E-09
1.02E-08
9.8E-09
1.02E-08
1.02E-08
9.8E-09
7.9E-09
1E-08
7.3E-09
1.02E-08
1.21E-08
9.4E-09
1.04E-08
9.8E-09
1.04E-08
9.4E-09
9.4E-09
9.6E-09
9.4E-09
8.3E-09
1.04E-08
1E-08
1.31E-08
1.08E-08
9.6E-09
9.4E-09
9.4E-09
1.08E-08
1.04E-08
9.8E-09
9.6E-09
9.6E-09
9.4E-09
1.25E-08
1.27E-08
1.12E-08
1.23E-08
1.29E-08
1.25E-08
1.06E-08
1.21E-08
1E-08
1.29E-08
1.29E-08
1.17E-08
1.02E-08
1.04E-08
1.31E-08
1.33E-08
1.31E-08
1.21E-08
1.58E-08
1.19E-08
1.19E-08
1.33E-08
1.31E-08
1.33E-08
1.33E-08
1.23E-08
1.33E-08
1.21E-08
1.5E-08
1.52E-08
1.6E-08
1.25E-08
1.27E-08
1.27E-08
1.27E-08
1.5E-08
1.77E-08
1.33E-08
1.52E-08
1.27E-08
1.54E-08
1.65E-08
1.46E-08
1.48E-08
1.56E-08
1.54E-08
1.58E-08
1.85E-08
1.46E-08
1.79E-08
1.83E-08
1.73E-08
1.65E-08
1.5E-08
1.81E-08
1.73E-08
1.42E-08
1.79E-08
1.81E-08
1.67E-08
1.67E-08
1.65E-08
1.75E-08
1.5E-08
1.81E-08
1.42E-08
1.5E-08
1.79E-08
1.69E-08
1.73E-08
1.79E-08
1.83E-08
2.06E-08
1.71E-08
2.04E-08
1.71E-08
1.77E-08
1.79E-08
1.69E-08
1.75E-08
1.67E-08
1.79E-08
1.81E-08
1.71E-08
1.83E-08
1.79E-08
1.73E-08
1.79E-08
1.83E-08
1.94E-08
1.71E-08
1.75E-08
1.71E-08
1.69E-08
2.06E-08
1.77E-08
2.08E-08
1.71E-08
1.77E-08
1.79E-08
2.02E-08
1.85E-08
1.73E-08
1.69E-08
1.71E-08
1.77E-08
1.79E-08
1.73E-08
2.04E-08
1.83E-08
1.67E-08
1.67E-08
1.73E-08
1.77E-08
1.79E-08
1.77E-08
1.81E-08
1.67E-08
2.04E-08
1.85E-08
1.73E-08
1.75E-08
1.67E-08
1.75E-08
1.83E-08
1.69E-08
1.77E-08
1.96E-08
1.48E-08
1.79E-08
1.81E-08
1.79E-08
1.79E-08
1.71E-08
1.81E-08
2E-08
1.85E-08
2E-08
1.87E-08
1.77E-08
1.71E-08
1.71E-08
1.96E-08
1.79E-08
1.73E-08
2.04E-08
2.02E-08
1.65E-08
1.75E-08
1.73E-08
1.73E-08
2.02E-08
2.04E-08
2.1E-08
1.98E-08
2.27E-08
2.08E-08
1.94E-08
2E-08
2.02E-08
2.02E-08
2.02E-08
1.9E-08
2.02E-08
2.25E-08
1.69E-08
2.29E-08
2.08E-08
2.19E-08
1.96E-08
2.04E-08
2.02E-08
2.04E-08
2.1E-08
1.9E-08
1.79E-08
2.02E-08
2.06E-08
2E-08
2.02E-08
1.98E-08
2.02E-08
2.31E-08
2.08E-08
2.02E-08
1.67E-08
2.06E-08
2.06E-08
1.83E-08
2.29E-08
1.96E-08
2.17E-08
2.27E-08
2.21E-08
2.19E-08
2.1E-08
2.08E-08
1.98E-08
1.98E-08
2.23E-08
2.25E-08
2.27E-08
1.98E-08
2.02E-08
2.27E-08
2.29E-08
1.98E-08
1.96E-08
2.21E-08
2.29E-08
2.29E-08
2.27E-08
2.35E-08
2.27E-08
2.29E-08
2.42E-08
1.94E-08
2.31E-08
2.25E-08
2.23E-08
2.29E-08
2.29E-08
2.29E-08
2.27E-08
2.44E-08
2.35E-08
2.29E-08
2.21E-08
2.23E-08
2.23E-08
2.25E-08
2.29E-08
2.19E-08
2.23E-08
2.46E-08
2.6E-08
2.29E-08
2.35E-08
2.31E-08
2.5E-08
2.6E-08
2.54E-08
2.48E-08
2.23E-08
2.56E-08
2.5E-08
2.58E-08
2.52E-08
2.58E-08
2.5E-08
2.4E-08
2.52E-08
2.23E-08
2.46E-08
2.52E-08
2.42E-08
2.54E-08
2.44E-08
2.54E-08
2.5E-08
2.46E-08
2.54E-08
2.23E-08
2.52E-08
2.17E-08
2.54E-08
2.5E-08
2.48E-08
2.46E-08
2.46E-08
2.71E-08
2.44E-08
2.5E-08
2.75E-08
2.46E-08
2.48E-08
2.83E-08
2.5E-08
2.5E-08
2.54E-08
2.5E-08
2.52E-08
2.52E-08
2.85E-08
2.42E-08
2.73E-08
2.77E-08
2.71E-08
2.79E-08
2.65E-08
2.54E-08
2.75E-08
2.81E-08
2.56E-08
2.79E-08
2.69E-08
2.73E-08
2.79E-08
3E-08
2.98E-08
3.1E-08
3.1E-08
3.08E-08
2.71E-08
2.73E-08
2.96E-08
2.75E-08
2.69E-08
3E-08
2.67E-08
2.98E-08
2.75E-08
3.02E-08
3.02E-08
2.96E-08
2.81E-08
3E-08
3.02E-08
3.06E-08
2.94E-08
3.04E-08
2.92E-08
3.02E-08
2.92E-08
3.04E-08
3.06E-08
2.96E-08
2.9E-08
3.06E-08
2.96E-08
2.94E-08
2.94E-08
2.96E-08
2.94E-08
3.17E-08
3.06E-08
3.19E-08
2.94E-08
3.06E-08
2.9E-08
2.96E-08
2.96E-08
3.02E-08
3.06E-08
3.02E-08
3.33E-08
3.08E-08
2.94E-08
3.06E-08
2.96E-08
2.94E-08
2.96E-08
2.94E-08
2.94E-08
3.06E-08
3.21E-08
2.96E-08
3.23E-08
2.98E-08
3E-08
3E-08
2.98E-08
3.27E-08
3.23E-08
3.27E-08
3.02E-08
3.31E-08
3.02E-08
3.25E-08
3.19E-08
3.19E-08
3.44E-08
3.33E-08
3.21E-08
3.29E-08
3.19E-08
3.21E-08
3.46E-08
3.46E-08
3.21E-08
3.23E-08
3.5E-08
3.15E-08
3.27E-08
3.25E-08
3.25E-08
3.48E-08
3.5E-08
3.54E-08
3.5E-08
3.52E-08
3.77E-08
3.44E-08
3.44E-08
3.52E-08
3.42E-08
3.5E-08
3.42E-08
3.4E-08
3.83E-08
3.56E-08
3.5E-08
3.48E-08
3.54E-08
3.54E-08
3.52E-08
3.44E-08
3.52E-08
3.46E-08
3.5E-08
3.5E-08
3.56E-08
3.46E-08
3.85E-08
3.69E-08
3.48E-08
3.71E-08
3.77E-08
3.38E-08
3.71E-08
3.75E-08
3.48E-08
3.73E-08
3.75E-08
3.79E-08
3.71E-08
3.77E-08
3.81E-08
3.9E-08
3.85E-08
3.73E-08
3.81E-08
4.04E-08
3.85E-08
3.79E-08
3.71E-08
3.71E-08
3.69E-08
3.73E-08
3.96E-08
3.87E-08
3.71E-08
3.98E-08
3.65E-08
3.73E-08
3.98E-08
3.98E-08
3.98E-08
4.04E-08
3.9E-08
3.98E-08
3.87E-08
4E-08
3.75E-08
4E-08
3.79E-08
3.75E-08
4E-08
4.04E-08
4E-08
3.98E-08
3.67E-08
3.98E-08
4.04E-08
4.04E-08
4.04E-08
4.02E-08
3.67E-08
3.79E-08
4.04E-08
4E-08
3.79E-08
3.98E-08
3.9E-08
3.96E-08
3.92E-08
4.25E-08
4.06E-08
4E-08
4.02E-08
4.21E-08
3.98E-08
4.04E-08
4.06E-08
4.25E-08
4E-08
4.29E-08
4.08E-08
3.96E-08
4.08E-08
4.08E-08
4.1E-08
4.27E-08
4.12E-08
4.04E-08
3.94E-08
4.23E-08
3.96E-08
3.96E-08
3.98E-08
4.08E-08
4.17E-08
3.96E-08
3.98E-08
3.96E-08
4.04E-08
4.21E-08
4E-08
4.06E-08
4.23E-08
4.21E-08
4.5E-08
4.33E-08
3.96E-08
4.21E-08
4.15E-08
4E-08
4.27E-08
4.25E-08
4.27E-08
4.33E-08
4.02E-08
4.29E-08
4.31E-08
4.27E-08
4.15E-08
4.19E-08
4.27E-08
3.94E-08
4.29E-08
4.29E-08
4.29E-08
4.23E-08
4.21E-08
4.58E-08
4.48E-08
4.56E-08
4.15E-08
4.35E-08
4.5E-08
4.54E-08
4.52E-08
4.13E-08
4.23E-08
4.46E-08
4.15E-08
4.73E-08
4.58E-08
4.44E-08
4.81E-08
4.44E-08
4.46E-08
4.48E-08
4.46E-08
4.44E-08
4.75E-08
4.73E-08
4.5E-08
4.46E-08
4.73E-08
4.77E-08
4.44E-08
4.75E-08
4.5E-08
4.83E-08
4.52E-08
4.75E-08
4.5E-08
4.85E-08
4.79E-08
4.87E-08
4.73E-08
4.75E-08
4.79E-08
4.46E-08
4.5E-08
4.77E-08
4.81E-08
4.69E-08
4.52E-08
4.75E-08
4.79E-08
4.5E-08
4.73E-08
4.52E-08
4.77E-08
4.77E-08
4.81E-08
5.04E-08
4.83E-08
4.75E-08
4.81E-08
5.06E-08
4.83E-08
5.02E-08
4.77E-08
5.1E-08
5.06E-08
5.02E-08
5E-08
4.73E-08
5.02E-08
5.02E-08
5.02E-08
4.92E-08
5.08E-08
4.92E-08
5.19E-08
5.23E-08
5E-08
5.21E-08
4.98E-08
4.98E-08
5.27E-08
4.88E-08
5E-08
5.23E-08
5.29E-08
5.29E-08
5.27E-08
5.19E-08
5.31E-08
5.25E-08
5.33E-08
4.92E-08
5.31E-08
5.23E-08
5.23E-08
5.19E-08
5.23E-08
5.25E-08
5.21E-08
5.44E-08
5.46E-08
5.23E-08
5.44E-08
5.5E-08
5.25E-08
5.48E-08
5.37E-08
5.19E-08
5.5E-08
5.5E-08
5.4E-08
5.27E-08
5.5E-08
5.52E-08
5.46E-08
5.6E-08
5.71E-08
5.44E-08
5.81E-08
5.48E-08
5.42E-08
5.44E-08
5.46E-08
5.83E-08
5.5E-08
5.73E-08
5.77E-08
5.85E-08
5.73E-08
5.75E-08
5.62E-08
5.75E-08
5.67E-08
5.6E-08
5.5E-08
5.52E-08
5.73E-08
5.79E-08
5.77E-08
5.48E-08
5.6E-08
5.5E-08
5.73E-08
5.75E-08
5.77E-08
5.5E-08
5.71E-08
5.79E-08
5.65E-08
5.77E-08
5.79E-08
5.77E-08
5.77E-08
5.62E-08
5.73E-08
5.77E-08
5.77E-08
5.52E-08
5.77E-08
5.46E-08
5.75E-08
5.73E-08
5.77E-08
5.81E-08
5.73E-08
5.75E-08
5.65E-08
5.67E-08
5.67E-08
5.75E-08
5.67E-08
5.42E-08
5.56E-08
5.77E-08
5.79E-08
5.81E-08
5.79E-08
5.77E-08
5.81E-08
5.79E-08
5.96E-08
5.6E-08
5.77E-08
5.44E-08
5.5E-08
5.77E-08
5.54E-08
5.77E-08
5.79E-08
5.75E-08
5.79E-08
5.56E-08
5.52E-08
5.52E-08
5.75E-08
5.77E-08
5.67E-08
5.71E-08
5.67E-08
5.42E-08
5.81E-08
5.75E-08
5.73E-08
5.73E-08
5.77E-08
5.54E-08
5.77E-08
5.46E-08
5.73E-08
5.65E-08
5.73E-08
5.42E-08
5.73E-08
5.73E-08
5.42E-08
5.73E-08
5.71E-08
5.79E-08
5.52E-08
5.52E-08
5.46E-08
5.46E-08
5.75E-08
5.48E-08
5.5E-08
5.5E-08
5.52E-08
5.56E-08
5.73E-08
5.75E-08
5.83E-08
5.83E-08
5.73E-08
5.5E-08
5.54E-08
5.6E-08
5.58E-08
5.44E-08
5.52E-08
5.46E-08
5.48E-08
5.44E-08
5.31E-08
5.25E-08
5.54E-08
5.52E-08
5.77E-08
5.56E-08
5.44E-08
5.5E-08
5.42E-08
5.42E-08
5.44E-08
5.52E-08
5.42E-08
5.21E-08
5.52E-08
5.23E-08
5.48E-08
5.46E-08
5.46E-08
5.5E-08
5.23E-08
5.25E-08
5.58E-08
5.27E-08
5.52E-08
5.62E-08
5.23E-08
5.44E-08
5.25E-08
5.48E-08
5.5E-08
5.46E-08
5.25E-08
5.21E-08
5.5E-08
5.6E-08
5.23E-08
5.33E-08
5.21E-08
5.19E-08
5.25E-08
5.27E-08
5.19E-08
5.19E-08
5.25E-08
5.19E-08
5.19E-08
5.21E-08
5.29E-08
5.29E-08
5.27E-08
5.29E-08
5.29E-08
5.08E-08
5.27E-08
5.29E-08
5.27E-08
4.9E-08
4.98E-08
5.21E-08
5.31E-08
5.19E-08
5.27E-08
5.04E-08
5.33E-08
5.06E-08
5.25E-08
5.25E-08
4.92E-08
5.35E-08
5.04E-08
5.29E-08
4.96E-08
4.96E-08
4.96E-08
5.02E-08
4.96E-08
4.96E-08
5.02E-08
4.96E-08
4.98E-08
4.94E-08
5.02E-08
5.29E-08
5.1E-08
5.06E-08
5.04E-08
5.21E-08
5E-08
5.23E-08
4.94E-08
4.94E-08
4.92E-08
5.06E-08
5.06E-08
5E-08
5.04E-08
4.94E-08
5.02E-08
5.04E-08
5.02E-08
4.96E-08
4.67E-08
5E-08
4.92E-08
5.02E-08
4.67E-08
5E-08
4.94E-08
4.92E-08
4.98E-08
5E-08
4.77E-08
4.98E-08
4.69E-08
4.71E-08
5E-08
4.92E-08
5E-08
4.98E-08
5E-08
4.75E-08
5.06E-08
4.96E-08
5.04E-08
5.02E-08
5E-08
4.75E-08
5E-08
5.1E-08
5.02E-08
4.75E-08
5E-08
5.02E-08
4.98E-08
4.79E-08
5E-08
4.77E-08
5.06E-08
4.75E-08
5.04E-08
5E-08
5.12E-08
4.75E-08
4.69E-08
4.81E-08
5E-08
5.1E-08
4.79E-08
5.08E-08
5.12E-08
5.12E-08
5.08E-08
4.73E-08
4.71E-08
4.77E-08
4.75E-08
4.69E-08
5.02E-08
4.71E-08
4.73E-08
4.79E-08
4.94E-08
4.63E-08
4.73E-08
4.75E-08
4.81E-08
4.65E-08
4.81E-08
4.69E-08
4.73E-08
4.75E-08
4.75E-08
4.81E-08
5.04E-08
4.75E-08
5.06E-08
4.71E-08
4.71E-08
4.98E-08
4.79E-08
4.77E-08
4.81E-08
4.69E-08
5.04E-08
4.71E-08
4.73E-08
5.1E-08
4.69E-08
4.65E-08
4.77E-08
4.98E-08
5.1E-08
4.69E-08
4.65E-08
4.44E-08
4.75E-08
4.75E-08
4.75E-08
4.54E-08
4.75E-08
4.85E-08
4.63E-08
4.75E-08
4.56E-08
4.81E-08
4.67E-08
5E-08
4.85E-08
4.75E-08
4.77E-08
4.79E-08
4.79E-08
4.77E-08
4.85E-08
4.48E-08
4.75E-08
4.52E-08
4.75E-08
4.48E-08
4.56E-08
4.46E-08
4.46E-08
4.81E-08
4.44E-08
4.46E-08
4.46E-08
4.48E-08
4.77E-08
4.38E-08
4.46E-08
4.75E-08
4.48E-08
4.75E-08
4.48E-08
4.73E-08
4.75E-08
4.71E-08
4.48E-08
4.42E-08
4.75E-08
4.5E-08
4.69E-08
4.73E-08
4.58E-08
4.69E-08
4.5E-08
4.85E-08
4.5E-08
4.48E-08
4.69E-08
4.85E-08
4.5E-08
4.83E-08
4.65E-08
4.71E-08
4.44E-08
4.44E-08
4.48E-08
4.5E-08
4.73E-08
4.5E-08
4.48E-08
4.73E-08
4.67E-08
4.54E-08
4.79E-08
4.58E-08
4.71E-08
4.69E-08
4.6E-08
4.71E-08
4.5E-08
4.5E-08
4.46E-08
4.56E-08
4.75E-08
4.83E-08
4.46E-08
4.54E-08
4.77E-08
4.5E-08
4.79E-08
4.5E-08
4.46E-08
4.85E-08
4.48E-08
4.44E-08
4.46E-08
4.46E-08
4.21E-08
4.56E-08
4.42E-08
4.46E-08
4.58E-08
4.54E-08
4.56E-08
4.5E-08
4.4E-08
4.38E-08
4.38E-08
4.65E-08
4.46E-08
4.5E-08
4.46E-08
4.31E-08
4.5E-08
4.52E-08
4.42E-08
4.52E-08
4.48E-08
4.42E-08
4.58E-08
4.54E-08
4.19E-08
4.54E-08
4.21E-08
4.46E-08
4.52E-08
4.46E-08
4.52E-08
4.19E-08
4.54E-08
4.5E-08
4.48E-08
4.69E-08
4.58E-08
4.13E-08
4.44E-08
4.54E-08
4.4E-08
4.25E-08
4.56E-08
4.4E-08
4.27E-08
4.5E-08
4.46E-08
4.25E-08
4.33E-08
4.29E-08
4.23E-08
4.25E-08
4.48E-08
4.48E-08
4.19E-08
4.48E-08
4.25E-08
4.23E-08
4.21E-08
4.58E-08
4.21E-08
4.46E-08
4.25E-08
4.19E-08
4.21E-08
4.44E-08
4.27E-08
4.48E-08
4.17E-08
4.5E-08
4.46E-08
4.15E-08
4.21E-08
4.48E-08
4.52E-08
4.44E-08
4.15E-08
4.44E-08
4.33E-08
4.35E-08
4.44E-08
4.29E-08
4.48E-08
4.23E-08
4.19E-08
4.27E-08
4.21E-08
4.44E-08
4.54E-08
4.33E-08
4.21E-08
4.21E-08
4.29E-08
4.19E-08
4.19E-08
4.56E-08
4.21E-08
4.21E-08
4.5E-08
4.37E-08
4.27E-08
4.17E-08
4.46E-08
4.21E-08
4.31E-08
4.29E-08
4.21E-08
4.44E-08
4.19E-08
4.33E-08
4.19E-08
4.15E-08
4.21E-08
4.29E-08
4.31E-08
4.17E-08
4.29E-08
4.54E-08
4.19E-08
4.48E-08
4.35E-08
4.17E-08
4.54E-08
4.25E-08
4.31E-08
4.25E-08
4.23E-08
4.29E-08
4.21E-08
4.25E-08
4.15E-08
4.27E-08
4.19E-08
4.06E-08
4.25E-08
4.23E-08
4.29E-08
4.17E-08
4.04E-08
4.27E-08
4.04E-08
4.25E-08
4.17E-08
4.04E-08
3.98E-08
4.27E-08
3.94E-08
3.98E-08
3.96E-08
4.23E-08
4.33E-08
3.94E-08
4.17E-08
4.23E-08
4.08E-08
4.06E-08
4.23E-08
3.94E-08
4E-08
4.06E-08
3.92E-08
4.06E-08
3.94E-08
3.94E-08
4.17E-08
3.94E-08
3.98E-08
3.96E-08
4.04E-08
4.02E-08
4.02E-08
4E-08
4.02E-08
4.06E-08
3.88E-08
4.04E-08
4.02E-08
3.96E-08
4.04E-08
3.65E-08
4.02E-08
4.04E-08
4E-08
4.02E-08
4E-08
3.96E-08
3.63E-08
3.98E-08
3.94E-08
4.02E-08
4.12E-08
3.98E-08
3.75E-08
3.96E-08
3.63E-08
4E-08
3.65E-08
4E-08
3.75E-08
3.69E-08
3.77E-08
3.85E-08
3.98E-08
3.98E-08
3.71E-08
3.98E-08
3.75E-08
3.79E-08
3.73E-08
4.04E-08
3.83E-08
3.71E-08
3.71E-08
4.08E-08
3.69E-08
3.83E-08
3.77E-08
3.71E-08
3.79E-08
3.71E-08
3.5E-08
3.79E-08
3.77E-08
3.77E-08
3.63E-08
3.77E-08
3.69E-08
3.48E-08
3.75E-08
3.81E-08
3.48E-08
3.75E-08
3.44E-08
3.71E-08
3.54E-08
3.52E-08
3.71E-08
3.48E-08
3.75E-08
3.85E-08
3.79E-08
3.75E-08
3.48E-08
3.48E-08
3.5E-08
3.5E-08
3.75E-08
3.56E-08
3.58E-08
3.85E-08
3.54E-08
3.77E-08
3.71E-08
3.87E-08
3.77E-08
3.62E-08
3.52E-08
3.5E-08
3.48E-08
3.73E-08
3.48E-08
3.48E-08
3.71E-08
3.5E-08
3.75E-08
3.63E-08
3.75E-08
3.48E-08
3.48E-08
3.48E-08
3.6E-08
3.71E-08
3.52E-08
3.48E-08
3.56E-08
3.71E-08
3.46E-08
3.71E-08
3.46E-08
3.48E-08
3.65E-08
3.75E-08
3.46E-08
3.46E-08
3.4E-08
3.46E-08
3.56E-08
3.81E-08
3.44E-08
3.46E-08
3.46E-08
3.46E-08
3.54E-08
3.69E-08
3.5E-08
3.5E-08
3.46E-08
3.44E-08
3.44E-08
3.71E-08
3.6E-08
3.46E-08
3.54E-08
3.42E-08
3.71E-08
3.58E-08
3.79E-08
3.44E-08
3.5E-08
3.54E-08
3.44E-08
3.48E-08
3.56E-08
3.42E-08
3.42E-08
3.71E-08
3.33E-08
3.75E-08
3.19E-08
3.5E-08
3.29E-08
3.54E-08
3.56E-08
3.52E-08
3.54E-08
3.44E-08
3.27E-08
3.25E-08
3.52E-08
3.27E-08
3.23E-08
3.52E-08
3.19E-08
3.21E-08
3.48E-08
3.54E-08
3.46E-08
3.23E-08
3.5E-08
3.27E-08
3.21E-08
3.23E-08
3.21E-08
3.46E-08
3.27E-08
3.48E-08
3.5E-08
3.19E-08
3.48E-08
3.48E-08
3.38E-08
3.19E-08
3.44E-08
3.21E-08
3.35E-08
3.46E-08
3.44E-08
3.35E-08
3.29E-08
3.35E-08
3.5E-08
3.48E-08
3.23E-08
3.29E-08
3.48E-08
3.23E-08
3.48E-08
3.6E-08
3.19E-08
3.17E-08
3.21E-08
3.06E-08
3.29E-08
3.06E-08
3.54E-08
3.19E-08
3.19E-08
3.29E-08
3.31E-08
3.02E-08
3.25E-08
3E-08
3.25E-08
3E-08
2.98E-08
3.23E-08
3E-08
2.98E-08
3.27E-08
3.19E-08
2.98E-08
3E-08
2.96E-08
3.33E-08
3.25E-08
2.96E-08
3.23E-08
3.37E-08
2.96E-08
3.31E-08
2.94E-08
2.98E-08
2.96E-08
3.02E-08
3.06E-08
3E-08
3.19E-08
2.98E-08
3E-08
3.02E-08
3.02E-08
3.06E-08
3.31E-08
2.94E-08
2.94E-08
3E-08
3.02E-08
3.04E-08
2.98E-08
3.02E-08
3E-08
3.08E-08
3.02E-08
2.96E-08
2.92E-08
2.87E-08
2.77E-08
3.04E-08
3.04E-08
2.77E-08
3E-08
3.12E-08
2.9E-08
3.12E-08
2.79E-08
3.06E-08
2.92E-08
2.94E-08
3.02E-08
3.04E-08
2.98E-08
2.94E-08
3.21E-08
2.94E-08
3.02E-08
2.96E-08
3.04E-08
2.92E-08
3.06E-08
3.04E-08
3.04E-08
2.96E-08
3.02E-08
2.94E-08
3.06E-08
3E-08
2.92E-08
3E-08
3.08E-08
3.06E-08
2.98E-08
3.08E-08
3.04E-08
3.04E-08
3.02E-08
2.98E-08
3.02E-08
2.98E-08
2.94E-08
3.02E-08
3.04E-08
3.08E-08
2.79E-08
3.04E-08
3.31E-08
3.08E-08
3.06E-08
2.9E-08
3.04E-08
2.98E-08
2.94E-08
3.04E-08
2.92E-08
2.92E-08
3.04E-08
3.04E-08
2.79E-08
2.77E-08
3.04E-08
2.79E-08
3.02E-08
3.02E-08
3.04E-08
2.75E-08
2.75E-08
3.04E-08
3.02E-08
3.02E-08
3.04E-08
2.9E-08
2.79E-08
3.04E-08
2.69E-08
3.02E-08
2.94E-08
2.92E-08
2.92E-08
3.04E-08
3.12E-08
2.92E-08
3E-08
3E-08
3E-08
3.04E-08
3.04E-08
3.04E-08
3.04E-08
2.92E-08
2.81E-08
2.79E-08
2.77E-08
3.02E-08
2.77E-08
2.79E-08
2.98E-08
3.02E-08
3.04E-08
2.75E-08
3E-08
3.02E-08
2.9E-08
3.02E-08
2.75E-08
3.02E-08
2.65E-08
3.04E-08
2.79E-08
3.06E-08
2.73E-08
2.75E-08
3E-08
2.94E-08
3.04E-08
2.9E-08
3.02E-08
3.02E-08
3.02E-08
3.04E-08
2.96E-08
2.9E-08
2.75E-08
2.98E-08
3.12E-08
2.96E-08
2.9E-08
2.96E-08
2.75E-08
3E-08
2.75E-08
2.73E-08
3.04E-08
2.69E-08
2.94E-08
2.96E-08
2.71E-08
3.08E-08
3.08E-08
2.69E-08
2.81E-08
2.77E-08
2.48E-08
2.75E-08
2.77E-08
2.77E-08
2.75E-08
2.67E-08
2.67E-08
2.67E-08
2.71E-08
2.5E-08
2.75E-08
2.77E-08
2.71E-08
2.5E-08
2.73E-08
2.65E-08
2.75E-08
2.48E-08
2.5E-08
2.73E-08
2.67E-08
2.52E-08
2.71E-08
2.75E-08
2.58E-08
2.83E-08
2.85E-08
2.46E-08
2.42E-08
2.5E-08
2.75E-08
2.48E-08
2.79E-08
2.75E-08
2.75E-08
2.73E-08
2.44E-08
2.58E-08
2.54E-08
2.48E-08
2.75E-08
2.46E-08
2.48E-08
2.44E-08
2.44E-08
2.5E-08
2.52E-08
2.52E-08
2.52E-08
2.48E-08
2.17E-08
2.52E-08
2.23E-08
2.31E-08
2.46E-08
2.54E-08
2.27E-08
2.5E-08
2.21E-08
2.48E-08
2.13E-08
2.21E-08
2.48E-08
2.23E-08
2.31E-08
2.44E-08
2.56E-08
2.21E-08
2.21E-08
2.19E-08
2.5E-08
2.23E-08
2.21E-08
2.15E-08
2.31E-08
2.25E-08
2.29E-08
2.29E-08
2.25E-08
2.25E-08
2.23E-08
2.44E-08
2.19E-08
2.17E-08
2.19E-08
2.33E-08
2.17E-08
2E-08
2E-08
2.04E-08
1.96E-08
2E-08
2.31E-08
2E-08
2.23E-08
1.98E-08
1.98E-08
2.27E-08
2.33E-08
2.04E-08
2.02E-08
2.04E-08
2.35E-08
2.1E-08
1.92E-08
2.15E-08
1.96E-08
1.92E-08
1.96E-08
1.92E-08
1.98E-08
1.94E-08
2.19E-08
2.1E-08
1.94E-08
1.98E-08
1.79E-08
2.02E-08
1.94E-08
1.77E-08
1.77E-08
2.02E-08
1.69E-08
2.06E-08
2E-08
1.73E-08
1.75E-08
2E-08
1.98E-08
2.02E-08
2.17E-08
1.83E-08
1.73E-08
1.94E-08
1.79E-08
1.96E-08
1.75E-08
2.02E-08
1.71E-08
1.77E-08
2E-08
1.98E-08
2.02E-08
2.04E-08
1.79E-08
1.83E-08
1.73E-08
1.75E-08
1.73E-08
1.75E-08
1.83E-08
1.79E-08
1.9E-08
1.85E-08
1.71E-08
2.06E-08
1.75E-08
1.83E-08
2E-08
1.69E-08
1.75E-08
1.73E-08
1.79E-08
1.77E-08
2.08E-08
1.71E-08
1.75E-08
1.46E-08
1.77E-08
1.73E-08
1.96E-08
1.69E-08
1.5E-08
1.79E-08
1.75E-08
1.94E-08
1.83E-08
1.83E-08
1.77E-08
1.77E-08
1.69E-08
1.4E-08
1.5E-08
1.73E-08
1.5E-08
1.71E-08
1.71E-08
1.48E-08
1.58E-08
1.73E-08
1.83E-08
1.71E-08
1.69E-08
1.5E-08
1.69E-08
1.48E-08
1.46E-08
1.54E-08
1.44E-08
1.52E-08
1.46E-08
1.44E-08
1.56E-08
1.56E-08
1.46E-08
1.44E-08
1.54E-08
1.56E-08
1.58E-08
1.46E-08
1.79E-08
1.6E-08
1.44E-08
1.5E-08
1.27E-08
1.48E-08
1.25E-08
1.52E-08
1.25E-08
1.52E-08
1.25E-08
1.48E-08
1.21E-08
1.21E-08
1.25E-08
1.21E-08
1.19E-08
1.42E-08
1.33E-08
1.46E-08
1.21E-08
1.06E-08
1.52E-08
1.19E-08
1.33E-08
1.33E-08
1.29E-08
1.27E-08
1.23E-08
1.17E-08
1.54E-08
1.06E-08
1.27E-08
1.27E-08
1.27E-08
9.6E-09
1.25E-08
1.27E-08
1.29E-08
1.23E-08
1.02E-08
1E-08
1.27E-08
1E-08
1.02E-08
1.25E-08
1.23E-08
1.29E-08
1.02E-08
1.25E-08
1.21E-08
9E-09
1.08E-08
1.23E-08
1.23E-08
9.6E-09
9.6E-09
1.21E-08
9.6E-09
9.4E-09
9.6E-09
1.06E-08
9.2E-09
9.8E-09
9E-09
9.4E-09
9E-09
1.06E-08
1.31E-08
9.4E-09
8.5E-09
7.5E-09
1.02E-08
9.2E-09
1E-08
9.2E-09
1.04E-08
8.7E-09
7.5E-09
7.3E-09
7.9E-09
9.4E-09
9.4E-09
7.3E-09
7.5E-09
7.3E-09
7.5E-09
8.3E-09
1E-08
1.12E-08
1.08E-08
9.8E-09
7.3E-09
7.5E-09
8.1E-09
7.3E-09
9.4E-09
9.8E-09
8.5E-09
7.5E-09
6.9E-09
7.3E-09
7.1E-09
7.9E-09
9.8E-09
8.3E-09
7.9E-09
7.5E-09
6.9E-09
7.5E-09
7.7E-09
7.1E-09
6.5E-09
4.8E-09
7.5E-09
2.5E-09
5.4E-09
7.7E-09
7.5E-09
6.3E-09
6E-09
4E-09
5.2E-09
7.3E-09
5E-09
5E-09
6.2E-09
4.8E-09
4.8E-09
4.8E-09
7.5E-09
5E-09
4.8E-09
4.8E-09
6.2E-09
8.5E-09
4.6E-09
4.8E-09
-7.5E-09
7.1E-09
-7.5E-09
-5E-09
4.4E-09
-6.5E-09
-7.5E-09
-7.5E-09
-7.1E-09
-5E-09
-5E-09
-7.5E-09
-7.5E-09
-8.1E-09
-5.6E-09
-6.7E-09
-5.6E-09
-6.9E-09
-6E-09
-6.9E-09
-7.3E-09
-5E-09
-7.1E-09
-4.8E-09
-6.9E-09
-4.8E-09
-6.9E-09
-4.6E-09
-7.1E-09
-8.5E-09
-7.3E-09
-7.3E-09
-7.3E-09
-7.1E-09
-7.1E-09
-7.7E-09
-1E-08
-7.9E-09
-6.5E-09
-7.7E-09
-7.7E-09
-1E-08
-7.9E-09
-1E-08
-1.08E-08
-7.7E-09
-8.1E-09
-7.5E-09
-9.6E-09
-1.1E-08
-7.9E-09
-7.5E-09
-6.5E-09
-1.04E-08
-9.8E-09
-1.02E-08
-9.8E-09
-1.21E-08
-1.04E-08
-1.06E-08
-1.02E-08
-1.04E-08
-9.8E-09
-1E-08
-1E-08
-9.4E-09
-1.08E-08
-9.2E-09
-9.6E-09
-6.5E-09
-9.4E-09
-9.4E-09
-1.06E-08
-7.5E-09
-1.06E-08
-1.04E-08
-1.06E-08
-1.29E-08
-1E-08
-7.5E-09
-1.06E-08
-8.1E-09
-1.21E-08
-9.4E-09
-9.6E-09
-1.23E-08
-1.06E-08
-1E-08
-1.35E-08
-1.21E-08
-9.8E-09
-6.7E-09
-9.2E-09
-1.29E-08
-8.3E-09
-9.6E-09
-9.6E-09
-9.2E-09
-1.33E-08
-9.8E-09
-9.8E-09
-1.06E-08
-1.23E-08
-9.8E-09
-1.02E-08
-1.25E-08
-1.29E-08
-1.08E-08
-1.02E-08
-9.8E-09
-1E-08
-9.4E-09
-1.06E-08
-1.25E-08
-1.1E-08
-1E-08
-9.2E-09
-9.6E-09
-1.19E-08
-1.31E-08
-1.23E-08
-1.29E-08
-9.6E-09
-9.6E-09
-9.6E-09
-1.54E-08
-1.02E-08
-1.04E-08
-1.02E-08
-1.06E-08
-1E-08
-1.19E-08
-1.21E-08
-1.29E-08
-1E-08
-1.27E-08
-9.4E-09
-1.27E-08
-1.25E-08
-1.5E-08
-1.27E-08
-1.23E-08
-1.46E-08
-1.21E-08
-1.33E-08
-1.25E-08
-1.48E-08
-1.29E-08
-1.25E-08
-1.27E-08
-1.29E-08
-1.31E-08
-1.44E-08
-1.29E-08
-1.29E-08
-1.29E-08
-1.02E-08
-1.19E-08
-1.44E-08
-1.44E-08
-1.46E-08
-1.44E-08
-1.54E-08
-1.29E-08
-1.17E-08
-1.58E-08
-1.21E-08
-1.15E-08
-1.25E-08
-1.27E-08
-1.52E-08
-1.48E-08
-1.29E-08
-1.25E-08
-1.25E-08
-1.27E-08
-1.31E-08
-1.38E-08
-1.58E-08
-1.35E-08
-1.56E-08
-1.56E-08
-1.5E-08
-1.46E-08
-1.54E-08
-1.46E-08
-1.52E-08
-1.15E-08
-1.46E-08
-1.5E-08
-1.75E-08
-1.5E-08
-1.73E-08
-1.5E-08
-1.48E-08
-1.44E-08
-1.6E-08
-1.6E-08
-1.52E-08
-1.52E-08
-1.87E-08
-1.5E-08
-1.73E-08
-1.54E-08
-1.62E-08
-1.56E-08
-1.54E-08
-1.42E-08
-1.65E-08
-1.75E-08
-1.71E-08
-1.77E-08
-1.5E-08
-1.5E-08
-1.58E-08
-1.54E-08
-1.73E-08
-1.54E-08
-1.73E-08
-1.69E-08
-1.77E-08
-1.77E-08
-1.48E-08
-1.77E-08
-1.83E-08
-1.69E-08
-1.71E-08
-1.83E-08
-1.48E-08
-1.42E-08
-1.54E-08
-1.71E-08
-1.56E-08
-1.52E-08
-1.52E-08
-1.5E-08
-1.48E-08
-1.54E-08
-1.54E-08
-1.5E-08
-1.6E-08
-1.75E-08
-1.5E-08
-1.5E-08
-1.52E-08
-1.5E-08
-1.48E-08
-1.62E-08
-1.5E-08
-1.4E-08
-1.5E-08
-1.77E-08
-1.73E-08
-1.52E-08
-1.52E-08
-1.77E-08
-1.5E-08
-1.56E-08
-1.75E-08
-1.5E-08
-1.65E-08
-1.54E-08
-1.46E-08
-1.4E-08
-1.54E-08
-1.75E-08
-1.54E-08
-1.42E-08
-1.79E-08
-1.77E-08
-1.5E-08
-1.65E-08
-1.79E-08
-1.71E-08
-1.54E-08
-1.67E-08
-1.71E-08
-1.48E-08
-1.5E-08
-1.77E-08
-1.58E-08
-1.56E-08
-1.79E-08
-1.81E-08
-1.5E-08
-1.52E-08
-1.54E-08
-1.67E-08
-1.71E-08
-1.46E-08
-1.79E-08
-1.54E-08
-1.83E-08
-1.46E-08
-1.38E-08
-1.79E-08
-1.73E-08
-1.83E-08
-1.44E-08
-1.67E-08
-1.79E-08
-1.46E-08
-1.54E-08
-1.77E-08
-1.56E-08
-1.5E-08
-1.52E-08
-1.52E-08
-1.48E-08
-1.79E-08
-1.81E-08
-1.81E-08
-1.73E-08
-1.44E-08
-1.56E-08
-1.5E-08
-1.75E-08
-1.79E-08
-1.52E-08
-1.42E-08
-1.65E-08
-1.85E-08
-1.73E-08
-1.44E-08
-1.4E-08
-1.42E-08
-1.56E-08
-1.79E-08
-1.56E-08
-1.52E-08
-1.54E-08
-1.75E-08
-1.44E-08
-1.77E-08
-1.52E-08
-1.56E-08
-1.48E-08
-1.77E-08
-1.79E-08
-1.54E-08
-1.75E-08
-1.52E-08
-1.75E-08
-1.56E-08
-1.4E-08
-1.67E-08
-1.6E-08
-1.75E-08
-1.81E-08
-1.58E-08
-1.81E-08
-1.54E-08
-1.81E-08
-1.52E-08
-1.54E-08
-1.48E-08
-1.5E-08
-1.54E-08
-1.52E-08
-1.5E-08
-1.52E-08
-1.56E-08
-1.75E-08
-1.52E-08
-1.5E-08
-1.83E-08
-1.56E-08
-1.5E-08
-1.48E-08
-1.73E-08
-1.81E-08
-1.54E-08
-1.48E-08
-1.48E-08
-1.5E-08
-1.46E-08
-1.19E-08
-1.44E-08
-1.21E-08
-1.48E-08
-1.33E-08
-1.19E-08
-1.27E-08
-1.25E-08
-1.42E-08
-1.04E-08
-1.44E-08
-1.31E-08
-1.15E-08
-1.25E-08
-1.48E-08
-1.04E-08
-9.2E-09
-1.25E-08
-9.2E-09
-1.31E-08
-1.31E-08
-9.6E-09
-1.31E-08
-1.04E-08
-9.6E-09
-1.04E-08
-9.4E-09
-1.02E-08
-9.6E-09
-9.6E-09
-7.3E-09
-1.02E-08
-1.08E-08
-1.12E-08
-1.08E-08
-7.7E-09
-1.04E-08
-8.7E-09
-1.02E-08
-8.1E-09
-1.04E-08
-7.7E-09
-7.9E-09
-6.5E-09
-6.3E-09
-6.5E-09
-7.7E-09
-1E-08
-8.1E-09
-7.7E-09
-6.5E-09
-9.4E-09
-7.1E-09
-7.5E-09
-8.1E-09
-9.8E-09
-7.7E-09
-7.5E-09
-1.06E-08
-6.9E-09
-9.2E-09
-7.7E-09
-1.02E-08
-7.1E-09
-7.5E-09
-7.5E-09
-6.9E-09
-6.9E-09
-8.1E-09
-1.06E-08
-8.5E-09
-7.5E-09
-9.2E-09
-9.8E-09
-1.25E-08
-1.02E-08
-1.06E-08
-1.04E-08
-8.3E-09
-9E-09
-9.2E-09
-9.6E-09
-8.1E-09
-1.27E-08
-1E-08
-1E-08
-8.3E-09
-6.5E-09
-7.7E-09
-6.7E-09
-9.8E-09
-7.1E-09
-9E-09
-1.02E-08
-1.08E-08
-1.08E-08
-8.1E-09
-6.5E-09
-7.5E-09
-7.3E-09
-1.02E-08
-7.1E-09
-1.06E-08
-6.9E-09
-1.04E-08
-1.02E-08
-8.1E-09
-6.5E-09
-1.02E-08
-7.1E-09
-8.1E-09
-1.02E-08
-1.04E-08
-1.02E-08
-7.7E-09
-6.7E-09
-7.7E-09
-1E-08
-8.3E-09
-7.5E-09
-7.5E-09
-9E-09
-9.6E-09
-8.1E-09
-7.7E-09
-9E-09
-9.6E-09
-8.1E-09
-1E-08
-1.06E-08
-8.1E-09
-1.02E-08
-7.9E-09
-7.5E-09
-1E-08
-7.9E-09
-7.3E-09
-1.04E-08
-7.1E-09
-6.5E-09
-6.5E-09
-7.7E-09
-7.3E-09
-7.7E-09
-9.8E-09
-7.5E-09
-7.1E-09
-7.3E-09
-7.3E-09
-8.5E-09
-7.5E-09
-7.3E-09
-7.1E-09
-7.5E-09
-6.5E-09
-7.7E-09
-7.5E-09
-7.3E-09
-7.3E-09
-7.1E-09
-7.5E-09
-7.7E-09
-7.1E-09
-7.3E-09
-7.3E-09
-7.3E-09
-7.3E-09
-7.7E-09
-7.7E-09
-7.3E-09
-7.1E-09
-8.7E-09
-7.5E-09
-7.1E-09
-8.3E-09
-6.3E-09
-7.1E-09
-7.3E-09
-7.9E-09
-7.7E-09
-9.8E-09
-7.7E-09
-7.5E-09
-7.3E-09
-8.5E-09
-8.5E-09
-5.2E-09
-7.1E-09
-7.1E-09
-7.5E-09
-7.5E-09
-7.5E-09
-7.7E-09
-7.5E-09
-7.7E-09
-7.7E-09
-9.8E-09
-7.7E-09
-7.3E-09
-8.5E-09
-7.5E-09
-7.3E-09
-7.3E-09
-7.3E-09
-7.3E-09
-7.1E-09
-9.6E-09
-7.5E-09
-7.3E-09
-8.5E-09
-7.5E-09
-7.1E-09
-7.3E-09
-8.5E-09
-7.5E-09
-5.6E-09
-6.9E-09
-7.3E-09
-7.1E-09
-8.3E-09
-4.8E-09
-6.9E-09
-6.9E-09
-5.8E-09
-7.1E-09
-8.3E-09
-7.1E-09
-8.3E-09
-8.5E-09
-7.1E-09
-8.3E-09
-7.1E-09
-7.3E-09
-4.6E-09
-6.9E-09
-8.1E-09
-7.3E-09
-8.3E-09
-4.6E-09
-7.1E-09
-4.8E-09
-7.1E-09
-8.1E-09
-4.6E-09
-7.1E-09
-8.3E-09
-7.3E-09
-8.3E-09
-7.5E-09
-6.7E-09
-8.1E-09
-8.1E-09
-8.3E-09
-7.1E-09
-7.5E-09
-7.5E-09
-7.5E-09
-5E-09
-5.6E-09
-6.7E-09
-7.5E-09
-7.9E-09
-7.5E-09
-6.9E-09
-7.1E-09
-6.9E-09
-7.5E-09
-5E-09
-5E-09
-7.5E-09
-7.5E-09
-5.4E-09
-7.5E-09
-4.4E-09
-7.5E-09
-5E-09
4.4E-09
8.5E-09
-5E-09
5.6E-09
-5E-09
-5E-09
4.6E-09
4.6E-09
4.6E-09
6.2E-09
8.3E-09
5.8E-09
4.8E-09
6.9E-09
4.6E-09
7.3E-09
5.8E-09
-7.5E-09
4.4E-09
4.6E-09
4.8E-09
4.8E-09
4.6E-09
4.4E-09
8.7E-09
8.3E-09
4.8E-09
6E-09
4.6E-09
5E-09
5.2E-09
7.3E-09
5.2E-09
4.8E-09
5.6E-09
7.5E-09
5.4E-09
8.1E-09
4.8E-09
7.7E-09
7.3E-09
5.2E-09
4.6E-09
7.1E-09
4.8E-09
7.5E-09
5.4E-09
6.9E-09
5.4E-09
7.7E-09
6.7E-09
7.3E-09
1.08E-08
8.3E-09
7.1E-09
6.9E-09
9.4E-09
7.7E-09
9.8E-09
1E-08
9.8E-09
9.8E-09
9.8E-09
9.2E-09
1.08E-08
9.2E-09
9.8E-09
1.31E-08
1.25E-08
9.4E-09
1.33E-08
9.8E-09
9.8E-09
1.23E-08
9E-09
1.27E-08
9.6E-09
1.29E-08
9E-09
1.25E-08
1.31E-08
9.4E-09
1.27E-08
1.17E-08
1.31E-08
1.33E-08
1.31E-08
1.29E-08
1.21E-08
1.4E-08
1.21E-08
1.23E-08
1.46E-08
1.48E-08
1.21E-08
1.23E-08
1.23E-08
1.52E-08
1.46E-08
1.38E-08
1.4E-08
1.29E-08
1.5E-08
1.5E-08
1.27E-08
1.48E-08
1.5E-08
1.48E-08
1.54E-08
1.58E-08
1.46E-08
1.48E-08
1.44E-08
1.75E-08
1.73E-08
1.56E-08
1.48E-08
1.69E-08
1.44E-08
1.6E-08
1.77E-08
1.79E-08
1.71E-08
1.71E-08
1.77E-08
1.67E-08
1.81E-08
1.71E-08
1.79E-08
1.58E-08
1.77E-08
1.79E-08
1.77E-08
1.73E-08
1.71E-08
1.77E-08
1.71E-08
1.98E-08
1.73E-08
1.71E-08
1.83E-08
2E-08
1.71E-08
2.06E-08
1.79E-08
2.04E-08
1.98E-08
1.98E-08
1.96E-08
2.02E-08
1.94E-08
1.67E-08
2.02E-08
2E-08
2.02E-08
2.33E-08
1.94E-08
2.29E-08
2.33E-08
2.02E-08
2E-08
2.29E-08
1.94E-08
2.19E-08
1.9E-08
2.23E-08
1.92E-08
2.27E-08
2.5E-08
2.06E-08
2E-08
2.31E-08
2.19E-08
2.17E-08
2.17E-08
2.29E-08
2.29E-08
2.21E-08
2.29E-08
2.29E-08
2.27E-08
2.29E-08
2.46E-08
2.38E-08
2.48E-08
2.4E-08
2.5E-08
2.23E-08
2.46E-08
2.48E-08
2.27E-08
2.46E-08
2.5E-08
2.23E-08
2.56E-08
2.46E-08
2.4E-08
2.54E-08
2.48E-08
2.58E-08
2.48E-08
2.38E-08
2.52E-08
2.46E-08
2.48E-08
2.54E-08
2.69E-08
2.75E-08
2.73E-08
2.48E-08
2.52E-08
2.71E-08
2.48E-08
2.75E-08
2.67E-08
2.73E-08
2.79E-08
2.79E-08
2.5E-08
2.75E-08
2.77E-08
2.77E-08
2.67E-08
2.44E-08
2.79E-08
2.94E-08
2.83E-08
3.06E-08
2.71E-08
2.73E-08
2.83E-08
3E-08
3.04E-08
3.06E-08
3.08E-08
3.23E-08
3.06E-08
3.06E-08
3.02E-08
3.06E-08
3.02E-08
2.96E-08
3.06E-08
3.08E-08
2.96E-08
3.02E-08
2.96E-08
2.98E-08
2.92E-08
3.29E-08
3.06E-08
3.19E-08
3E-08
3.27E-08
3.1E-08
3.31E-08
2.94E-08
2.96E-08
3.21E-08
3E-08
3.23E-08
3.23E-08
3.19E-08
3.13E-08
3.02E-08
3.27E-08
3.21E-08
3.23E-08
3.27E-08
3.25E-08
3.06E-08
3.29E-08
3.17E-08
3.19E-08
3.27E-08
3.29E-08
3.31E-08
3.29E-08
3.17E-08
3.27E-08
3.15E-08
3.21E-08
3.29E-08
3.15E-08
3.29E-08
3.35E-08
3.48E-08
3.33E-08
3.27E-08
3.17E-08
3.29E-08
3.54E-08
3.19E-08
3.33E-08
3.33E-08
3.1E-08
3.29E-08
3.44E-08
3.33E-08
3.29E-08
3.29E-08
3.54E-08
3.08E-08
3.29E-08
3.27E-08
3.29E-08
3.29E-08
3.46E-08
3.44E-08
3.33E-08
3.29E-08
3.46E-08
2.98E-08
3.29E-08
3.6E-08
3.31E-08
3.54E-08
3.44E-08
3.23E-08
3.21E-08
3.31E-08
3.21E-08
3.23E-08
3.04E-08
3.29E-08
3.25E-08
3.54E-08
3.33E-08
3.31E-08
3.23E-08
3.23E-08
3.17E-08
3.35E-08
3.21E-08
3.31E-08
3.31E-08
3.44E-08
3.44E-08
3.46E-08
3.23E-08
3.29E-08
3.46E-08
3.33E-08
3.56E-08
3.21E-08
3.17E-08
3.19E-08
3.27E-08
2.92E-08
3.25E-08
3.35E-08
3.27E-08
2.96E-08
3.02E-08
3.31E-08
2.98E-08
2.96E-08
2.98E-08
3.23E-08
2.96E-08
2.98E-08
3E-08
3.33E-08
3E-08
3.31E-08
3.21E-08
3.37E-08
3.21E-08
3.04E-08
3.06E-08
2.96E-08
2.96E-08
3.25E-08
3E-08
2.98E-08
2.94E-08
2.94E-08
3.02E-08
3.04E-08
3.08E-08
2.98E-08
2.94E-08
2.71E-08
3.04E-08
2.65E-08
2.77E-08
3.02E-08
3.02E-08
2.9E-08
3.04E-08
3.04E-08
3.02E-08
2.98E-08
2.92E-08
2.83E-08
2.73E-08
3.04E-08
2.81E-08
2.85E-08
2.81E-08
3.02E-08
3E-08
2.75E-08
2.79E-08
2.96E-08
3.02E-08
2.83E-08
2.73E-08
2.83E-08
2.73E-08
3E-08
2.87E-08
2.79E-08
3.06E-08
2.73E-08
2.79E-08
2.69E-08
2.85E-08
2.79E-08
2.73E-08
2.79E-08
3.04E-08
2.75E-08
2.73E-08
2.79E-08
2.79E-08
2.71E-08
2.77E-08
2.94E-08
2.83E-08
2.69E-08
2.75E-08
2.73E-08
2.75E-08
2.81E-08
3E-08
2.85E-08
2.83E-08
3.08E-08
3.08E-08
2.9E-08
3E-08
3.02E-08
3.1E-08
2.96E-08
2.94E-08
2.98E-08
3E-08
2.94E-08
2.96E-08
2.9E-08
3.19E-08
3.08E-08
3.27E-08
2.98E-08
2.94E-08
2.94E-08
2.94E-08
2.92E-08
2.94E-08
2.96E-08
3.21E-08
3.1E-08
3E-08
3.35E-08
3.31E-08
3.15E-08
2.98E-08
3E-08
3.27E-08
3.31E-08
3.15E-08
3.13E-08
3.4E-08
3.44E-08
3.31E-08
3.54E-08
3.58E-08
3.35E-08
3.21E-08
3.5E-08
3.48E-08
3.48E-08
3.48E-08
3.48E-08
3.48E-08
3.25E-08
3.25E-08
3.29E-08
3.54E-08
3.56E-08
3.54E-08
3.52E-08
3.54E-08
3.54E-08
3.31E-08
3.54E-08
3.54E-08
3.81E-08
3.58E-08
3.44E-08
3.69E-08
3.52E-08
3.44E-08
3.5E-08
3.46E-08
3.48E-08
3.5E-08
3.6E-08
3.46E-08
3.48E-08
3.56E-08
3.56E-08
3.54E-08
3.46E-08
3.46E-08
3.58E-08
3.48E-08
3.83E-08
3.46E-08
3.58E-08
3.46E-08
3.81E-08
3.73E-08
3.46E-08
3.6E-08
3.77E-08
3.73E-08
3.48E-08
3.48E-08
3.54E-08
3.48E-08
3.5E-08
3.75E-08
3.75E-08
3.52E-08
3.52E-08
3.77E-08
3.77E-08
3.42E-08
3.77E-08
3.77E-08
3.81E-08
3.67E-08
3.79E-08
3.79E-08
3.69E-08
3.67E-08
3.77E-08
3.54E-08
3.77E-08
3.67E-08
3.92E-08
3.85E-08
3.83E-08
3.79E-08
3.83E-08
3.71E-08
3.71E-08
4.06E-08
3.71E-08
3.83E-08
4.06E-08
3.85E-08
3.94E-08
3.71E-08
3.83E-08
3.94E-08
3.87E-08
3.73E-08
4.06E-08
3.92E-08
3.98E-08
3.96E-08
3.98E-08
3.75E-08
4.02E-08
4E-08
4.08E-08
3.75E-08
3.79E-08
4E-08
4E-08
4E-08
3.79E-08
3.98E-08
4.02E-08
4E-08
4.06E-08
3.75E-08
3.77E-08
4.27E-08
4.33E-08
3.94E-08
3.9E-08
4.02E-08
3.9E-08
4E-08
4.02E-08
3.98E-08
4.17E-08
3.96E-08
4.04E-08
4.04E-08
4.02E-08
4.02E-08
4.27E-08
4.33E-08
4E-08
4.29E-08
4.06E-08
3.94E-08
4.21E-08
3.96E-08
3.98E-08
4.19E-08
4.06E-08
3.98E-08
3.96E-08
4.25E-08
4E-08
4.25E-08
4.25E-08
4E-08
4.25E-08
4.25E-08
4.02E-08
4.27E-08
4.04E-08
4E-08
4.27E-08
4.27E-08
4.19E-08
4.42E-08
4.23E-08
4.17E-08
4.25E-08
4.46E-08
4.58E-08
4.5E-08
4.44E-08
4.44E-08
4.23E-08
4.23E-08
4.52E-08
4.5E-08
4.44E-08
4.19E-08
4.48E-08
4.48E-08
4.52E-08
4.52E-08
4.21E-08
4.5E-08
4.52E-08
4.48E-08
4.54E-08
4.42E-08
4.5E-08
4.56E-08
4.19E-08
4.77E-08
4.23E-08
4.56E-08
4.46E-08
4.44E-08
4.44E-08
4.42E-08
4.52E-08
4.79E-08
4.44E-08
4.48E-08
4.65E-08
4.81E-08
4.73E-08
4.77E-08
4.71E-08
4.77E-08
4.4E-08
4.75E-08
4.71E-08
4.77E-08
4.79E-08
4.75E-08
5.06E-08
4.69E-08
4.79E-08
4.98E-08
4.83E-08
4.81E-08
4.79E-08
4.71E-08
4.71E-08
4.73E-08
5.06E-08
5.12E-08
4.96E-08
4.75E-08
4.75E-08
4.77E-08
5E-08
5.04E-08
4.81E-08
5E-08
5.27E-08
5.08E-08
5.06E-08
5.04E-08
4.9E-08
4.92E-08
5.08E-08
4.96E-08
5.04E-08
5.08E-08
5E-08
5.21E-08
4.98E-08
4.94E-08
4.94E-08
5.06E-08
5.04E-08
5.23E-08
4.9E-08
4.98E-08
5.25E-08
4.98E-08
5.23E-08
5.27E-08
5.52E-08
5.31E-08
5.17E-08
5.04E-08
5.29E-08
5.19E-08
5.27E-08
5.29E-08
5.19E-08
5.54E-08
5.31E-08
5.25E-08
5.21E-08
5.5E-08
5.19E-08
5.46E-08
5.48E-08
5.5E-08
5.23E-08
5.46E-08
5.6E-08
5.52E-08
5.5E-08
5.5E-08
5.19E-08
5.52E-08
5.5E-08
5.42E-08
5.29E-08
5.5E-08
5.58E-08
5.56E-08
5.58E-08
5.56E-08
5.42E-08
5.46E-08
5.46E-08
5.44E-08
5.46E-08
5.71E-08
5.48E-08
5.67E-08
5.46E-08
5.69E-08
5.71E-08
5.52E-08
5.75E-08
5.44E-08
5.46E-08
5.46E-08
5.73E-08
5.75E-08
5.71E-08
5.77E-08
5.73E-08
5.5E-08
5.77E-08
5.77E-08
5.75E-08
5.67E-08
5.77E-08
5.81E-08
5.65E-08
5.71E-08
5.79E-08
5.67E-08
5.92E-08
5.73E-08
6.04E-08
5.69E-08
6.04E-08
5.69E-08
5.73E-08
6E-08
5.98E-08
5.85E-08
5.71E-08
5.77E-08
5.83E-08
5.67E-08
5.71E-08
5.69E-08
5.69E-08
5.85E-08
5.92E-08
5.73E-08
5.69E-08
5.71E-08
5.69E-08
5.69E-08
5.94E-08
5.73E-08
5.71E-08
5.75E-08
5.73E-08
5.81E-08
6.1E-08
5.94E-08
5.85E-08
6.02E-08
6.02E-08
5.65E-08
6E-08
6.04E-08
5.75E-08
6.02E-08
6.02E-08
5.71E-08
6.02E-08
5.77E-08
6.06E-08
5.96E-08
5.75E-08
6E-08
6.04E-08
5.73E-08
6.04E-08
6E-08
5.88E-08
6.06E-08
5.67E-08
6.04E-08
6E-08
5.98E-08
5.9E-08
6.21E-08
5.94E-08
6.02E-08
6.04E-08
6E-08
5.67E-08
6.02E-08
5.96E-08
5.77E-08
6.29E-08
6.08E-08
6E-08
6.33E-08
5.94E-08
5.71E-08
6E-08
6.04E-08
6.02E-08
5.94E-08
5.81E-08
5.77E-08
6E-08
5.98E-08
5.9E-08
5.92E-08
5.98E-08
5.75E-08
5.73E-08
6E-08
6.1E-08
5.73E-08
5.96E-08
5.73E-08
5.75E-08
6.08E-08
5.75E-08
6.06E-08
5.73E-08
5.94E-08
5.71E-08
5.67E-08
5.77E-08
5.65E-08
5.69E-08
5.79E-08
5.81E-08
5.5E-08
5.77E-08
5.6E-08
5.48E-08
5.46E-08
5.46E-08
5.48E-08
5.46E-08
5.81E-08
5.46E-08
5.54E-08
5.69E-08
5.58E-08
5.58E-08
5.54E-08
5.44E-08
5.56E-08
5.46E-08
5.52E-08
5.44E-08
5.19E-08
5.77E-08
5.6E-08
5.44E-08
5.5E-08
5.54E-08
5.52E-08
5.58E-08
5.48E-08
5.56E-08
5.44E-08
5.71E-08
5.44E-08
5.54E-08
5.6E-08
5.6E-08
5.58E-08
5.83E-08
5.85E-08
5.73E-08
5.48E-08
5.77E-08
5.62E-08
5.56E-08
5.48E-08
5.46E-08
5.56E-08
5.5E-08
5.44E-08
5.46E-08
5.73E-08
5.44E-08
5.46E-08
5.48E-08
5.46E-08
5.48E-08
5.71E-08
5.73E-08
5.75E-08
5.56E-08
5.52E-08
5.73E-08
5.67E-08
5.73E-08
5.79E-08
5.52E-08
5.73E-08
5.5E-08
5.73E-08
5.77E-08
5.73E-08
5.75E-08
5.87E-08
5.77E-08
5.75E-08
5.48E-08
5.54E-08
5.75E-08
5.63E-08
5.65E-08
5.75E-08
5.67E-08
5.54E-08
5.75E-08
5.42E-08
5.75E-08
5.67E-08
5.81E-08
5.54E-08
5.75E-08
5.5E-08
5.54E-08
5.75E-08
5.75E-08
5.73E-08
5.75E-08
5.52E-08
5.75E-08
5.75E-08
5.65E-08
5.67E-08
5.79E-08
5.77E-08
5.67E-08
5.69E-08
5.63E-08
5.69E-08
5.75E-08
5.69E-08
5.77E-08
5.52E-08
5.77E-08
5.77E-08
5.79E-08
5.79E-08
5.75E-08
5.48E-08
5.73E-08
5.5E-08
5.77E-08
5.46E-08
5.75E-08
5.5E-08
5.81E-08
5.87E-08
5.77E-08
5.75E-08
5.54E-08
5.48E-08
5.71E-08
5.75E-08
5.5E-08
5.44E-08
5.54E-08
5.54E-08
5.71E-08
5.83E-08
5.6E-08
5.85E-08
5.46E-08
5.29E-08
5.52E-08
5.38E-08
5.48E-08
5.48E-08
5.48E-08
5.25E-08
5.56E-08
5.25E-08
5.27E-08
5.21E-08
5.5E-08
5.48E-08
5.5E-08
5.23E-08
5.56E-08
5.48E-08
5.5E-08
5.23E-08
5.56E-08
5.5E-08
5.48E-08
5.5E-08
5.25E-08
5.48E-08
5.52E-08
5.62E-08
5.52E-08
5.52E-08
5.54E-08
5.48E-08
5.5E-08
5.15E-08
5.31E-08
5.29E-08
5.21E-08
5.52E-08
5.27E-08
5.5E-08
5.5E-08
5.5E-08
5.44E-08
5.29E-08
5.52E-08
5.44E-08
5.42E-08
5.15E-08
5.56E-08
5.5E-08
5.25E-08
5.33E-08
5.5E-08
5.6E-08
5.17E-08
5.56E-08
5.21E-08
5.5E-08
5.13E-08
5.23E-08
5.58E-08
5.13E-08
5.5E-08
5.37E-08
5.21E-08
5.21E-08
5.6E-08
5.23E-08
5.31E-08
5.21E-08
5.27E-08
5.44E-08
5.19E-08
5.27E-08
4.92E-08
5E-08
5.25E-08
5.27E-08
5.27E-08
5E-08
5.25E-08
5.02E-08
5.33E-08
5.23E-08
5.19E-08
4.98E-08
4.92E-08
5.08E-08
5.1E-08
5.02E-08
4.98E-08
4.98E-08
4.94E-08
4.94E-08
5E-08
4.92E-08
5.04E-08
5.04E-08
5.06E-08
5.08E-08
4.94E-08
5E-08
5.17E-08
5.08E-08
4.77E-08
5.04E-08
5.02E-08
5E-08
4.94E-08
4.96E-08
5.04E-08
5.06E-08
4.83E-08
4.77E-08
5.25E-08
5.08E-08
4.81E-08
5.04E-08
5.06E-08
4.98E-08
4.71E-08
5E-08
4.94E-08
4.9E-08
5.04E-08
4.94E-08
5.04E-08
5.08E-08
5.02E-08
4.98E-08
5.04E-08
4.77E-08
5.1E-08
4.9E-08
4.79E-08
5.04E-08
5E-08
4.75E-08
4.71E-08
4.9E-08
4.73E-08
4.81E-08
4.73E-08
4.73E-08
4.75E-08
4.79E-08
4.56E-08
4.77E-08
4.85E-08
4.75E-08
4.67E-08
4.44E-08
4.77E-08
4.73E-08
4.77E-08
4.75E-08
4.75E-08
4.42E-08
4.73E-08
4.54E-08
4.44E-08
4.48E-08
4.71E-08
4.71E-08
4.65E-08
4.52E-08
4.44E-08
4.42E-08
4.42E-08
4.29E-08
4.52E-08
4.4E-08
4.52E-08
4.48E-08
4.54E-08
4.46E-08
4.5E-08
4.5E-08
4.31E-08
4.21E-08
4.6E-08
4.27E-08
4.23E-08
4.52E-08
4.35E-08
4.46E-08
4.19E-08
4.44E-08
4.21E-08
4.29E-08
4.21E-08
4.29E-08
4.25E-08
4.21E-08
4.31E-08
4.33E-08
4.02E-08
4.31E-08
4.04E-08
4.31E-08
4.29E-08
4.25E-08
4.19E-08
4.04E-08
4E-08
4.27E-08
4.21E-08
4.29E-08
4.27E-08
3.9E-08
4.25E-08
4.27E-08
4.17E-08
4.27E-08
4.33E-08
4.25E-08
4.31E-08
4.04E-08
4.02E-08
4.06E-08
4.23E-08
4.06E-08
3.98E-08
4.23E-08
4.19E-08
4.23E-08
4.04E-08
4.27E-08
4.04E-08
4.23E-08
4.25E-08
4.29E-08
4.23E-08
4.21E-08
4.08E-08
4.21E-08
4.25E-08
3.98E-08
4.02E-08
4.04E-08
4.23E-08
3.9E-08
3.96E-08
4.1E-08
4.02E-08
4.08E-08
4.31E-08
3.96E-08
4.06E-08
3.98E-08
4.06E-08
3.96E-08
4.04E-08
3.92E-08
3.9E-08
4.02E-08
3.96E-08
4.08E-08
4E-08
4.06E-08
3.96E-08
4.04E-08
4.1E-08
3.63E-08
3.71E-08
4E-08
3.71E-08
3.73E-08
3.96E-08
4E-08
3.71E-08
4.06E-08
3.71E-08
3.81E-08
3.67E-08
3.79E-08
3.81E-08
3.69E-08
3.81E-08
3.71E-08
3.65E-08
3.75E-08
3.42E-08
3.6E-08
3.52E-08
3.73E-08
3.48E-08
3.77E-08
3.5E-08
3.48E-08
3.48E-08
3.75E-08
3.5E-08
3.48E-08
3.46E-08
3.46E-08
3.71E-08
3.73E-08
3.87E-08
4.1E-08
3.58E-08
3.46E-08
3.85E-08
3.77E-08
3.71E-08
3.44E-08
3.52E-08
3.46E-08
3.6E-08
3.5E-08
3.48E-08
3.42E-08
3.54E-08
3.42E-08
3.79E-08
3.48E-08
3.44E-08
3.52E-08
3.44E-08
3.75E-08
3.46E-08
3.4E-08
3.4E-08
3.4E-08
3.38E-08
3.42E-08
3.71E-08
3.5E-08
3.56E-08
3.56E-08
3.52E-08
3.29E-08
3.23E-08
3.5E-08
3.27E-08
3.5E-08
3.38E-08
3.27E-08
3.23E-08
3.54E-08
3.25E-08
3.25E-08
3.25E-08
3.54E-08
3.46E-08
3.23E-08
3.48E-08
3.23E-08
3.33E-08
3E-08
3.31E-08
3.25E-08
3.21E-08
3.17E-08
3.15E-08
3.29E-08
3.27E-08
3.23E-08
3.29E-08
3.29E-08
3.29E-08
3.31E-08
3.35E-08
3.29E-08
3.21E-08
3.33E-08
3.58E-08
3.19E-08
3.21E-08
3.23E-08
3.35E-08
3.44E-08
3.31E-08
3.5E-08
3.37E-08
3.44E-08
3.31E-08
3.21E-08
3.29E-08
3.19E-08
3.29E-08
3.17E-08
3.1E-08
3.29E-08
3.29E-08
3.29E-08
3.33E-08
3E-08
3.23E-08
2.92E-08
3.04E-08
3.25E-08
2.98E-08
3.23E-08
3.25E-08
3.13E-08
2.98E-08
3.21E-08
2.98E-08
2.98E-08
2.96E-08
3.06E-08
3E-08
2.96E-08
2.98E-08
3E-08
2.98E-08
2.94E-08
2.94E-08
3.23E-08
3.1E-08
3.02E-08
2.96E-08
3.02E-08
2.9E-08
3.06E-08
3E-08
3.04E-08
3.02E-08
3.04E-08
3.04E-08
2.98E-08
2.87E-08
2.83E-08
2.73E-08
3.08E-08
2.73E-08
2.79E-08
2.83E-08
2.69E-08
2.98E-08
2.73E-08
2.73E-08
2.75E-08
2.77E-08
2.5E-08
2.75E-08
2.42E-08
2.75E-08
2.77E-08
2.79E-08
2.5E-08
2.75E-08
2.46E-08
2.46E-08
2.52E-08
2.44E-08
2.58E-08
2.73E-08
2.56E-08
2.52E-08
2.44E-08
2.71E-08
2.19E-08
2.54E-08
2.56E-08
2.54E-08
2.52E-08
2.23E-08
2.25E-08
2.25E-08
2.25E-08
2.23E-08
2.25E-08
2.29E-08
2.48E-08
2.5E-08
2.21E-08
2.23E-08
2.44E-08
2.33E-08
2.52E-08
2.21E-08
2.31E-08
1.92E-08
2.23E-08
1.96E-08
2.27E-08
2.04E-08
2.27E-08
2.29E-08
2.23E-08
1.98E-08
2.19E-08
2E-08
1.98E-08
2.06E-08
2E-08
1.98E-08
1.81E-08
1.75E-08
1.73E-08
2E-08
2E-08
1.79E-08
2.02E-08
2.04E-08
1.73E-08
2.04E-08
1.69E-08
1.73E-08
2.06E-08
1.73E-08
2.06E-08
1.69E-08
1.71E-08
1.71E-08
1.73E-08
1.79E-08
1.75E-08
1.83E-08
1.79E-08
1.77E-08
1.5E-08
1.81E-08
1.75E-08
1.73E-08
1.77E-08
1.44E-08
1.52E-08
1.71E-08
1.48E-08
1.5E-08
1.46E-08
1.73E-08
1.75E-08
1.6E-08
1.56E-08
1.52E-08
1.48E-08
1.46E-08
1.52E-08
1.56E-08
1.48E-08
1.48E-08
1.44E-08
1.79E-08
1.6E-08
1.4E-08
1.46E-08
1.42E-08
1.48E-08
1.21E-08
1.5E-08
1.31E-08
1.5E-08
1.19E-08
1.48E-08
1.27E-08
1.52E-08
1.27E-08
1.27E-08
1.52E-08
1.33E-08
1.25E-08
1.35E-08
1.54E-08
1.35E-08
1.35E-08
1.19E-08
1.21E-08
1.31E-08
1.17E-08
1.29E-08
1.25E-08
1.06E-08
1.25E-08
1.31E-08
1.13E-08
1.27E-08
1.31E-08
1.19E-08
1.04E-08
1.25E-08
9.8E-09
1.21E-08
9.8E-09
1E-08
9.8E-09
1.25E-08
1E-08
1.21E-08
1.27E-08
9.8E-09
1.02E-08
1.23E-08
9.8E-09
1E-08
9.4E-09
9.8E-09
1.19E-08
1.25E-08
1.23E-08
9.8E-09
1.04E-08
9.6E-09
1.1E-08
9.8E-09
1.06E-08
1.25E-08
9.6E-09
1.17E-08
1E-08
1.19E-08
9.4E-09
1.06E-08
1.04E-08
7.9E-09
7.5E-09
1.04E-08
9E-09
1.02E-08
7.5E-09
1E-08
9.8E-09
1.04E-08
9.8E-09
7.3E-09
9.8E-09
9.8E-09
7.7E-09
1.04E-08
7.1E-09
6.9E-09
8.1E-09
6.9E-09
6.7E-09
6.3E-09
7.7E-09
4.4E-09
5.4E-09
5.6E-09
7.5E-09
5.2E-09
5.4E-09
7.7E-09
6.7E-09
4.8E-09
6.2E-09
7.5E-09
4.6E-09
6E-09
4.4E-09
4.8E-09
7.1E-09
5.8E-09
4.8E-09
-7.5E-09
-7.5E-09
-5E-09
-7.5E-09
-7.5E-09
-5E-09
-5E-09
-7.5E-09
-4.4E-09
-6.9E-09
-8.3E-09
5.4E-09
-8.1E-09
-7.3E-09
-5.8E-09
-7.1E-09
-5.6E-09
-6.9E-09
-7.3E-09
-5.8E-09
-7.1E-09
-7.3E-09
-6.9E-09
-7.3E-09
-8.3E-09
-7.3E-09
-8.3E-09
-7.5E-09
-7.1E-09
-7.3E-09
-7.5E-09
-3.8E-09
-7.1E-09
-7.5E-09
-1E-08
-7.9E-09
-6.7E-09
-1.02E-08
-6.9E-09
-9.4E-09
-1.04E-08
-9.4E-09
-7.1E-09
-1.02E-08
-7.1E-09
-9.2E-09
-1.25E-08
-7.7E-09
-9.6E-09
-1.06E-08
-1E-08
-1.1E-08
-1E-08
-1.35E-08
-1.02E-08
-1.17E-08
-1.06E-08
-1.02E-08
-1.29E-08
-1.31E-08
-1.31E-08
-1.37E-08
-1.02E-08
-1.33E-08
-1.02E-08
-9.8E-09
-1.25E-08
-1.19E-08
-1.25E-08
-1.23E-08
-9.8E-09
-1.29E-08
-1.31E-08
-1.46E-08
-1.06E-08
-1.17E-08
-1.35E-08
-1.25E-08
-1.25E-08
-1.29E-08
-1.48E-08
-1.29E-08
-1.06E-08
-1.56E-08
-1.33E-08
-1.44E-08
-1.44E-08
-1.46E-08
-1.31E-08
-1.4E-08
-1.23E-08
-1.23E-08
-1.56E-08
-1.56E-08
-1.5E-08
-1.58E-08
-1.5E-08
-1.52E-08
-1.5E-08
-1.4E-08
-1.21E-08
-1.46E-08
-1.5E-08
-1.5E-08
-1.46E-08
-1.52E-08
-1.38E-08
-1.5E-08
-1.54E-08
-1.75E-08
-1.44E-08
-1.75E-08
-1.71E-08
-1.71E-08
-1.54E-08
-1.5E-08
-1.4E-08
-1.75E-08
-1.79E-08
-1.54E-08
-1.52E-08
-1.56E-08
-1.54E-08
-1.67E-08
-1.54E-08
-1.79E-08
-1.52E-08
-1.69E-08
-1.46E-08
-1.54E-08
-1.44E-08
-1.67E-08
-1.48E-08
-1.81E-08
-1.71E-08
-1.83E-08
-1.71E-08
-1.6E-08
-1.48E-08
-1.75E-08
-1.67E-08
-1.73E-08
-1.71E-08
-1.73E-08
-1.83E-08
-1.85E-08
-1.79E-08
-1.52E-08
-1.81E-08
-1.71E-08
-1.73E-08
-1.52E-08
-1.81E-08
-1.75E-08
-1.83E-08
-1.73E-08
-1.83E-08
-1.81E-08
-1.77E-08
-1.77E-08
-2.08E-08
-1.77E-08
-1.73E-08
-1.73E-08
-1.48E-08
-1.77E-08
-1.73E-08
-1.77E-08
-1.48E-08
-1.46E-08
-1.44E-08
-1.44E-08
-1.81E-08
-1.75E-08
-1.79E-08
-1.71E-08
-1.52E-08
-1.71E-08
-1.85E-08
-1.85E-08
-1.81E-08
-1.56E-08
-1.79E-08
-1.85E-08
-2.06E-08
-1.75E-08
-2.12E-08
-2.06E-08
-1.81E-08
-1.69E-08
-1.79E-08
-1.67E-08
-1.71E-08
-1.77E-08
-1.75E-08
-1.75E-08
-2.06E-08
-1.77E-08
-1.73E-08
-1.73E-08
-1.98E-08
-2.04E-08
-2.04E-08
-1.75E-08
-1.67E-08
-1.65E-08
-1.67E-08
-1.67E-08
-1.75E-08
-2E-08
-2.04E-08
-1.73E-08
-1.69E-08
-1.67E-08
-2.02E-08
-1.69E-08
-2.06E-08
-1.98E-08
-2E-08
-2E-08
-1.98E-08
-2.08E-08
-2E-08
-2.06E-08
-2.04E-08
-2E-08
-2E-08
-2E-08
-1.96E-08
-2E-08
-2.02E-08
-1.98E-08
-1.98E-08
-2.12E-08
-1.96E-08
-2.21E-08
-1.98E-08
-2E-08
-2.06E-08
-1.96E-08
-2.02E-08
-2.08E-08
-2E-08
-1.98E-08
-1.92E-08
-1.98E-08
-2.1E-08
-1.98E-08
-1.94E-08
-2.12E-08
-1.73E-08
-1.92E-08
-2E-08
-2E-08
-1.9E-08
-1.98E-08
-2.1E-08
-2E-08
-2.27E-08
-1.98E-08
-2.08E-08
-1.92E-08
-2.21E-08
-2.02E-08
-2.02E-08
-2.23E-08
-2.02E-08
-2E-08
-1.98E-08
-2E-08
-2.27E-08
-1.77E-08
-2.06E-08
-2E-08
-1.71E-08
-1.92E-08
-2.04E-08
-2.1E-08
-2.02E-08
-1.96E-08
-2.08E-08
-1.85E-08
-1.96E-08
-2E-08
-2E-08
-1.98E-08
-2.1E-08
-2.21E-08
-2.02E-08
-2E-08
-1.98E-08
-2.02E-08
-2.23E-08
-2.04E-08
-2E-08
-2.25E-08
-2.02E-08
-2.12E-08
-2.1E-08
-2.25E-08
-2.04E-08
-2.08E-08
-1.88E-08
-2.25E-08
-2.25E-08
-2.27E-08
-2.04E-08
-2.31E-08
-2.04E-08
-2E-08
-1.98E-08
-2.04E-08
-2E-08
-1.9E-08
-1.98E-08
-1.88E-08
-2.23E-08
-2.29E-08
-2.02E-08
-1.92E-08
-2.04E-08
-1.98E-08
-2E-08
-2.02E-08
-2.02E-08
-2.02E-08
-2.19E-08
-2.31E-08
-2.21E-08
-1.96E-08
-1.96E-08
-1.88E-08
-2.31E-08
-2.21E-08
-2.23E-08
-2.25E-08
-2.21E-08
-1.96E-08
-2.21E-08
-2.08E-08
-2.27E-08
-2.06E-08
-2.56E-08
-2.27E-08
-2.33E-08
-2.19E-08
-2.33E-08
-2.31E-08
-2.21E-08
-2.35E-08
-2.29E-08
-2.27E-08
-2.21E-08
-2.06E-08
-2.31E-08
-2.27E-08
-2.23E-08
-2.29E-08
-2.27E-08
-2.23E-08
-2.27E-08
-2.06E-08
-2.31E-08
-2.06E-08
-2.25E-08
-1.96E-08
-1.94E-08
-2.04E-08
-2.04E-08
-2.04E-08
-1.92E-08
-1.98E-08
-2.15E-08
-2.31E-08
-2.1E-08
-1.98E-08
-2E-08
-2.17E-08
-2.19E-08
-2.31E-08
-1.94E-08
-2.31E-08
-2.31E-08
-2.21E-08
-1.96E-08
-1.92E-08
-2.31E-08
-2.33E-08
-2.06E-08
-2.27E-08
-2.48E-08
-2.27E-08
-2.23E-08
-2.25E-08
-1.98E-08
-2.15E-08
-2.23E-08
-2.23E-08
-2.08E-08
-2.19E-08
-2.27E-08
-2.08E-08
-2.19E-08
-2.31E-08
-2.04E-08
-2.02E-08
-1.96E-08
-2E-08
-2.31E-08
-2.08E-08
-2.06E-08
-2E-08
-1.94E-08
-2.04E-08
-2.19E-08
-2.31E-08
-2.33E-08
-2.31E-08
-2.04E-08
-2.27E-08
-2.27E-08
-2.04E-08
-2.27E-08
-1.98E-08
-1.94E-08
-2.02E-08
-1.98E-08
-2.23E-08
-2.19E-08
-2.31E-08
-2.29E-08
-2.21E-08
-2.31E-08
-1.98E-08
-2E-08
-2.04E-08
-2.23E-08
-2.04E-08
-2.15E-08
-2.19E-08
-2.02E-08
-2E-08
-2.25E-08
-2.29E-08
-2.06E-08
-2.31E-08
-2.04E-08
-2E-08
-2.25E-08
-2.06E-08
-2E-08
-2.31E-08
-1.96E-08
-2.02E-08
-2E-08
-2.02E-08
-1.9E-08
-1.9E-08
-2.23E-08
-2.27E-08
-1.94E-08
-2E-08
-2E-08
-1.67E-08
-1.94E-08
-2.23E-08
-2.17E-08
-2.02E-08
-2.02E-08
-2.29E-08
-2.04E-08
-2.15E-08
-1.94E-08
-2.02E-08
-1.92E-08
-2.04E-08
-1.9E-08
-2.02E-08
-2E-08
-1.88E-08
-2.27E-08
-2E-08
-2.02E-08
-1.88E-08
-1.98E-08
-1.96E-08
-2E-08
-2.31E-08
-1.77E-08
-2.06E-08
-2.06E-08
-2E-08
-2.04E-08
-2E-08
-1.98E-08
-2E-08
-1.87E-08
-1.94E-08
-1.98E-08
-2E-08
-2E-08
-1.75E-08
-1.92E-08
-1.71E-08
-1.79E-08
-1.67E-08
-1.92E-08
-1.87E-08
-2.06E-08
-1.96E-08
-2.08E-08
-1.94E-08
-1.71E-08
-1.81E-08
-1.92E-08
-1.69E-08
-2.06E-08
-1.79E-08
-1.63E-08
-1.67E-08
-1.73E-08
-1.65E-08
-1.85E-08
-1.77E-08
-1.77E-08
-1.73E-08
-2E-08
-1.67E-08
-1.73E-08
-1.58E-08
-1.81E-08
-1.85E-08
-1.83E-08
-1.85E-08
-1.83E-08
-1.85E-08
-1.83E-08
-1.81E-08
-1.48E-08
-1.5E-08
-1.5E-08
-1.75E-08
-1.46E-08
-1.71E-08
-1.81E-08
-1.71E-08
-1.52E-08
-1.23E-08
-1.46E-08
-1.46E-08
-1.5E-08
-1.46E-08
-1.6E-08
-1.81E-08
-1.52E-08
-1.48E-08
-1.42E-08
-1.6E-08
-1.21E-08
-1.19E-08
-1.19E-08
-1.27E-08
-1.21E-08
-1.19E-08
-1.19E-08
-1.17E-08
-1.62E-08
-1.42E-08
-1.19E-08
-1.27E-08
-1.48E-08
-1.04E-08
-1.29E-08
-1.23E-08
-1.31E-08
-1.25E-08
-1.29E-08
-1.27E-08
-1.25E-08
-1.29E-08
-9.8E-09
-1.25E-08
-1.19E-08
-1.04E-08
-1.21E-08
-1.21E-08
-1.27E-08
-1.02E-08
-9.6E-09
-1.08E-08
-9.6E-09
-1.12E-08
-1.04E-08
-8.5E-09
-1.02E-08
-1.06E-08
-8.5E-09
-6.7E-09
-7.3E-09
-1.02E-08
-9.8E-09
-7.1E-09
-7.5E-09
-7.7E-09
-3.8E-09
-9.8E-09
-9.6E-09
-7.9E-09
-7.7E-09
-7.9E-09
-7.5E-09
-7.3E-09
-6.9E-09
-7.3E-09
-7.5E-09
-8.5E-09
-7.5E-09
-7.5E-09
-7.5E-09
-7.5E-09
-7.5E-09
-8.5E-09
-7.3E-09
-7.5E-09
-8.5E-09
-7.3E-09
-7.5E-09
-7.5E-09
-7.5E-09
-7.3E-09
-7.5E-09
-7.1E-09
-7.3E-09
-7.3E-09
-4.8E-09
-7.1E-09
-8.3E-09
-7.3E-09
-6.9E-09
-7.3E-09
-8.3E-09
-7.3E-09
-7.1E-09
-7.5E-09
-6.9E-09
-4.8E-09
-6.7E-09
-5.6E-09
-7.1E-09
-5E-09
-5.6E-09
-7.1E-09
-7.1E-09
-7.1E-09
-8.3E-09
-1E-08
4.6E-09
-5E-09
-7.5E-09
-5E-09
-5E-09
-7.9E-09
6.9E-09
-7.5E-09
7.9E-09
-7.5E-09
8.1E-09
7.1E-09
6.9E-09
4.8E-09
4.8E-09
7.1E-09
8.1E-09
4.6E-09
7.1E-09
4.8E-09
7.3E-09
7.3E-09
5.2E-09
4.8E-09
4.8E-09
5E-09
4.8E-09
4.8E-09
7.1E-09
4.8E-09
7.3E-09
5E-09
5E-09
6.3E-09
5.2E-09
5E-09
5.4E-09
5.4E-09
5.2E-09
7.5E-09
7.5E-09
5E-09
5.4E-09
5.4E-09
5E-09
7.1E-09
5E-09
7.7E-09
7.7E-09
5.4E-09
2.9E-09
5.4E-09
4.8E-09
4.8E-09
5E-09
7.5E-09
7.5E-09
4.8E-09
5.4E-09
7.1E-09
4.8E-09
7.3E-09
6.2E-09
4.8E-09
7.5E-09
4E-09
4.8E-09
6.5E-09
7.7E-09
7.1E-09
7.9E-09
7.7E-09
7.1E-09
7.1E-09
8.1E-09
7.9E-09
9.4E-09
8.3E-09
8.1E-09
6.7E-09
8.1E-09
7.9E-09
6.9E-09
7.9E-09
7.3E-09
9.8E-09
1E-08
9.8E-09
1E-08
8.1E-09
9.8E-09
9.2E-09
9.4E-09
9.2E-09
9E-09
1.06E-08
1.04E-08
1.33E-08
1.1E-08
9.4E-09
9.4E-09
1.06E-08
1.23E-08
9.8E-09
9.4E-09
9.6E-09
1E-08
1.23E-08
1.19E-08
9.8E-09
9.8E-09
1.25E-08
1.35E-08
9.8E-09
9.6E-09
1.23E-08
1.4E-08
9.4E-09
1.27E-08
1E-08
1.29E-08
1.27E-08
1.04E-08
1.29E-08
1.25E-08
1.21E-08
1.25E-08
1.27E-08
1.19E-08
1.23E-08
1.29E-08
1.23E-08
1.27E-08
1.29E-08
1.17E-08
1.17E-08
1.31E-08
1.19E-08
1.19E-08
1.31E-08
1.44E-08
1.33E-08
1.31E-08
1.25E-08
1.19E-08
1.19E-08
1.27E-08
1.33E-08
1.25E-08
1.35E-08
1.19E-08
1.5E-08
1.23E-08
1.29E-08
1.19E-08
1.25E-08
1.21E-08
1.21E-08
1.33E-08
1.27E-08
1.17E-08
1.31E-08
1.52E-08
1.25E-08
1.52E-08
1.21E-08
1.52E-08
1.44E-08
1.23E-08
1.29E-08
1.27E-08
1.31E-08
1.29E-08
1.31E-08
1.29E-08
1.27E-08
1.27E-08
1.58E-08
1.23E-08
1.5E-08
1.21E-08
1.52E-08
1.42E-08
1.38E-08
1.62E-08
1.54E-08
1.5E-08
1.52E-08
1.46E-08
1.54E-08
1.15E-08
1.56E-08
1.77E-08
1.44E-08
1.44E-08
1.58E-08
1.44E-08
1.4E-08
1.54E-08
1.79E-08
1.5E-08
1.4E-08
1.58E-08
1.79E-08
1.46E-08
1.77E-08
1.44E-08
1.75E-08
1.87E-08
1.65E-08
1.67E-08
1.75E-08
1.77E-08
1.58E-08
2E-08
1.71E-08
1.69E-08
1.71E-08
1.79E-08
1.94E-08
2.04E-08
2.04E-08
2E-08
1.71E-08
2.06E-08
2E-08
1.81E-08
1.79E-08
2E-08
1.79E-08
2E-08
1.96E-08
2.19E-08
1.94E-08
1.92E-08
1.96E-08
1.94E-08
2E-08
1.98E-08
2.17E-08
2.1E-08
1.96E-08
1.94E-08
2.17E-08
2.21E-08
2.23E-08
2E-08
2.23E-08
2.29E-08
2.19E-08
2.29E-08
2.25E-08
2.19E-08
2.04E-08
2.27E-08
2.13E-08
2.17E-08
2.29E-08
2.29E-08
2.33E-08
2.33E-08
2.27E-08
2.46E-08
2.27E-08
2.23E-08
2.48E-08
2.58E-08
2.6E-08
2.42E-08
2.52E-08
2.38E-08
2.38E-08
2.5E-08
2.56E-08
2.33E-08
2.52E-08
2.5E-08
2.44E-08
2.58E-08
2.42E-08
2.21E-08
2.52E-08
2.73E-08
2.21E-08
2.56E-08
2.48E-08
2.52E-08
2.79E-08
2.46E-08
2.5E-08
2.46E-08
2.73E-08
2.46E-08
2.73E-08
2.52E-08
2.48E-08
2.75E-08
2.52E-08
2.83E-08
2.54E-08
2.46E-08
2.75E-08
2.73E-08
2.63E-08
2.67E-08
2.65E-08
2.77E-08
2.75E-08
2.71E-08
2.92E-08
2.87E-08
2.73E-08
2.69E-08
2.71E-08
2.73E-08
3.08E-08
2.98E-08
3E-08
2.96E-08
2.75E-08
3E-08
2.75E-08
3.02E-08
3E-08
3.02E-08
3E-08
3.06E-08
3.02E-08
3.06E-08
2.79E-08
2.75E-08
2.79E-08
3E-08
3.02E-08
3.02E-08
2.65E-08
3.27E-08
3.1E-08
3.17E-08
3.19E-08
2.94E-08
2.92E-08
3.19E-08
3.21E-08
2.96E-08
2.94E-08
3.21E-08
3.25E-08
3.27E-08
2.96E-08
3.19E-08
3.21E-08
3.23E-08
3.27E-08
3.04E-08
3.25E-08
3.29E-08
3.25E-08
3.29E-08
3.19E-08
3.31E-08
3.19E-08
3.27E-08
3.31E-08
3.15E-08
3.25E-08
3.25E-08
3.27E-08
3.25E-08
3.29E-08
3.25E-08
3.17E-08
3.31E-08
3.48E-08
3.33E-08
3.15E-08
2.94E-08
3.25E-08
3.25E-08
2.94E-08
3.29E-08
3.15E-08
3.19E-08
3.29E-08
3.29E-08
3.27E-08
3.29E-08
3.19E-08
3.19E-08
3.25E-08
3.29E-08
3.29E-08
3.23E-08
3.4E-08
3.21E-08
3.21E-08
3.35E-08
3.5E-08
3.23E-08
3.58E-08
3.5E-08
3.23E-08
3.33E-08
3.25E-08
3.23E-08
3.48E-08
3.17E-08
3.52E-08
3.48E-08
3.44E-08
3.44E-08
3.44E-08
3.81E-08
3.83E-08
3.5E-08
3.71E-08
3.73E-08
3.58E-08
3.77E-08
3.75E-08
3.79E-08
3.79E-08
3.67E-08
3.77E-08
3.79E-08
3.56E-08
3.79E-08
3.75E-08
3.65E-08
3.65E-08
3.67E-08
3.54E-08
3.54E-08
3.77E-08
3.79E-08
3.65E-08
3.77E-08
3.77E-08
3.94E-08
3.81E-08
3.73E-08
3.71E-08
3.83E-08
3.69E-08
3.71E-08
3.79E-08
4.06E-08
3.94E-08
3.85E-08
3.67E-08
3.71E-08
3.75E-08
3.71E-08
3.75E-08
4E-08
3.79E-08
3.73E-08
3.77E-08
3.75E-08
4E-08
4E-08
4.02E-08
4E-08
3.69E-08
4E-08
3.79E-08
4.06E-08
4.15E-08
3.96E-08
4E-08
4.17E-08
4.35E-08
3.96E-08
3.94E-08
4.17E-08
4.19E-08
3.88E-08
4.04E-08
4.25E-08
4.27E-08
4.02E-08
4.48E-08
4.21E-08
4.29E-08
4.19E-08
4.04E-08
4.54E-08
4.6E-08
4.27E-08
4.19E-08
4.25E-08
4.5E-08
4.58E-08
4.25E-08
4.29E-08
4.48E-08
4.17E-08
4.48E-08
4.5E-08
4.17E-08
4.25E-08
4.46E-08
4.52E-08
4.31E-08
4.6E-08
4.54E-08
4.37E-08
4.5E-08
4.58E-08
4.5E-08
4.13E-08
4.52E-08
4.17E-08
4.5E-08
4.23E-08
4.52E-08
4.4E-08
4.48E-08
4.75E-08
4.58E-08
4.52E-08
4.52E-08
4.52E-08
4.54E-08
4.48E-08
4.48E-08
4.5E-08
4.79E-08
4.73E-08
4.46E-08
4.44E-08
4.71E-08
4.48E-08
4.77E-08
4.5E-08
4.56E-08
4.73E-08
4.52E-08
4.85E-08
4.48E-08
4.81E-08
4.65E-08
4.52E-08
4.79E-08
4.73E-08
4.77E-08
4.77E-08
4.48E-08
4.81E-08
4.79E-08
4.79E-08
4.75E-08
4.73E-08
4.75E-08
4.83E-08
4.96E-08
4.75E-08
4.73E-08
4.98E-08
5.04E-08
4.96E-08
5.02E-08
5.02E-08
4.92E-08
4.9E-08
5.15E-08
5.23E-08
4.96E-08
5.06E-08
4.98E-08
5.21E-08
5.35E-08
5.25E-08
5.27E-08
5.27E-08
4.98E-08
5.31E-08
5.27E-08
5.23E-08
5.31E-08
5.29E-08
5.54E-08
5.19E-08
5.19E-08
5.21E-08
5.19E-08
5.19E-08
5.19E-08
5.29E-08
5.25E-08
5.5E-08
5.35E-08
5.17E-08
5.17E-08
5.17E-08
5.27E-08
5.5E-08
5.25E-08
5.21E-08
5.21E-08
5.19E-08
5.48E-08
5.52E-08
5.44E-08
5.23E-08
5.52E-08
5.25E-08
5.25E-08
5.48E-08
5.48E-08
5.27E-08
5.23E-08
5.27E-08
5.25E-08
5.27E-08
5.5E-08
5.15E-08
5.5E-08
5.15E-08
5.54E-08
5.4E-08
5.54E-08
5.56E-08
5.48E-08
5.56E-08
5.71E-08
5.48E-08
5.48E-08
5.71E-08
5.6E-08
5.75E-08
5.4E-08
5.5E-08
5.77E-08
5.67E-08
5.52E-08
5.79E-08
5.81E-08
5.77E-08
5.77E-08
5.83E-08
5.67E-08
5.77E-08
5.69E-08
5.79E-08
5.75E-08
5.4E-08
6.02E-08
5.83E-08
5.67E-08
5.79E-08
5.79E-08
5.77E-08
5.81E-08
5.9E-08
5.71E-08
5.69E-08
6.04E-08
5.85E-08
5.75E-08
6.1E-08
5.73E-08
5.83E-08
5.75E-08
5.71E-08
5.71E-08
5.75E-08
5.73E-08
5.85E-08
6.04E-08
6.02E-08
5.98E-08
5.75E-08
5.98E-08
5.71E-08
5.96E-08
5.98E-08
5.94E-08
5.87E-08
6E-08
5.69E-08
6E-08
5.73E-08
5.98E-08
5.94E-08
6.1E-08
5.79E-08
5.69E-08
5.81E-08
5.75E-08
5.83E-08
5.71E-08
5.73E-08
5.69E-08
6.04E-08
5.73E-08
5.67E-08
5.69E-08
5.77E-08
5.69E-08
5.54E-08
5.79E-08
6.06E-08
5.81E-08
5.75E-08
5.77E-08
5.79E-08
5.75E-08
5.73E-08
5.77E-08
5.81E-08
5.67E-08
5.48E-08
5.75E-08
5.79E-08
5.79E-08
5.63E-08
5.46E-08
5.5E-08
5.75E-08
5.48E-08
5.75E-08
5.42E-08
5.46E-08
5.48E-08
5.5E-08
5.73E-08
5.75E-08
5.75E-08
5.67E-08
5.71E-08
5.56E-08
5.77E-08
5.67E-08
5.75E-08
5.67E-08
5.77E-08
5.67E-08
5.69E-08
5.83E-08
6.02E-08
5.83E-08
5.71E-08
5.94E-08
5.87E-08
5.79E-08
5.96E-08
5.96E-08
5.75E-08
6.08E-08
5.75E-08
6.06E-08
5.85E-08
5.69E-08
5.69E-08
5.67E-08
5.69E-08
5.71E-08
5.69E-08
6E-08
5.73E-08
5.71E-08
6.06E-08
6.1E-08
5.73E-08
5.71E-08
6.02E-08
5.71E-08
5.94E-08
5.69E-08
5.69E-08
5.71E-08
5.73E-08
5.67E-08
5.71E-08
5.73E-08
5.69E-08
5.73E-08
5.69E-08
5.71E-08
5.71E-08
5.71E-08
6.02E-08
6E-08
5.73E-08
6.02E-08
5.75E-08
5.73E-08
6.02E-08
5.75E-08
5.96E-08
6.08E-08
5.96E-08
5.73E-08
5.73E-08
6.02E-08
6.1E-08
5.77E-08
6.04E-08
6.25E-08
5.83E-08
5.98E-08
6.04E-08
6E-08
5.92E-08
5.79E-08
5.73E-08
6E-08
6.02E-08
6.04E-08
6.02E-08
5.9E-08
5.98E-08
6.02E-08
5.96E-08
6.04E-08
6.1E-08
6.33E-08
6.33E-08
6.19E-08
5.94E-08
6.06E-08
5.94E-08
6.06E-08
6.02E-08
6.04E-08
6.19E-08
5.94E-08
6.06E-08
6.25E-08
6E-08
6.25E-08
5.98E-08
6.21E-08
5.98E-08
6.02E-08
5.96E-08
6.06E-08
5.94E-08
5.98E-08
5.94E-08
6.04E-08
5.94E-08
5.94E-08
6.06E-08
5.96E-08
5.96E-08
6.29E-08
5.98E-08
6.06E-08
6.04E-08
6.08E-08
6E-08
6.08E-08
5.98E-08
6.04E-08
6.02E-08
6.08E-08
5.98E-08
6.19E-08
6.1E-08
6.04E-08
5.71E-08
6.02E-08
6.27E-08
5.96E-08
6.04E-08
5.94E-08
6.19E-08
5.96E-08
6.02E-08
5.71E-08
6.04E-08
5.96E-08
6.04E-08
6.04E-08
5.92E-08
5.94E-08
5.96E-08
6.06E-08
6.04E-08
5.94E-08
5.96E-08
6.04E-08
6.08E-08
6.31E-08
6.31E-08
5.98E-08
5.96E-08
6.19E-08
6.08E-08
6.29E-08
6E-08
6.29E-08
6.02E-08
6.19E-08
6.21E-08
6.1E-08
6.31E-08
6E-08
6.08E-08
5.98E-08
6.31E-08
5.88E-08
6.25E-08
6.08E-08
6.21E-08
6.23E-08
6.12E-08
6.25E-08
5.94E-08
6.08E-08
6.25E-08
6.21E-08
5.98E-08
6.23E-08
6.25E-08
6.23E-08
6E-08
6.27E-08
6.35E-08
6.1E-08
5.96E-08
6.08E-08
6.35E-08
6.27E-08
6.31E-08
6.37E-08
5.98E-08
5.96E-08
5.98E-08
5.98E-08
6.21E-08
6E-08
6.04E-08
6E-08
5.98E-08
6.04E-08
5.94E-08
6E-08
6E-08
6.08E-08
6.08E-08
5.9E-08
5.96E-08
5.77E-08
6.29E-08
6.19E-08
6.06E-08
6.06E-08
5.94E-08
5.92E-08
6.06E-08
5.94E-08
5.77E-08
6.04E-08
6.27E-08
6.06E-08
5.96E-08
6E-08
5.94E-08
6.02E-08
6.04E-08
6E-08
6.02E-08
5.69E-08
6.02E-08
6.04E-08
6.06E-08
5.96E-08
5.94E-08
5.92E-08
6.04E-08
6E-08
6.02E-08
5.79E-08
5.73E-08
6.1E-08
5.67E-08
6.02E-08
6.02E-08
5.65E-08
5.98E-08
5.69E-08
6.02E-08
6.04E-08
5.98E-08
6E-08
6E-08
5.67E-08
6.02E-08
5.94E-08
6.02E-08
6E-08
5.96E-08
5.98E-08
6E-08
6E-08
5.75E-08
5.71E-08
5.98E-08
5.71E-08
6.06E-08
5.71E-08
5.83E-08
5.73E-08
5.75E-08
5.71E-08
5.71E-08
5.77E-08
5.75E-08
5.71E-08
6E-08
5.98E-08
5.69E-08
5.75E-08
5.71E-08
5.83E-08
5.98E-08
5.75E-08
6.08E-08
5.75E-08
5.73E-08
6.02E-08
5.88E-08
6E-08
5.98E-08
5.92E-08
5.75E-08
5.75E-08
5.77E-08
5.98E-08
5.98E-08
6.1E-08
5.73E-08
5.75E-08
5.69E-08
6E-08
5.98E-08
6.02E-08
5.98E-08
5.75E-08
5.71E-08
5.85E-08
5.71E-08
6.04E-08
5.83E-08
5.79E-08
5.69E-08
5.67E-08
5.77E-08
5.83E-08
5.71E-08
5.69E-08
5.71E-08
5.77E-08
5.77E-08
5.65E-08
5.69E-08
5.69E-08
5.63E-08
5.79E-08
5.54E-08
5.5E-08
5.79E-08
5.65E-08
5.79E-08
5.48E-08
5.6E-08
5.52E-08
5.48E-08
5.73E-08
5.48E-08
5.56E-08
5.44E-08
5.46E-08
5.42E-08
5.46E-08
5.48E-08
5.44E-08
5.52E-08
5.79E-08
5.56E-08
5.54E-08
5.56E-08
5.48E-08
5.52E-08
5.52E-08
5.4E-08
5.52E-08
5.52E-08
5.23E-08
5.46E-08
5.42E-08
5.52E-08
5.35E-08
5.46E-08
5.6E-08
5.25E-08
5.48E-08
5.52E-08
5.58E-08
5.29E-08
5.46E-08
5.21E-08
5.5E-08
5.5E-08
5.42E-08
5.25E-08
5.29E-08
5.27E-08
5.31E-08
5.23E-08
5.29E-08
5E-08
5.31E-08
5.21E-08
5.6E-08
5.21E-08
5.31E-08
5.27E-08
4.9E-08
5.27E-08
5.27E-08
5.15E-08
5.29E-08
5E-08
4.96E-08
5E-08
5.25E-08
5.19E-08
5.23E-08
4.94E-08
5.25E-08
5.25E-08
4.9E-08
4.98E-08
4.98E-08
5.23E-08
5.27E-08
4.96E-08
4.94E-08
5.19E-08
5.19E-08
5.04E-08
4.96E-08
5.19E-08
5.37E-08
5.04E-08
5.21E-08
5.23E-08
5.1E-08
5.02E-08
5.19E-08
4.96E-08
5.06E-08
4.98E-08
4.98E-08
5.19E-08
5.08E-08
5.02E-08
5.04E-08
5.04E-08
5.1E-08
5.08E-08
5.31E-08
4.94E-08
4.92E-08
5.06E-08
4.94E-08
4.96E-08
4.9E-08
4.92E-08
4.77E-08
5.02E-08
5.04E-08
5E-08
4.98E-08
5E-08
5E-08
5.06E-08
4.67E-08
4.83E-08
5E-08
4.88E-08
5.04E-08
5.06E-08
5.1E-08
4.85E-08
4.73E-08
4.71E-08
4.71E-08
4.77E-08
4.79E-08
4.81E-08
4.77E-08
4.77E-08
4.69E-08
5.04E-08
4.85E-08
4.98E-08
4.94E-08
4.58E-08
4.54E-08
4.52E-08
4.54E-08
4.54E-08
4.52E-08
4.48E-08
4.48E-08
4.52E-08
4.85E-08
4.81E-08
4.63E-08
4.6E-08
4.44E-08
4.5E-08
4.75E-08
4.73E-08
4.73E-08
4.44E-08
4.56E-08
4.73E-08
4.71E-08
4.54E-08
4.73E-08
4.48E-08
4.46E-08
4.44E-08
4.52E-08
4.75E-08
4.25E-08
4.56E-08
4.44E-08
4.5E-08
4.83E-08
4.46E-08
4.71E-08
4.6E-08
4.75E-08
4.48E-08
4.56E-08
4.71E-08
4.75E-08
4.75E-08
4.77E-08
4.52E-08
4.44E-08
4.56E-08
4.46E-08
4.83E-08
4.46E-08
4.48E-08
4.71E-08
4.77E-08
4.75E-08
4.73E-08
4.52E-08
4.5E-08
4.58E-08
4.48E-08
4.73E-08
4.87E-08
4.79E-08
4.67E-08
4.77E-08
4.65E-08
4.42E-08
4.71E-08
4.5E-08
4.75E-08
4.77E-08
4.56E-08
4.75E-08
4.75E-08
4.77E-08
4.65E-08
4.67E-08
4.83E-08
4.52E-08
4.77E-08
4.75E-08
4.69E-08
4.67E-08
4.67E-08
4.83E-08
4.83E-08
4.69E-08
4.77E-08
4.75E-08
4.77E-08
4.69E-08
4.69E-08
4.75E-08
4.77E-08
4.98E-08
4.71E-08
4.94E-08
4.81E-08
4.92E-08
4.75E-08
4.94E-08
5E-08
5.02E-08
5.06E-08
4.94E-08
4.71E-08
4.96E-08
4.85E-08
4.98E-08
4.77E-08
5.08E-08
4.96E-08
5E-08
4.9E-08
5.02E-08
4.9E-08
4.73E-08
4.98E-08
5E-08
4.94E-08
4.87E-08
4.77E-08
4.98E-08
5.02E-08
5.02E-08
5.04E-08
4.96E-08
5.02E-08
5.08E-08
4.94E-08
5E-08
4.77E-08
5E-08
4.75E-08
5.06E-08
4.96E-08
4.75E-08
5.04E-08
4.96E-08
5.02E-08
5.04E-08
4.75E-08
5.29E-08
4.94E-08
5.02E-08
4.94E-08
5.29E-08
5.08E-08
4.96E-08
4.98E-08
4.77E-08
5.06E-08
5.04E-08
4.65E-08
5.02E-08
4.67E-08
5.02E-08
4.9E-08
5E-08
4.98E-08
4.69E-08
4.98E-08
5.04E-08
5.02E-08
5.02E-08
4.73E-08
5.04E-08
4.71E-08
5E-08
5E-08
4.96E-08
5.04E-08
5E-08
5.02E-08
5.08E-08
4.96E-08
4.71E-08
5.06E-08
5.23E-08
4.85E-08
5.02E-08
5.06E-08
5.04E-08
5.21E-08
5.1E-08
5E-08
5.25E-08
5.23E-08
5.21E-08
5.1E-08
5.31E-08
4.98E-08
4.96E-08
4.94E-08
5.25E-08
5.12E-08
5.25E-08
5.19E-08
5.08E-08
5.06E-08
5.21E-08
5.02E-08
4.94E-08
5.33E-08
4.94E-08
4.92E-08
4.94E-08
4.98E-08
5.06E-08
4.94E-08
5E-08
5.19E-08
4.94E-08
5.02E-08
5E-08
5.19E-08
5.08E-08
5.02E-08
5.1E-08
4.96E-08
5.08E-08
4.92E-08
4.96E-08
5.19E-08
5.23E-08
4.98E-08
4.94E-08
4.98E-08
5.19E-08
5E-08
5.1E-08
5.04E-08
5.04E-08
5.04E-08
5.25E-08
5.27E-08
4.98E-08
4.96E-08
5.31E-08
5E-08
4.98E-08
4.98E-08
5.23E-08
5.02E-08
4.96E-08
5E-08
5.23E-08
5.25E-08
4.92E-08
5.29E-08
4.92E-08
4.96E-08
5.27E-08
5.06E-08
5.23E-08
5.27E-08
5.06E-08
5.23E-08
5.35E-08
5.27E-08
5.13E-08
5.25E-08
5.25E-08
5.25E-08
5.27E-08
5.17E-08
5.02E-08
5.25E-08
5.19E-08
4.92E-08
5.48E-08
5.33E-08
5.04E-08
5.29E-08
5.27E-08
5.25E-08
5E-08
4.98E-08
5.23E-08
5.27E-08
5.27E-08
4.88E-08
5.02E-08
5.04E-08
5.04E-08
4.96E-08
4.98E-08
4.94E-08
5.04E-08
5.31E-08
4.94E-08
4.92E-08
5E-08
4.65E-08
5.04E-08
4.94E-08
5.04E-08
4.65E-08
4.96E-08
5.06E-08
4.75E-08
4.83E-08
5E-08
4.98E-08
4.75E-08
4.75E-08
4.77E-08
4.69E-08
4.79E-08
4.92E-08
4.75E-08
4.83E-08
4.75E-08
4.83E-08
4.69E-08
4.85E-08
4.65E-08
4.96E-08
4.98E-08
4.6E-08
5.02E-08
4.69E-08
4.73E-08
4.71E-08
4.81E-08
4.71E-08
4.69E-08
4.92E-08
4.77E-08
4.83E-08
4.85E-08
4.69E-08
4.69E-08
4.46E-08
4.75E-08
4.69E-08
4.79E-08
4.79E-08
4.44E-08
4.79E-08
4.77E-08
4.46E-08
4.75E-08
4.71E-08
4.79E-08
4.81E-08
4.83E-08
4.85E-08
4.69E-08
4.83E-08
4.48E-08
4.81E-08
4.5E-08
4.56E-08
4.54E-08
4.81E-08
4.85E-08
4.48E-08
4.69E-08
4.48E-08
4.25E-08
4.54E-08
4.56E-08
4.69E-08
4.44E-08
4.52E-08
4.23E-08
4.56E-08
4.58E-08
4.54E-08
4.38E-08
4.27E-08
4.5E-08
4.42E-08
4.25E-08
4.48E-08
4.27E-08
4.46E-08
4.23E-08
4.48E-08
4.21E-08
4.23E-08
4.21E-08
4.46E-08
4.62E-08
4.23E-08
4.48E-08
4.48E-08
4.25E-08
4.48E-08
4.4E-08
4.21E-08
4.23E-08
4.27E-08
4.33E-08
4.19E-08
4.17E-08
4.46E-08
4.46E-08
4.21E-08
4.15E-08
4.31E-08
4.54E-08
4.5E-08
4.33E-08
4.25E-08
4.25E-08
4.29E-08
4.31E-08
4.19E-08
4.27E-08
4.27E-08
4.27E-08
4.21E-08
4.23E-08
4.17E-08
4.27E-08
4.29E-08
4.27E-08
4.31E-08
4.06E-08
4.23E-08
4.23E-08
3.9E-08
4.27E-08
4.21E-08
4E-08
4.29E-08
4.19E-08
4.25E-08
3.88E-08
4.23E-08
3.98E-08
4.29E-08
4.12E-08
4.23E-08
3.94E-08
4.08E-08
4.23E-08
4.35E-08
4E-08
4.04E-08
4.21E-08
4.06E-08
3.94E-08
3.98E-08
3.9E-08
4.04E-08
3.96E-08
4.02E-08
4.29E-08
4.08E-08
3.77E-08
4.04E-08
3.87E-08
4.04E-08
4.02E-08
4.1E-08
3.81E-08
3.98E-08
4E-08
3.73E-08
3.75E-08
3.75E-08
3.75E-08
3.71E-08
3.73E-08
3.73E-08
4.04E-08
3.52E-08
3.79E-08
3.81E-08
3.71E-08
3.69E-08
3.81E-08
3.71E-08
3.56E-08
3.75E-08
3.71E-08
3.77E-08
3.67E-08
3.75E-08
3.65E-08
3.77E-08
3.65E-08
3.52E-08
3.75E-08
3.48E-08
3.83E-08
3.75E-08
3.5E-08
3.6E-08
3.73E-08
3.48E-08
3.48E-08
3.44E-08
3.75E-08
3.48E-08
3.83E-08
3.46E-08
3.54E-08
3.67E-08
3.5E-08
3.54E-08
3.46E-08
3.58E-08
3.48E-08
3.19E-08
3.54E-08
3.52E-08
3.46E-08
3.44E-08
3.52E-08
3.52E-08
3.54E-08
3.54E-08
3.46E-08
3.5E-08
3.54E-08
3.21E-08
3.5E-08
3.15E-08
3.27E-08
3.31E-08
3.23E-08
3.31E-08
3.25E-08
3.33E-08
3.42E-08
3.21E-08
3.54E-08
3.56E-08
3.21E-08
3.19E-08
3.25E-08
3.25E-08
3.29E-08
3.29E-08
3.25E-08
3.21E-08
3.23E-08
3.29E-08
3.02E-08
3.25E-08
3.25E-08
3.23E-08
3.37E-08
3E-08
3E-08
3.23E-08
3.25E-08
3.23E-08
2.96E-08
2.96E-08
3.33E-08
2.98E-08
2.96E-08
2.94E-08
3E-08
3.21E-08
2.88E-08
3.23E-08
3.12E-08
3.21E-08
2.94E-08
2.96E-08
3.33E-08
3.19E-08
3.25E-08
3E-08
3.33E-08
3.19E-08
2.98E-08
2.94E-08
3.23E-08
3.21E-08
3.37E-08
3.08E-08
2.94E-08
3.06E-08
3.17E-08
2.94E-08
3.06E-08
2.92E-08
3.04E-08
3E-08
3.04E-08
3.06E-08
3E-08
2.94E-08
2.94E-08
2.73E-08
3E-08
2.77E-08
3.02E-08
2.67E-08
2.73E-08
2.75E-08
2.77E-08
2.98E-08
2.98E-08
2.73E-08
2.69E-08
2.85E-08
2.73E-08
3.08E-08
2.73E-08
2.75E-08
2.73E-08
2.71E-08
2.96E-08
2.71E-08
2.69E-08
2.73E-08
2.94E-08
2.85E-08
2.69E-08
2.67E-08
2.81E-08
3.08E-08
3.12E-08
2.83E-08
2.83E-08
2.69E-08
2.69E-08
2.83E-08
2.58E-08
3.04E-08
2.69E-08
2.75E-08
2.52E-08
2.77E-08
2.67E-08
2.69E-08
2.71E-08
2.65E-08
2.73E-08
2.54E-08
2.77E-08
2.56E-08
2.52E-08
2.5E-08
2.75E-08
2.67E-08
2.54E-08
2.75E-08
2.65E-08
2.52E-08
2.5E-08
2.73E-08
2.48E-08
2.5E-08
2.71E-08
2.5E-08
2.54E-08
2.54E-08
2.58E-08
2.56E-08
2.56E-08
2.52E-08
2.46E-08
2.4E-08
2.42E-08
2.56E-08
2.42E-08
2.44E-08
2.44E-08
2.42E-08
2.38E-08
2.44E-08
2.44E-08
2.52E-08
2.23E-08
2.5E-08
2.44E-08
2.56E-08
2.54E-08
2.48E-08
2.46E-08
2.27E-08
2.6E-08
2.27E-08
2.27E-08
2.48E-08
2.62E-08
2.23E-08
2.21E-08
2.54E-08
2.23E-08
2.23E-08
2.21E-08
2.21E-08
2.35E-08
2.58E-08
2.12E-08
2.29E-08
2.54E-08
2.23E-08
2.33E-08
2.52E-08
2.19E-08
2.27E-08
2.19E-08
