73.3435937 22
133.3431206 25
193.3418982 25
253.3405562 26
313.3389622 26
373.3380693 26
433.3381878 27
493.3360545 27
553.3344719 S
613.3329395 
673.3317746 
733.3317987 27
793.3306604 
853.3276783 
913.328384 28
973.3272673 
1033.3261896 
1093.325447 8
1153.3239306 
1213.3223484 
1273.3219692 28
1333.3202464 
1393.3193073 
1453.318247 28
1513.3179217 
1573.3168548 8
1633.3158012 
1693.3135632 
1753.3129746 28
1813.3120016 8
1873.3805635 8
1933.3103168 28
1993.3091 
2053.3081912 8
2113.3072582 
2173.3050936 
2233.3053892 28
2293.3031173 
2353.3239306 28
2413.300556 28
2473.2997006 28
2533.3342974 28
2593.6490892 28
2653.296038 28
2713.2955684 28
2773.2946303 28
2833.2930841 29
2893.2925534 29
2953.291291 29
3015.3847844 29
3075.5193157 29
3135.288196 29
3195.398078 29
3255.2857035 29
3315.2849486 29
3375.2834783 29
3435.2824678 29
3495.5530329 29
3555.2803669 29
3615.2786395 29
3675.2780062 29
3735.2765462 29
3795.2755157 29
3855.2746916 29
3915.2737452 29
3975.2724135 29
4035.40964 29
4095.8793801 29
4155.2692246 29
4215.3262912 29
4275.4652764 29
4335.2927731 29
4395.3005684 29
4455.2635708 29
4515.2629253 29
4575.262213 29
4635.2609285 29
4695.2594505 29
4755.2589255 29
4815.258282 29
4875.2566747 29
4935.2556699 29
4997.2545234 29
5057.2537459 29
5117.2526523 29
5177.2530054 29
5237.5799628 29
5297.2488353 29
5357.2482985 29
5417.2471828 29
5477.5128783 29
5537.244272 29
5597.2436429 29
5657.2423137 29
5717.408668 29
5777.2406859 29
5837.2389036 29
5897.2378013 29
5957.2366148 29
6017.236137 29
6077.2346888 29
6137.2331447 29
6197.2324165 29
6257.2317863 29
6317.2308359 29
6377.229364 29
6437.2280554 29
6497.2311058 29
6557.3336995 29
6617.2256363 29
6677.2242086 29
6737.2237811 29
6797.2220614 29
6859.2207107 29
6919.2199861 29
6979.219418 29
7039.2175331 29
7099.2404103 29
7159.2156087 29
7219.2141281 29
7279.2138777 29
7339.5512373 29
7399.4958411 29
7459.6200994 29
7519.5506245 29
7579.2092447 29
7639.2069697 29
7699.3295699 29
7759.6654921 29
7819.2633343 29
7879.5322479 29
7939.3827025 29
7999.2570837 29
8059.3943481 29
8119.198964 29
8179.288626 29
8239.2733619 29
8299.1999191 29
8359.211807 29
8419.1953081 29
8479.192189 29
8539.4580071 29
8599.2855808 29
8659.1882908 29
8719.2052736 29
8779.9728587 29
8839.3522599 29
8899.3113991 29
8959.1828737 29
9019.1842264 29
9079.1804345 29
9139.1870787 29
9199.1784459 29
9259.1767257 29
9319.3420993 29
9379.1744513 29
9439.1749793 30
9499.1742321 30
9559.1741844 30
9619.1724073 30
9679.1715626 30
9739.1706511 29
9799.1694837 29
9859.168623 29
9919.1670368 29
9979.1658811 29
10039.7448822 29
10099.1637124 29
10159.1633049 29
10219.1611116 29
10279.1613056 29
10339.1591492 29
10399.1585559 29
10459.1568275 29
10519.1571134 29
10579.155505 29
10639.1545356 29
10699.1535267 29
10759.1518209 29
10819.1511348 29
10879.1500612 29
10939.1486571 29
10999.1482753 29
11059.1469056 30
11119.1460178 30
11179.1451095 30
11239.1443997 29
11299.1425302 30
11359.1412944 30
11419.141395 30
11479.1395501 30
11539.138435 30
11599.1379392 30
11659.136315 30
11719.1359445 30
11779.1339308 30
11839.1337429 30
11899.1326719 30
11959.1314423 30
12019.2541216 30
12079.2363346 30
12139.127713 30
12199.1262268 30
12259.1257788 30
12319.125104 30
12379.1233499 30
12439.1228563 30
12499.1214419 30
12559.1195519 30
12619.1186522 30
12679.1185696 30
12739.1172897 30
12799.1153089 30
12859.3590883 30
12919.1132376 30
12979.113039 30
13039.4533495 30
13099.3098549 30
13159.1097449 30
13219.108542 30
13279.1079703 30
13339.1059171 30
13399.1047552 30
13459.1048461 30
13519.1033101 30
13579.1025003 30
13639.3739655 30
13699.2519595 30
13759.5919082 30
13819.1125099 30
13879.0971319 30
13939.1100349 30
13999.3899296 30
14059.0940753 30
14119.0925194 30
14179.0915736 30
14239.1945696 30
14299.089293 30
14359.0874055 30
14419.1036011 30
14479.0860122 30
14539.0849981 30
14599.0831584 30
14659.0825456 30
14719.0815644 30
14779.0819668 30
14839.0793326 30
14901.0786624 30
14961.0774836 30
15021.0761816 30
15081.0746098 30
15141.0747601 30
15201.0737615 30
15261.0719432 30
15321.0715979 30
15381.0705515 30
15441.0694466 30
15501.0680656 30
15561.1020702 30
15621.0689149 30
15681.0651738 30
15741.0636425 30
15801.0624694 30
15861.0618068 30
15921.0602067 30
15981.0586836 30
16041.0583146 30
16101.0579328 30
16161.0556768 30
16221.0552006 30
16281.0533537 30
16341.0523935 30
16402.0545114 30
16463.0499728 30
16523.0706557 30
16583.1535883 30
16643.0473243 30
16703.0461024 30
16763.0456862 30
16823.043812 30
16883.0440347 30
16943.3294888 30
17003.1067623 30
17063.0408243 30
17123.0384549 30
17183.0378016 30
17243.037174 30
17303.0360701 30
17363.034975 30
17423.0336058 30
17483.0324029 30
17543.0313304 30
17603.0301121 30
17663.0285433 30
17723.027561 30
17783.0271643 30
17843.025673 30
17903.0250705 30
17963.0236793 30
18023.6334561 30
18083.1789555 30
18143.0208706 30
18203.0191894 30
18263.0186188 30
18323.0687394 30
18383.0163562 30
18443.3005591 30
18503.0134346 30
18563.0285392 30
18623.7235522 30
18683.0104781 30
18743.2685729 30
18803.0088883 30
18863.0074622 30
18923.0090243 30
18983.2752104 30
19043.0043923 30
19103.0036625 30
19163.002357 30
19223.0006645 30
19282.9998978 30
19345.3125025 30
19404.9981397 30
19464.9968464 30
19524.9956158 30
19584.9947537 30
19644.9935056 30
19704.992391 30
19764.9911778 30
19825.0273327 30
19884.989316 30
19944.9876881 30
20004.9873879 30
20064.9862379 30
20124.9853439 30
20184.983596 30
20244.9824886 30
20304.9820831 30
20364.9808017 30
20424.9799114 30
20484.9791087 30
20544.9779228 30
20604.9766865 30
20664.9750181 30
20726.9747621 30
20786.9735012 30
20846.9725225 30
20906.9715008 30
20966.97038 30
21026.9699238 30
21086.9684407 30
21146.9663499 30
21206.9663002 30
21266.9650572 30
21326.9638595 30
21386.9628942 30
21446.9620787 30
21506.960415 30
21566.9594764 30
21626.9590011 30
21687.172514 30
21746.9562069 30
21806.9556752 30
21866.9532612 30
21927.312934 30
21986.9519982 30
22046.9509626 30
22107.0350463 30
22167.2521248 30
22227.4284282 30
22286.9463973 30
22346.9455244 30
22407.4349456 30
22466.9450579 30
22526.9417166 30
22586.9620649 30
22646.9398573 30
22706.9389423 30
22766.9374253 30
22826.9440762 31
22886.935837 31
22947.3881976 31
23007.6147608 31
23067.4522877 31
23126.9309007 31
23186.9303747 31
23246.9288105 31
23307.1423188 31
23366.9268337 31
23426.9256668 31
23486.9281295 31
23546.923536 31
23606.9521773 31
23666.9244213 31
23726.9369152 31
23786.9189913 31
23847.2365594 31
23906.9171782 31
23967.2292835 30
24026.9156068 30
24087.3146327 30
24146.912074 30
24206.9116358 30
24266.9099454 30
24327.1928843 30
24386.9086665 30
24447.0514128 30
24506.9054345 30
24566.9054647 30
24627.210483 30
24686.9868219 30
24747.022132 30
24806.9045015 30
24866.9002369 30
24927.1944388 30
24986.8981642 30
25046.8969546 30
25106.9000388 30
25166.8949563 30
25226.8937842 30
25286.8920747 30
25347.3740461 30
25406.8904936 30
25466.8887719 30
25526.8886631 30
25586.8870892 30
25646.8859294 30
25707.0572923 30
25766.8833593 30
25826.8824869 30
25887.2076281 30
25946.8797635 30
26006.8787561 30
26066.8780787 30
26126.877489 30
26186.877606 30
26246.8753906 30
26306.8745634 30
26366.8724665 30
26426.8724644 30
26486.8708926 30
26546.8701654 30
26606.8686109 30
26727.8667322 30
26787.8655796 30
26847.8646255 30
26907.8633749 30
26967.8629187 30
27027.861547 30
27087.8602953 30
27147.8592597 30
27207.8579973 30
27267.8573306 30
27327.8557849 30
27387.8546149 30
27447.8539364 30
27507.8528326 30
27567.851506 30
27627.8506115 30
27687.8490602 30
27747.8480723 30
27807.8470187 30
27867.8468945 30
27927.8456075 30
27987.8442444 30
28047.843081 30
28107.8424026 30
28167.8413952 30
28227.8403222 30
28287.8397438 30
28347.8383408 30
28407.8374427 30
28467.8366442 30
28527.8362639 30
28587.8340249 30
28647.8333726 30
28707.8322539 30
28767.8310741 30
28827.8292076 30
28887.829164 30
28947.82827 30
29007.8270707 30
29067.8253572 30
29127.8242795 30
29187.8232942 30
29247.8227805 30
29307.8215709 30
29367.8198743 30
29427.819394 30
29487.8185154 30
29547.817448 30
29607.8156129 30
29667.8153106 30
29727.8139717 30
29787.8138049 30
29847.8119575 30
29907.8110635 30
29967.8101274 30
30027.8095285 30
30087.8079495 30
30147.8072136 30
30207.8058413 30
30267.8049402 30
30327.8038173 30
30387.8032482 30
30447.8020771 30
30507.8006648 30
30567.7994768 30
30627.7990144 30
30687.7976642 30
30747.796622 29
30807.7955787 29
30867.7947699 29
30927.7934423 29
30987.7924431 29
31047.7914645 29
31107.7905854 29
31167.7893424 29
31227.7891469 29
31287.7876967 29
31347.7856373 29
31407.7857019 29
31467.7847823 29
31527.782804 29
31587.7827193 29
31647.7814953 29
31707.7839638 29
31767.7793528 29
31827.7782274 29
31887.777298 29
31947.7758021 29
32007.7750241 29
32067.7744047 29
32127.7734471 29
32187.7714359 29
32247.7704978 29
32307.7695736 29
32367.7691066 29
32427.7678498 29
32487.7669112 29
32547.7654717 29
32607.7652756 29
32667.7635565 29
32727.7622309 29
32787.7616716 29
32847.7604856 29
32907.7593802 29
32967.7578894 29
33027.7573408 29
33087.75628 29
33147.7547369 29
33207.7537624 29
33267.7534052 29
33327.7517681 29
33387.7506555 29
33447.7500839 29
33507.7491088 29
33567.7484565 29
33627.7465793 29
33687.7461996 29
33747.7453564 29
33807.7437476 29
33867.7427428 29
33927.7419422 29
33987.7409127 29
34047.7400306 29
34107.7380476 29
34167.7382863 29
34227.7366713 29
34287.7354884 29
34347.7347104 29
34407.7336086 29
34467.7326222 29
34527.7311202 29
34587.7300255 29
34647.7296422 29
34707.7282386 29
34767.7269372 29
34827.7266031 29
34887.7251944 29
34947.724419 29
35007.7237252 29
35067.722494 29
35127.7209227 29
35187.7203961 29
35247.7193723 29
35307.7180211 29
35367.7178703 29
35427.7165586 29
35487.7152361 29
35547.7135698 29
35607.7124187 29
35667.7119928 29
35727.7108709 29
35787.7097435 29
35847.7084338 29
35907.7079899 29
35967.7072104 29
36027.7061866 29
36087.7048595 29
36147.7029869 29
36207.7023711 29
36267.7012631 29
36327.7007622 29
36387.6996733 29
36447.6987813 29
36507.6972875 29
36567.6960266 29
36627.6944932 29
36687.6943028 29
36747.6929362 29
36807.6923393 29
36867.6912345 29
36927.6905781 29
36987.6888348 29
37047.6883057 29
37107.6870797 29
37167.6853185 29
37227.6846364 29
37287.6840453 29
37347.6825935 29
37407.6811617 29
37467.6804899 29
37527.6790325 29
37587.6784803 29
37647.6822193 29
37707.6767827 29
37767.6754623 29
37827.6752421 29
37887.674285 29
37947.673155 29
38007.6715662 29
38067.6708718 29
38127.6703453 29
38187.6695134 29
38247.6680508 29
38307.6666227 29
38367.6651401 29
38427.6642728 29
38487.6631771 29
38549.6622601 29
38609.6616745 29
38669.6598881 29
38729.6589803 29
38789.6574341 29
38849.6572832 29
38909.6559936 29
38969.6555682 29
39029.6542251 29
39089.6532655 29
39149.6516618 29
39209.6507606 29
39269.6504984 29
39329.6489732 29
39389.6487053 29
39449.6478324 29
39509.6457355 29
39569.6457473 29
39629.6450176 29
39689.6435396 29
39749.6418364 29
39809.640208 29
39869.6400371 29
39929.638844 29
39989.638223 29
40049.6367184 29
40109.6362211 28
40169.6343685 28
40229.633316 28
40289.6328726 28
40349.6316456 28
40409.6302374 28
40469.6295513 28
40529.6287086 28
40589.628258 28
40649.6270746 28
40709.6264475 28
40769.6244615 28
40829.6241782 28
40889.6221809 28
40949.6220105 28
41009.6203966 28
41069.6199722 28
41129.6185553 28
41189.6179184 28
41249.6164861 28
41309.6198829 28
41369.6151159 28
41429.6135958 28
41489.6128733 28
41549.6117982 28
41609.6100087 28
41669.6097177 28
41729.6084979 28
41789.6073258 28
41849.6061408 28
41909.605661 28
41969.6046654 28
42029.6036319 28
42089.6021 28
42149.6017315 28
42209.6005343 28
42269.5991754 28
42329.5988926 28
42389.5973397 28
42449.5968199 28
42509.5957889 28
42569.5946075 28
42629.5951664 28
42689.5920909 28
42749.591591 28
42809.5905436 28
42869.5893777 28
42929.5885011 28
42989.5871617 28
43049.5867194 28
43109.5851701 28
43169.5848113 28
43229.583417 28
43289.5820827 28
43349.581391 28
43409.5803482 28
43469.5789056 28
43529.5781364 28
43589.5770284 28
43649.5774107 28
43709.5752153 28
43769.5736747 28
43829.5733047 28
43889.5723204 28
43949.5709605 28
44009.5692131 28
44069.5682519 28
44129.5671547 28
44189.566989 28
44249.5700162 28
44309.5655259 28
44369.5640787 28
44429.5630159 28
44489.5614743 28
44549.561425 28
44609.5599927 28
44669.5585722 28
44729.5582171 28
44789.5575418 28
44849.5559406 28
44909.5549194 28
44969.5537883 28
45029.5529683 28
45089.5520153 28
45149.5509863 28
45209.5494555 28
45269.5488407 28
45329.5477687 28
45389.5463364 28
45449.5456302 28
45509.5447927 28
45569.5431931 28
45629.5426676 28
45689.5416608 28
45749.5403075 28
45809.540133 28
45869.5391169 28
45929.5381583 28
45989.5361902 28
46049.5359937 28
46109.5347938 28
46169.533127 28
46229.5327375 28
46289.5320421 28
46349.5309198 28
46409.5301926 28
46469.5286736 28
46529.5279767 28
46589.526761 28
46649.525924 28
46709.5244799 28
46769.5234248 28
46829.5219345 28
46889.5215937 28
46949.5207136 28
47009.519543 28
47069.5178505 28
47129.5181605 28
47191.5162561 28
47251.5157213 28
47312.5170987 28
47372.5161139 28
47432.5146534 28
47492.5134813 28
47552.5129476 28
47613.5096535 28
47673.5084398 28
47733.5070937 28
47793.5062054 28
47853.5059472 28
47913.5049984 28
47973.5036323 28
48033.5027871 28
48093.5014348 28
48153.5006609 28
48213.4997449 28
48273.4990536 28
48333.4977153 28
48393.4965698 28
48453.4958739 28
48513.4942692 28
48573.4936057 28
48633.4919891 28
48693.4909756 28
48753.4902325 28
48813.4898138 28
48873.4887761 28
48933.487584 28
48993.4868147 28
49053.4851997 28
49113.4842129 28
49173.5254293 28
49233.4823926 28
49293.4813652 28
49353.4794787 28
49413.4787475 28
49473.4778468 28
49533.4770462 28
49593.4758741 28
49653.4756771 28
49713.4743674 28
49773.4728664 28
49833.472484 28
49893.4711149 28
49953.4707484 28
50013.4690134 28
50073.4684596 28
50133.4715018 28
50193.4660164 28
50253.4653682 28
50313.4633006 28
50373.4632329 28
50433.4616836 28
50493.4608353 28
50553.4603565 28
50613.4587651 28
50673.4579948 28
50733.4569772 28
50793.45594 28
50853.455336 28
50913.4546699 28
50973.4527475 28
51033.4549845 28
51093.4506362 28
51153.4509888 28
51213.4492075 28
51273.4481216 28
51333.4475145 28
51393.4457692 28
51453.4451395 28
51513.4444288 28
51573.4435707 28
51633.4427076 28
51693.4405275 28
51753.440135 28
51813.4391014 28
51873.4383732 28
51933.4373658 28
51993.4356533 28
52053.4350673 28
52113.433829 28
52173.4331444 28
52233.4320636 28
52293.4307088 28
52353.4294525 28
52413.4289794 28
52473.4283292 28
52533.4273469 28
52593.4263929 28
52653.4249298 28
52713.4245316 28
52773.4227904 28
52833.4220539 28
52893.4214104 28
52953.4202737 28
53013.4188748 28
53073.4177186 28
53133.4173542 28
53193.4160286 28
53253.4156817 28
53313.414076 28
53373.4134427 28
53433.4123491 28
53493.4115747 28
53553.409602 28
53613.4096164 28
53673.4077371 28
53733.4078172 28
53793.4062458 28
53853.4053657 28
53913.4044117 28
53973.4029409 28
54033.4021527 28
54093.401233 28
54153.4004073 28
54213.3986933 28
54273.3980811 28
54333.3966898 28
54393.3961186 28
54453.394652 28
54513.3940495 28
54573.3935558 28
54633.3925628 28
54693.3914589 28
54753.3906927 28
54813.3897459 28
54873.3875166 28
54933.3870938 28
54993.3858267 28
55053.3854973 28
55113.3848152 28
55173.3833876 28
55233.38255 28
55293.3816735 28
55353.3797773 28
55413.3797019 28
55473.3784908 28
55533.3768552 28
55593.3764683 28
55653.3752639 28
55713.3733943 28
55773.3733055 28
55833.3718573 28
55893.370695 28
55953.3695193 28
56013.3685304 28
56073.3683774 28
56133.3671812 28
56193.3664766 28
56253.3658408 28
56313.3638835 28
56373.3637644 28
56433.3626626 28
56493.3610081 28
56553.3605606 28
56613.3597636 28
56673.3587301 28
56733.3573768 28
56793.3559317 28
56853.3555632 28
56913.3543767 28
56973.353433 28
57033.3527587 27
57093.3521275 28
57153.3502687 28
57213.3496826 28
57273.3484356 28
57333.3475529 28
57393.3464655 28
57453.34526 28
57513.3436107 28
57573.3436281 28
57633.3417411 28
57693.3413624 28
57753.340197 28
57813.3395652 28
57873.3385342 28
57933.3372477 27
57993.3358595 28
58053.3351919 28
58113.3349686 27
58173.3324653 27
58233.3315354 27
58293.3306553 27
58353.3304978 27
58413.3295232 27
58473.3283157 27
58533.3271626 27
58593.3264221 27
58653.3250991 27
58713.3244509 27
58773.3232465 28
58833.3222242 28
58893.3212184 28
58953.3197076 28
59013.3188623 28
59073.3178036 28
59133.3176466 28
59193.3168019 27
59253.3158033 27
59313.3139758 27
59373.3133959 27
59433.3124932 27
59493.3114771 27
59553.3097472 27
59613.3088768 27
59673.30863 27
59733.3068964 27
59793.3063268 27
59853.3050515 27
59913.3038491 27
59973.3027345 27
60033.3019298 27
60093.3011431 27
60153.2999002 27
60213.2984022 27
60273.2982667 27
60333.2965511 27
60393.2964701 27
60453.2950609 27
60513.2939206 27
60573.2928578 27
60633.2919299 27
60693.2907162 27
60753.2901225 27
60813.2894805 27
60873.2879435 27
60933.2869962 27
60993.2863034 27
61053.2855331 27
61113.2843286 27
61173.2837282 27
61233.2823631 27
61293.2815621 27
61353.2802037 27
61413.2797654 27
61473.2789299 27
61533.2772349 27
61593.2757523 27
61653.2756594 27
61713.2747993 27
61773.273541 27
61833.2720553 27
61893.2716207 27
61953.2702597 27
62013.269357 27
62073.2685395 27
62133.2674839 27
62193.266904 27
62253.2650555 27
62313.2644941 27
62373.2627072 27
62433.261551 27
62493.2612939 27
62553.2595244 27
62613.2593607 27
62673.2579592 27
62733.2571699 27
62793.256143 27
62853.2548601 27
62913.2536731 27
62973.2528576 27
63033.2524856 27
63093.2512945 27
63153.2500679 27
63213.2497246 27
63273.2484817 27
63333.247872 27
63393.2467538 27
63453.2449017 27
63513.2446426 27
63573.2437158 27
63633.2428213 27
63693.2412822 27
63753.2399782 27
63813.2397545 27
63873.23884 27
63933.2366985 27
63993.2363495 27
64053.2347591 27
64113.2342968 27
64173.2337015 27
64233.2323826 27
64293.2311581 27
64353.2298454 27
64413.2296827 27
64473.2289448 27
64533.2270968 27
64593.2267412 27
64653.2250138 27
64713.2244026 27
64773.2232453 27
64833.2224982 27
64893.2217135 27
64953.2207903 27
65013.2190665 27
65073.2188063 27
65133.2179708 27
65193.2174592 27
65253.2163769 27
65313.2187719 27
65373.2133501 27
65433.2122134 27
65493.2107616 27
65553.2105286 27
65613.2092955 27
65673.2086642 27
65733.2070872 27
65793.2067773 27
65853.2057047 27
65913.2048687 27
65973.2027662 27
66033.2026513 27
66093.2019154 27
66153.2009383 27
66213.1994598 27
66273.1991703 27
66333.1980793 27
66393.1964417 27
66453.1963837 27
66513.1951229 27
66573.1933775 27
66633.1927047 27
66693.1922896 27
66753.1919088 27
66813.190224 27
66873.1889333 27
66933.187326 27
66993.1872178 27
67053.1852004 27
67113.1840273 27
67173.1835038 27
67233.1826366 27
67293.1819746 27
67353.1806198 27
67413.1803878 27
67473.1788955 27
67533.1777192 27
67593.1765363 27
67653.1763003 27
67713.174382 27
67773.1742383 27
67833.1732397 27
67893.1718505 27
67953.1710714 27
68013.1705778 27
68073.168759 27
68133.1676973 27
68193.167085 27
68253.1654018 27
68313.1648789 27
68373.163854 27
68433.1631971 27
68493.1618849 27
68553.1611572 27
68613.1605152 27
68673.1591681 27
68733.1577636 27
68793.1573956 27
68853.1561922 27
68913.1553039 27
68973.1543093 27
69033.1530151 27
69093.6649409 27
69153.1505179 27
69213.1490276 27
69273.1486874 27
69333.1474362 27
69393.1468384 27
69453.1461753 27
69513.1451716 27
69573.1435714 27
69633.1427888 27
69693.1427796 27
69753.1410671 27
69813.1396215 27
69873.1390149 27
69933.1377448 27
69993.1363294 27
70053.1355242 27
70113.1350367 27
70175.1339764 27
70235.1329131 27
70295.1326981 27
70355.1309512 27
70415.1300773 27
70475.1282329 27
70535.128159 27
70595.1269196 27
70655.1255104 27
70715.1253873 27
70775.1241572 27
70835.1231914 27
70895.1221573 27
70955.1214491 27
71015.1196124 27
71075.1188452 27
71135.1184814 27
71195.1168597 27
71255.115819 27
71315.1155152 27
71375.1136477 27
71435.1130231 27
71495.1122087 27
71555.1112362 27
71615.1100749 27
71675.1085128 27
71735.1083542 27
71795.1064795 27
71855.1062825 27
71915.1044925 27
71975.1039726 27
72035.1021898 27
72095.1023992 27
72155.1013933 27
72215.0998487 27
72275.0989916 27
72335.0977431 27
72395.0976384 27
72457.0965309 27
72519.0945916 27
72579.0941282 27
72639.0931552 27
72699.0919579 27
72759.0908212 27
72819.0903055 27
72879.0932306 27
72939.0885001 27
72999.0869359 27
73059.0858603 27
73119.0851629 27
73179.08402 27
73239.0834473 27
73299.0822223 27
73359.0814649 27
73419.080262 27
73479.078958 27
73539.0785731 27
73599.0768103 27
73659.0765896 27
73719.0756156 27
73779.0744168 27
73839.073275 27
73899.0728788 27
73959.0713911 27
74019.0703508 27
74079.0700126 27
74139.0682232 27
74199.0671019 27
74259.0670854 27
74319.0649686 27
74379.0647166 27
74439.0637441 27
74499.0627265 27
74559.0611443 27
74619.0608123 27
74679.0597823 27
74739.0591747 27
74799.0574812 27
74859.0570532 27
74919.0557107 27
74979.054127 27
75039.0539859 27
75099.0526501 27
75159.0552802 27
75219.0509073 27
75279.049456 27
75339.0488068 27
75399.047293 27
75459.046595 27
75519.0455758 27
75579.0448245 27
75639.0431865 27
75699.0428467 27
75759.0412938 27
75819.0401048 27
75879.0392124 27
75939.0386417 27
75999.0379509 27
76059.0366475 27
76119.0350735 27
76179.0346655 27
76239.0332769 27
76299.0333426 27
76359.0314879 27
76419.0305729 27
76479.0299684 27
76539.0287531 27
76599.0277796 27
76659.026666 27
76719.0263412 27
76779.0253518 27
76839.0235094 27
76899.0234355 27
76959.0224867 27
77019.0207716 27
77079.0199284 27
77139.0190765 27
77199.01816 27
77259.0169063 27
77319.0160452 27
77379.014736 27
77439.0144153 27
77499.0133853 27
77559.0125689 27
77619.0109005 27
77679.0103601 27
77739.0093789 27
77799.0083864 27
77859.0063172 27
77919.0063511 27
77979.0050964 27
78039.003448 27
78099.0029533 27
78159.0024427 27
78219.0013609 27
78279.0004798 27
78338.9996648 27
78398.9977537 27
78458.9971287 27
78519.0026757 27
78578.9951971 27
78638.9947116 27
78698.9938535 27
78758.9919517 27
78818.9915812 27
78878.9905066 27
78938.9891451 27
78998.9885323 27
79058.9875388 27
79118.9865612 27
79178.9854378 27
79238.9840415 27
79298.9842139 27
79358.9824762 27
79418.980833 27
79478.9813883 27
79538.9790153 27
79598.9785658 27
79658.9778083 27
79718.9769303 27
79778.9761348 27
79838.975168 27
79898.9734878 27
79958.9725821 27
80018.9715731 27
80078.9706761 27
80138.9702235 27
80198.968901 27
80258.9673527 27
80318.9666332 27
80378.9662499 27
80438.965164 27
80498.968279 27
80558.9630276 27
80618.9616784 27
80678.959987 27
80738.9598089 27
80798.9588985 27
80858.9579363 27
80918.9570387 27
80978.9553329 27
81038.9542819 27
81098.953778 27
81158.9529425 27
81218.9519726 27
81278.9512054 27
81338.9539807 27
81398.948582 27
81458.9475171 27
81518.9476095 27
81578.946268 27
81638.9450646 27
81698.944008 27
81758.9433952 27
81818.9423093 27
81878.941303 27
81938.9402612 27
81998.9397162 27
82058.937997 27
82118.9363969 27
82178.9363697 27
82238.9354378 27
82298.934434 27
82358.9331362 27
82418.9324511 27
82478.9309674 27
82538.9298092 27
82598.9287325 27
82658.928148 27
82718.9266233 27
82778.9264258 27
82838.924859 27
82898.9247687 28
82958.9233851 28
83018.9224599 28
83078.920907 28
83138.9201762 28
83198.9188127 28
83258.9186926 28
83318.9176755 28
83378.9198349 28
83438.9148581 28
83498.9137978 28
83558.9137563 28
83618.9121469 28
83678.9107957 28
83738.9100752 28
83798.9092597 28
83858.9072157 28
83918.9068185 28
83978.9062109 28
84038.9048648 28
84098.904151 28
84158.9068011 28
84219.4409586 28
84278.9013536 28
84338.9005043 28
84398.8982966 28
84458.8976038 28
84518.8967442 28
84578.9045641 28
84638.895178 28
84698.893232 28
84758.8927999 28
84818.8919654 28
84878.8904161 28
84938.8891588 28
84998.8879677 28
85058.9737757 28
85118.8859889 28
85178.8850872 28
85238.884241 28
85298.8827517 28
85358.881985 28
85419.0661135 28
85478.8797424 28
85538.8787258 28
85598.8777826 28
85658.8764457 28
85718.8758443 28
85778.8744079 28
85838.8778267 29
85898.9640124 29
85958.9109789 29
86021.2553204 29
86080.8687187 29
86140.8682225 29
86200.8669785 29
86260.8661328 29
86320.8648416 29
86381.1061752 29
86441.3888607 29
86500.9403854 29
86563.1850532 29
86622.860068 29
86682.8586285 29
86742.9724599 29
86802.8568395 29
86862.8548658 29
86922.8538117 29
86982.8529557 29
87042.8516666 29
87102.8508573 29
87162.8501897 29
87222.9396131 29
87282.8477259 29
87342.8461078 29
87402.845375 29
87462.8454063 29
87522.8438282 29
87582.8423236 29
87642.8418484 29
87702.8405906 29
87762.8399388 29
87822.8383218 29
87882.8371635 29
87942.8367602 29
88002.8353048 29
88063.0690869 29
88122.8331802 29
88182.8312758 29
88242.8311993 29
88302.8296233 29
88362.8327045 29
88422.8279524 29
88482.8269876 29
88542.8252043 29
88602.8244802 29
88662.82282 29
88722.8225593 29
88782.8206672 29
88842.8207765 29
88902.8189055 29
88962.8185493 29
89022.8176035 29
89082.8155518 29
89142.8149899 29
89202.8142139 29
89262.8122346 29
89322.811103 29
89382.8105441 29
89442.8098093 29
89502.8078222 29
89563.8095896 29
89623.8094131 29
89683.8081835 29
89743.8074409 29
89803.806355 29
89863.8053312 29
89923.8039051 29
89983.8023712 29
90043.8022023 29
90103.800515 29
90164.7976396 29
90224.796216 29
90284.7997349 29
90344.7944261 29
90404.7930625 29
90465.3993645 29
90524.7909852 29
90584.7900481 29
90645.0802799 29
90704.7880456 30
90764.7862479 30
90824.7859236 30
90884.7848003 30
90944.7830534 30
91004.7824268 30
91064.8166931 30
91126.7800338 30
91186.7807733 30
91246.7773457 30
91307.0989629 30
91366.775702 30
91426.7750836 30
91486.7735492 30
91546.7720415 30
91606.7716124 30
91666.7703326 30
91726.7693924 30
91786.9551569 30
91846.7673587 30
91906.7662887 30
91966.7643812 30
92026.8270676 30
92086.7627333 30
92146.7615761 30
92206.8545338 30
92266.7664226 30
92326.7670451 30
92386.757194 30
92446.7560773 30
92506.7557417 30
92566.7539907 30
92626.753749 30
92686.7517461 30
92746.7513719 30
92806.7504313 30
92866.7486798 30
92926.7481738 30
92988.7474384 30
93048.7454175 30
93108.7444522 30
93168.7437532 30
93228.7422778 30
93288.8773597 30
93348.740786 30
93408.7392675 30
93468.7379296 30
93528.7368714 30
93588.7359431 30
93648.7802534 30
93708.7338272 30
93768.7325956 30
93828.7317319 30
93889.3908713 30
93948.7307584 30
94008.7286471 30
94068.7277922 30
94128.726539 30
94190.7259324 30
94250.9935154 30
94310.7239407 30
94370.7229651 30
94430.7215323 30
94490.719981 30
94550.719494 30
94610.7184199 30
94670.7833243 30
94730.716187 30
94790.7151535 30
94850.7139634 30
94910.71284 30
94970.7114365 30
95030.7100386 30
95090.7096932 30
95151.1265589 30
95210.8916981 30
95270.7059813 30
95330.7052978 30
95390.7035406 30
95450.7030798 30
95510.7019318 30
95570.7048107 30
95630.6996876 30
95690.6982158 30
95750.6975266 30
95810.6963555 30
95870.6956868 30
95930.6937978 30
95990.6935484 30
96050.6918118 30
96110.6911626 30
96170.6938081 30
96230.6893033 30
96290.6882508 30
96350.6862822 30
96410.6853585 30
96471.09554 30
96530.6843732 30
96590.6829034 30
96650.6816743 30
96710.680942 30
96770.6800065 30
96830.6829322 30
96890.6778137 30
96950.6759267 30
97010.7494193 30
97070.6825801 30
97130.6726372 30
97190.6726233 30
97250.6710581 30
97310.91398 30
97370.669515 30
97430.6674212 30
97490.6666945 30
97550.6653987 30
97610.665449 30
97670.6639007 30
97730.6630001 30
97790.6618588 30
97850.6600626 30
97910.6587843 30
97970.8591437 30
98030.7498991 30
98090.65632 30
98150.6550591 30
98210.6541389 30
98270.6531824 30
98331.1762859 30
98390.6510121 30
98450.6494212 30
98510.64875 30
98570.6481583 30
98630.6469323 30
98690.6810785 30
98751.3274341 30
98810.7417523 30
98870.6417337 30
98930.6450012 30
98991.0977677 30
99050.6396923 30
99110.6380578 30
99171.0621835 30
99230.6401311 30
99290.8949429 30
99350.6327037 30
99410.6320412 30
99470.6317585 30
99530.6305694 30
99590.7396421 30
99650.6282411 30
99710.6264819 30
99770.6262084 30
99830.6252138 30
99890.9162237 30
99950.6236204 30
100010.6216523 30
