19.535742 0
20.5332243 13380
21.5337919 26347
22.5332556 37999
23.533233 48495
24.5332028 57892
25.5332248 66328
26.5333018 73961
27.5335661 80729
28.5325562 86850
29.5332253 92364
31.5342456 92364
32.5343359 92364
33.534612 92364
34.5343415 92364
35.534865 92364
36.534303 92364
37.5324874 131149
38.53327 131911
39.5333423 132515
40.533406 133060
41.5324679 133626
42.5326162 134093
43.5331869 134541
44.5332346 134970
45.5329256 135280
46.5330119 135631
47.5334024 135982
48.5327691 136274
49.5322282 136487
50.5326578 136760
51.5332418 136973
52.5326403 137167
53.5330206 137302
54.5332695 137476
55.5332464 137651
56.533194 137746
57.5321138 137842
58.5337406 137958
59.5331402 138013
60.5330129 138090
61.5332854 138166
62.5350559 138242
63.5346638 138239
64.5321574 138295
65.5334491 138312
66.5321138 138348
67.5337585 138365
68.5321035 138382
69.5330811 138378
70.532124 138355
71.5341126 138372
72.5319942 138389
73.5340223 138365
74.5335892 138342
75.5325875 138319
76.5329816 138335
77.532647 138312
78.5322477 138309
79.5329723 138305
80.5325074 138262
81.5322349 138258
82.5334316 138235
83.5322534 138211
84.5345201 138208
85.5325177 138164
86.5323817 138201
87.5340967 138177
88.5327666 138173
89.5319501 138170
90.5317458 138126
91.5316263 138142
92.5315175 138099
93.5316591 138135
94.5326229 138111
95.5319444 138127
96.5330319 138084
97.5325392 138100
98.5323683 138116
99.5322293 138072
100.5319793 138108
101.5325171 138105
102.5317746 138101
103.5319711 138097
104.5317571 138093
105.5321071 138069
106.5323062 138065
107.5322703 138082
108.5323129 138078
109.53216 138094
110.5314877 138070
111.5323709 138066
112.5322518 138102
113.5325069 138079
114.5312486 138095
115.5317504 138091
116.5315908 138107
117.5324669 138103
118.5322092 138079
119.5317217 138116
120.53224 138112
121.531131 138108
122.5320671 138084
123.5350892 138120
124.5320281 138097
125.5314856 138093
126.5331889 138149
127.5318613 138065
128.5319126 138102
129.5318546 138118
130.5321759 138134
131.5308637 138130
132.5319839 138147
133.5328276 138103
134.5312578 138159
135.531986 138135
136.5313358 138112
137.5313322 138128
138.5319573 138124
139.5311002 138120
140.5319773 138117
141.5313743 138133
142.5313928 138129
143.5311418 138145
144.5316062 138082
145.5313276 138098
146.5316227 138054
147.5313671 138110
148.5319578 138106
149.5322898 138123
150.5325043 138119
151.5312326 138135
152.5312296 138131
153.531734 138088
154.5310982 138124
155.5313302 138120
156.5317032 138096
157.5308154 138112
158.5313548 138089
159.53111 138145
160.5316129 138121
161.5315565 138117
162.531754 138094
163.530583 138090
164.531596 138106
165.5313887 138082
166.5309386 138098
167.5312455 138094
168.5310279 138131
169.5306225 138127
170.5307189 138103
171.5312968 138119
172.5316473 138096
173.5310494 138112
174.5312973 138068
175.5306076 138104
176.5311988 138120
177.5320989 138157
178.5313312 138113
179.5312131 138089
180.5314769 138125
181.5310515 138122
182.5311233 138098
183.5374324 138114
184.5313753 138130
185.5316273 138127
186.5312696 138123
187.5310566 138119
188.5309391 138115
189.5310628 138132
190.5304865 138108
191.530293 138104
192.5302848 138120
193.5309591 138096
194.5306948 138133
195.5306769 138129
196.5333947 138105
197.530314 138121
198.530836 138098
199.5305378 138134
200.5307477 138090
201.5304896 138086
202.5299189 138122
203.5304367 138139
204.5309812 138095
205.5305599 138091
206.5301144 138127
207.5309596 138104
208.5305917 138120
209.5319347 138156
210.5327778 138092
211.5299635 138129
212.5318151 138145
213.5309909 138121
214.5323134 138117
215.531713 138074
216.5320034 138090
217.530272 138106
218.5319121 138102
219.5301719 138098
220.5307102 138114
221.529847 138111
222.5315236 138127
223.5298306 138103
224.5303335 138119
225.5300805 138156
226.5319008 138092
227.5302961 138108
228.5305429 138104
229.5297028 138101
230.5306102 138137
231.5301955 138133
232.5305778 138149
233.5300487 138086
234.5304931 138102
235.5303546 138098
236.5302217 138114
237.5296064 138090
238.5302401 138107
239.5298937 138123
240.530389 138139
241.5304613 138115
242.5304834 138112
243.532784 138088
244.5298281 138124
245.529845 138120
246.5301093 138076
247.5294734 138113
248.5300754 138109
249.5670294 138085
250.5299553 138101
251.5299158 138097
252.5297054 138134
253.5296998 138090
254.5297034 138126
255.5301524 138102
256.5306497 138078
257.5295787 138115
258.5301103 138111
259.5290768 138087
260.5295869 138103
261.5294247 138099
262.5300385 138116
263.5300036 138112
264.5302052 138088
265.5296135 138104
266.5299543 138141
267.5296869 138057
268.5302027 138113
269.5293816 138129
270.529397 138105
271.5293626 138122
272.5295473 138098
273.5297418 138074
274.5298794 138110
275.5293513 138106
276.5290773 138083
277.529766 138119
278.5295422 138115
279.5303361 138131
280.5291312 138108
281.5299394 138124
282.5297567 138120
283.5287103 138096
284.5298147 138092
285.5298973 138089
286.5289408 138105
287.5302725 138121
288.5288186 138157
289.5292148 138094
290.5292158 138110
291.529808 138146
292.5292405 138062
293.5293046 138118
294.5289946 138135
295.5289264 138111
296.5291081 138127
297.5293277 138123
298.5287668 138140
299.5295258 138116
300.529318 138132
301.5294945 138128
302.5302478 138045
303.5323904 138101
304.528543 138097
305.5289859 138073
306.5290644 138069
307.5293785 138145
308.5288114 138082
309.5294247 138098
310.528482 138114
311.5308267 138150
312.5286205 138127
313.5294483 138103
314.5283326 138119
315.5291614 138075
316.5285656 138111
317.5283624 138068
318.5292718 138104
319.5288828 138140
320.529357 138116
321.5291958 138112
322.5292764 138129
323.5299902 138125
324.5290475 138041
325.5292861 138097
326.5285343 138094
327.5282741 138090
328.5280139 138066
329.5288705 138082
330.5282587 138118
331.5292158 138094
332.5281674 138091
333.5283639 138127
334.5290172 138123
335.5290039 138059
336.5288335 138115
337.5288089 138132
338.5286128 138128
339.5294247 138084
340.5285687 138080
341.5284153 138116
342.5286329 138133
343.528269 138129
344.5282772 138145
345.5283932 138082
346.5286513 138098
347.5287981 138114
348.5286252 138090
349.5288135 138106
350.5284055 138082
351.5279206 138119
352.5287642 138135
353.5286698 138091
354.5283152 138087
355.528755 138104
356.5284337 138080
357.5567954 138116
358.5286862 138092
359.5286652 138128
360.5282895 138085
361.5279785 138081
362.5282972 138077
363.5313153 138113
364.527901 138109
365.5281761 138105
366.5282685 138082
367.5276609 138118
368.5285287 138134
369.5278159 138150
370.5284455 138147
371.5283275 138123
372.5284127 138139
373.5283875 138115
374.5280437 138072
375.5284425 138108
376.5273704 138084
377.5277861 138120
378.5292051 138096
379.5278123 138113
380.5281448 138109
381.5276763 138085
382.5277219 138101
383.5274104 138137
384.5480292 138074
385.5281833 138110
386.5281576 138106
387.5278985 138082
388.5281628 138119
389.5279123 138115
390.5281494 138111
391.527529 138107
392.5276727 138083
393.5283152 138120
394.5288997 138096
395.5277861 138092
396.527511 138088
397.5271267 138124
398.5277635 138101
399.5276414 138137
400.5280571 138153
401.5276522 138089
402.5272683 138086
403.527878 138122
404.527275 138158
405.5274063 138114
406.527257 138111
407.5273253 138107
408.5272657 138103
409.5272339 138119
410.5279421 138075
411.5275064 138112
412.5271923 138108
413.5271528 138124
414.527412 138120
415.5276373 138116
416.5279211 138113
417.5268947 138089
418.5271174 138105
419.5271503 138101
420.5270317 138118
421.5276752 138114
422.5263815 138090
423.5298558 138086
424.5272113 138102
425.5275603 138119
426.5266027 138075
427.5272575 138111
428.5275136 138107
429.5275362 138123
430.5276455 138100
431.5267223 138116
432.527723 138112
433.5275418 138108
434.5273052 138125
435.5266473 138101
436.526889 138117
437.5263892 138093
438.5268926 138109
439.5272544 138106
440.5269157 138142
441.5271123 138098
442.5270486 138074
443.5269989 138110
444.5272601 138107
445.5273078 138103
446.5307451 138119
447.5272611 138115
448.527258 138112
449.5272611 138128
450.527236 138104
451.5271159 138120
452.5262214 138076
453.5271318 138093
454.5271123 138089
455.5264723 138085
456.5265981 138101
457.5271292 138117
458.526886 138094
459.5270071 138110
460.5265011 138146
461.5267895 138082
462.5268962 138098
463.5258796 138095
464.5258575 138091
465.526422 138107
466.5257744 138103
467.5264518 138119
468.5264631 138136
469.5265693 138132
470.5262445 138048
471.5259474 138104
472.5265637 138121
473.526633 138117
474.5371599 138093
475.5258719 138089
476.5266437 138105
477.5266094 138102
478.5258883 138098
479.5258021 138074
480.526556 138090
481.5255019 138106
482.5265237 138143
483.5285851 138119
484.5260341 138115
485.5264739 138111
486.5258468 138107
487.5254039 138084
488.5261188 138120
489.5264339 138096
490.5258868 138112
491.5263866 138109
492.5257395 138105
493.526205 138081
494.525779 138117
495.5261177 138133
496.5262455 138110
497.5255265 138086
498.5262311 138102
499.5269973 138078
500.5258642 138094
501.5265786 138091
502.5270969 138107
503.5261064 138103
504.5272549 138079
505.5253254 138115
506.5250842 138092
507.5274874 138108
508.5257369 138104
509.525875 138140
510.5257498 138116
511.525604 138073
512.5259017 138109
513.5253936 138125
514.5258622 138081
515.5256533 138077
516.5277456 138114
517.5258011 138090
518.5252812 138146
519.5258617 138122
520.5252417 138119
521.5254875 138075
522.525876 138111
523.5257698 138087
524.5251257 138143
525.526771 138120
526.5248702 138069
527.5259212 137993
528.5254013 137953
529.5252971 137891
530.5253633 137771
531.5248928 137714
532.5255199 137602
533.5251914 137516
534.5250693 137417
535.5252484 137227
536.5244252 137119
537.5251458 136970
538.5266119 136838
539.5250308 136746
540.5252484 136612
541.5295612 136537
542.5249636 136461
543.5268234 136424
544.5250934 136307
545.5248784 136248
546.5251268 136208
547.6054895 136168
548.5249087 136128
549.5241327 136106
550.696838 136045
551.524357 136042
552.525176 135980
553.5243206 136017
554.5249969 135974
555.5240337 135930
556.5249774 135966
557.5248142 135902
558.5248573 135918
559.5267064 135874
560.5248748 135909
561.524453 135865
562.5247085 135900
563.5241928 135895
564.5241825 135850
565.5244694 135865
566.5247804 135860
567.5247609 135855
568.524649 135850
569.5251027 135865
570.5243416 135840
571.5262968 135875
572.5240686 135870
573.524182 135825
574.5239393 135820
575.5238849 135795
576.5243472 135830
577.5245525 135845
578.5277255 135800
579.5242159 135835
580.5237509 135850
581.5242559 135826
582.5239921 135841
583.5239731 135856
584.5246259 135791
585.5235108 135827
586.5240327 135802
587.5244704 135837
588.5237714 135852
589.5276049 135848
590.5244165 135823
591.525778 135859
592.5237612 135834
593.5240927 135810
594.5238997 135805
595.524336 135801
596.5243339 135836
597.5232978 135831
598.5242769 135827
599.5241604 135842
600.5237258 135818
601.5240414 135793
602.5238253 135829
603.5253926 135864
604.5235965 135840
605.5235841 135815
606.5235923 135831
607.5240994 135826
608.5231418 135822
609.5239028 135837
610.5233296 135853
611.5236113 135868
612.5236755 135824
613.5242754 135819
614.5250508 135815
615.5233281 135810
616.5238464 135826
617.5230889 135821
618.5235857 135776
619.5235143 135812
620.5235764 135827
621.5233352 135823
622.5246064 135838
623.5236462 135854
624.5244796 135829
626.0129876 135824
626.8030211 135820
627.582974 135815
628.5240819 135851
629.5238315 135826
630.5232213 135862
631.5238638 135817
632.6771789 135832
633.8140407 135832
634.9131685 135832
635.7007428 135832
636.7345365 135832
637.6082668 135832
638.7089363 135832
639.8488721 135832
641.1821863 135832
641.6110514 135832
642.5535547 135832
643.5233794 135832
644.5232008 135832
645.5231618 135832
646.5226347 135832
647.5233435 135832
648.5230622 135832
649.5222468 135832
650.5227051 135832
651.5227487 135832
652.5225927 135832
653.5222134 135832
654.5273376 135832
655.5222406 135832
656.5227769 135832
657.5223525 135832
658.5225285 135832
659.5227246 135832
660.5224274 135832
661.5219897 135832
662.5220533 135832
663.526049 135832
664.522196 135832
665.5227189 135832
666.5226886 135832
667.5225147 135832
668.5228323 135832
669.5225064 135832
670.5217562 135832
671.522665 135832
672.5220461 135832
673.5247106 135832
674.5253392 135832
675.7835385 135832
676.5222206 135832
677.5225629 135832
678.522081 135832
679.5226029 135832
680.5225865 135832
681.5225998 135832
682.5217126 135832
683.5227122 135832
684.5219851 135832
685.5219784 135832
686.5219851 135832
687.5221272 135832
688.5223253 135832
689.521827 135832
690.522081 135832
691.5218999 135832
692.521887 135832
693.5221708 135832
694.5219717 135832
695.5224849 135832
696.5214647 135832
697.5223689 135832
698.5216063 135832
699.5221811 135832
700.522158 135832
701.5221955 135832
702.5216474 135832
703.5218947 135832
704.5222114 135832
705.5211321 135832
706.5221765 135832
707.5222103 135832
708.5215216 135832
709.521595 135832
710.5211968 135832
711.5221062 135832
712.5221493 135832
713.5216484 135832
714.5217931 135832
715.5220112 135832
716.5219496 135832
717.5215955 135832
718.5214739 135832
719.5219435 135832
720.5214765 135832
721.5210808 135832
722.5248183 135832
723.5279257 135832
724.521576 135832
725.5217587 135832
726.5209294 135832
727.5209618 135832
728.5211773 135832
729.5217834 135832
730.5217449 135832
731.521186 135832
732.5216145 135832
733.5214416 135832
734.5207714 135832
735.5214426 135832
736.5214791 135832
737.5215288 135832
738.5210875 135832
739.5207652 135832
740.521592 135832
741.520971 135832
742.5216741 135832
743.5213969 135832
744.5211629 135832
745.5206785 135832
746.5208668 135832
747.5213087 135832
748.5211932 135832
749.5208037 135832
750.5214626 135832
751.5205014 135832
752.5209956 135832
753.5208807 135832
754.5215945 135832
755.5216571 135832
756.5214257 135832
757.521086 135832
758.5206728 135832
759.5249143 135832
760.5204327 135832
761.5213405 135832
762.5213523 135832
763.5212604 135832
764.5212091 135832
765.5209674 135832
766.520895 135832
767.520523 135832
768.5210665 135832
769.5207529 135832
770.5213656 135832
771.5206872 135832
772.5202069 135832
773.5205666 135832
774.520369 135832
775.5207965 135832
776.5210239 135832
777.5201704 135832
778.5207786 135832
779.5207673 135832
780.5204414 135832
781.5204665 135832
782.5203978 135832
783.5219342 135832
784.5208766 135832
785.5204655 135832
786.5203182 135832
787.5205517 135832
788.5206528 135832
789.519978 135832
790.5206272 135832
791.5206605 135832
792.5208227 135832
793.5200724 135832
794.5201817 135832
795.5202972 135832
796.5201514 135832
797.5205281 135832
798.5204096 135832
799.5197671 135832
800.5200452 135832
801.5200586 135832
802.5200206 135832
803.5205143 135832
804.5203583 135832
805.520038 135832
806.5206646 135832
807.5204342 135832
808.5205081 135832
809.5199082 135832
810.5197558 135832
811.5204886 135832
812.5203069 135832
813.5203151 135832
814.5198907 135832
815.5202633 135832
816.5201514 135832
817.5215914 135832
818.5198836 135832
819.5237781 135832
820.5224351 135832
821.5237217 135832
822.5766536 135832
823.5204014 135832
824.5195156 135832
825.5203044 135832
826.5196444 135832
827.5195397 135832
828.5200216 135832
829.5201196 135832
830.5200663 135832
831.5189778 135832
832.5194058 135832
833.5197111 135832
834.5195469 135832
835.5199123 135832
836.5191087 135832
837.5192051 135832
838.5190922 135832
839.5191015 135832
840.5192308 135832
841.5200586 135832
842.5193622 135832
843.5215232 135832
844.5211742 135832
845.5197101 135832
846.5190368 135832
847.5195002 135832
848.5193873 135832
849.5195798 135832
850.5198168 135832
851.5192005 135832
852.5194674 135832
853.5197753 135832
854.5197814 135832
855.518809 135832
856.5197116 135832
857.5370655 135832
858.5195392 135832
859.5192903 135832
860.5195613 135832
861.5193565 135832
862.5196177 135832
863.5187427 135832
864.5193888 135832
865.5190609 135832
866.5193468 135832
867.8876653 135832
868.7248907 135832
869.5578459 135832
870.5185216 135832
871.5185991 135832
872.5193324 135832
873.5192308 135832
874.5188633 135832
875.5191271 135832
876.5185359 135832
877.5187438 135832
878.519357 135832
879.5190034 135832
880.5196701 135832
881.5190702 135832
882.518381 135832
883.519414 135832
884.5189983 135832
885.5201027 135832
886.5185708 135832
887.5194566 135832
888.5186889 135832
889.5227548 135832
890.7607464 135832
891.6166343 135832
892.6112741 135832
893.6047839 135832
894.5188957 135832
895.5182506 135832
896.5185211 135832
897.5190861 135832
898.5186576 135832
899.5182634 135832
900.5182357 135832
901.5180761 135832
902.51844 135832
903.52132 135832
904.5187556 135832
905.5189275 135832
906.5183502 135832
907.5188059 135832
908.5184133 135832
909.5184738 135832
910.5182511 135832
911.518598 135832
912.5188952 135832
913.5186535 135832
914.5187037 135832
915.5193437 135832
916.5180802 135832
917.5183132 135832
918.5183142 135832
919.5180905 135832
920.519143 135832
921.5185606 135832
922.5186186 135832
923.518558 135832
924.5177703 135832
925.51776 135832
926.5190024 135832
927.5179694 135832
928.5185975 135832
929.5183486 135832
930.5180643 135832
931.5186919 135832
932.5185318 135832
933.5184851 135832
934.5176137 135832
935.517895 135832
936.5181921 135832
937.5173392 135832
938.5198348 135832
939.5179879 135832
940.518131 135832
941.5179412 135832
942.5177949 135832
943.6489557 135832
944.6041819 135832
945.5179114 135832
946.518403 135832
947.5182593 135832
948.5173618 135832
949.5182101 135832
950.5175409 135832
951.5178318 135832
952.5180274 135832
953.5178744 135832
954.5179417 135832
955.5179181 135832
956.5180238 135832
957.5181526 135832
958.5171478 135832
959.5182157 135832
960.5171524 135832
961.5180838 135832
962.5171195 135832
963.5199421 135832
964.5176014 135832
965.5176953 135832
966.5175224 135832
967.5174654 135832
968.5180248 135832
969.517759 135832
970.5171334 135832
971.5176153 135832
972.516863 135832
973.5177969 135832
974.5177877 135832
975.5175019 135832
976.5173181 135832
977.5175244 135832
978.5172407 135832
979.5174244 135832
980.5173582 135832
981.5168301 135832
982.5177395 135832
983.5165848 135832
984.5174931 135832
985.5225111 135832
986.5168696 135832
987.5164529 135832
988.5168691 135832
989.5176112 135832
990.5169281 135832
991.5163872 135832
992.5174906 135832
993.5166053 135832
994.5175049 135832
995.5166207 135832
996.5170179 135832
997.5174167 135832
998.5168563 135832
999.5168163 135832
1000.5168419 135832
1001.5165863 135832
1002.5170482 135832
1003.5173402 135832
1004.5172478 135832
1005.5173638 135832
1006.5168696 135832
1007.5174844 135832
1008.5162517 135832
1009.5170195 135832
1010.5169902 135832
1011.5168039 135832
1012.5168429 135832
1013.5167942 135832
1014.5170472 135832
1015.5168286 135832
1016.5165725 135832
1017.5168896 135832
1018.5164832 135832
1019.5166915 135832
1020.5165068 135832
1021.5162774 135832
1022.517235 135832
1023.519083 135832
1024.5168886 135832
1025.516066 135832
1026.5159146 135832
1027.5166787 135832
1028.5166048 135832
1029.5169969 135832
1030.5166048 135832
1031.5168168 135832
1032.5162081 135832
1033.5164637 135832
1034.5165905 135832
1035.5171088 135832
1036.5166592 135832
1037.5168121 135832
1038.5166028 135832
1039.5158802 135832
1040.5159207 135832
1041.5163113 135832
1042.5173725 135832
1043.5162805 135832
1044.5161296 135832
1045.5166351 135832
1046.5165648 135832
1047.5163482 135832
1048.5161532 135832
1049.5165381 135832
1050.5165499 135832
1051.5162733 135832
1052.5158171 135832
1053.5161024 135832
1054.5157227 135832
1055.5161625 135832
1056.5152998 135832
1057.5155174 135832
1058.5161861 135832
1059.515912 135832
1060.5160501 135832
1061.5159603 135832
1062.5158058 135832
1063.5164652 135832
1064.5158289 135832
1065.5163349 135832
1066.5159567 135832
1067.5158248 135832
1068.5157227 135832
1069.5156806 135832
1070.5152598 135832
1071.5186873 135832
1072.5152295 135832
1073.5148646 135832
1074.5149093 135832
1075.515386 135832
1076.515834 135832
1077.5159402 135832
1078.5153265 135832
1079.5151571 135832
1080.5155328 135832
1081.5148605 135832
1082.5156308 135832
1083.5189455 135832
1084.5155425 135832
1085.5155954 135832
1086.5152983 135832
1087.5150206 135832
1088.5147887 135832
1089.5154024 135832
1090.5176461 135832
1091.5149175 135832
1092.5151782 135832
1093.5149498 135832
1094.514879 135832
1095.5155441 135832
1096.5155389 135832
1097.5667153 135832
1098.5573938 135832
1099.5185534 135832
1100.6298601 135832
1101.6220166 135832
1102.728073 135832
1104.0814758 135832
1104.6096124 135832
1105.5150663 135832
1106.5153752 135832
1107.5268372 135832
1108.5147609 135832
1109.5144864 135832
1110.5153691 135832
1111.51521 135832
1112.5153398 135832
1113.5150576 135832
1114.514489 135832
1115.5146942 135832
1116.514937 135832
1117.5145162 135832
1118.5154563 135832
1119.5143376 135832
1120.5150529 135832
1121.514959 135832
1122.6296189 135832
1123.8365377 135832
1124.8222126 135832
1125.6607282 135832
1126.740219 135832
1127.6823143 135832
1128.8578277 135832
1129.859299 135832
1130.6734116 135832
1131.5148872 135832
1132.5141056 135832
1133.5154317 135832
1134.5144684 135832
1135.5142904 135832
1136.5140291 135832
1137.5141236 135832
1138.5159438 135832
1139.5142472 135832
1140.5148497 135832
1141.514218 135832
1142.5147933 135832
1143.5162569 135832
1144.5147753 135832
1145.5144494 135832
1146.5145983 135832
1147.5143232 135832
1148.5141934 135832
1149.5144002 135832
1150.5144664 135832
1151.5142534 135832
1152.5136869 135832
1153.5146106 135832
1154.5145351 135832
1155.5137192 135832
1156.5144879 135832
1157.5135057 135832
1158.5137182 135832
1159.514314 135832
1160.5138459 135832
1161.515852 135832
1162.5157683 135831
1163.5142231 135831
1164.5142257 135831
1165.5135196 135831
1166.5140256 135831
1167.514141 135831
1168.513771 135831
1169.5141785 135831
1170.5142431 135831
1171.5140333 135831
1172.5155846 135830
1173.5140266 135830
1174.514257 135830
1175.514645 135830
1176.5138695 135830
1177.5140137 135830
1178.7291512 135830
1179.7322708 135830
1180.8560649 135830
1181.68489 135830
1182.5132563 135829
1183.5139383 135829
1184.5134339 135829
1185.5137294 135829
1186.5140681 135829
1187.5142031 135829
1188.5139624 135829
1189.5130715 135829
1190.5135319 135829
1191.5139706 135829
1192.5142344 135828
1193.524067 135828
1194.5130233 135828
1195.5138321 135828
1196.513343 135828
1197.5134749 135828
1198.5131973 135828
1199.5135237 135828
1200.5138295 135828
1201.5130839 135828
1202.5132394 135827
1203.519258 135827
1204.5128283 135827
1205.5134087 135827
1206.6331804 135827
1207.6641388 135827
1208.730369 135827
1209.6390662 135827
1210.5135673 135827
1211.5133235 135827
1212.5135847 135827
1213.5126246 135827
1214.5135072 135827
1215.5132753 135827
1216.5135108 135827
1217.5135057 135827
1218.5133035 135827
1219.5134523 135827
1220.5134415 135827
1221.5132773 135827
1222.5130941 135827
1223.5198158 135827
1224.5134282 135827
1225.5133641 135827
1226.5133959 135827
1227.5132204 135827
1228.9556916 135827
1229.8351423 135827
1230.7150591 135827
1231.8958311 135827
1232.6550221 135827
1233.5130007 135827
1234.5126795 135827
1235.5175296 135827
1236.513071 135827
1237.5128514 135827
1238.5132245 135827
1239.5132496 135827
1240.5134149 135827
1241.592917 135827
1242.888122 135827
1243.8584317 135827
1244.5707176 135827
1245.5404027 135827
1246.5130408 135827
1247.6605471 135827
1248.5130869 135827
1249.5130546 135827
1250.8046017 135827
1251.9804799 135827
1252.7967925 135827
1253.5393451 135827
1254.512662 135827
1255.5127867 135827
1256.5131649 135827
1257.5122833 135827
1258.5126579 135827
1259.5131034 135827
1260.513146 135827
1261.5128052 135827
1262.512504 135827
1263.5153049 135827
1264.512565 135827
1265.5130423 135827
1266.5128042 135827
1267.5121612 135827
1268.5128488 135827
1269.516963 135827
1270.5131911 135827
1271.5126415 135827
1272.512449 135827
1273.5149205 135827
1274.5120205 135827
1275.5120303 135827
1276.5128257 135827
1277.5124937 135827
1278.5166685 135827
1279.5125676 135827
1280.5123033 135827
1281.5124475 135827
1282.5127749 135828
1283.5128319 135828
1284.5119256 135828
1285.5126795 135828
1286.5124752 135828
1287.5125245 135828
1288.5122597 135828
1289.5119903 135828
1290.5118861 135828
1291.5117403 135828
1292.5119225 135829
1293.5159567 135829
1294.5127919 135829
1295.51301 135829
1296.5123864 135829
1297.5125943 135829
1298.5124747 135829
1299.5118645 135829
1300.512195 135829
1301.5125276 135829
1302.5123444 135829
1303.5112595 135829
1304.5112538 135829
1305.5115325 135829
1306.5120888 135829
1307.5122756 135829
1308.5117706 135829
1309.5115489 135829
1310.5164668 135829
1311.5119348 135829
1312.5122648 135829
1313.5123141 135829
1314.5122515 135829
1315.5116644 135829
1316.5113457 135829
1317.5115464 135829
1318.5114437 135829
1319.5112051 135829
1320.5114981 135829
1321.5112523 135829
1322.5122345 135829
1323.5139819 135829
1324.5119425 135829
1325.5114011 135829
1326.5234425 135829
1327.511785 135829
1328.5114324 135829
1329.5117147 135829
1330.5121129 135829
1331.5110203 135829
1332.5123495 135830
1333.5119564 135830
1334.7824865 135830
1335.8604367 135830
1336.6527292 135830
1337.6269247 135830
1338.5112195 135830
1339.5112923 135830
1340.5119097 135830
1341.6679651 135830
1342.5326044 135831
1343.5116962 135831
1344.5129078 135831
1345.5342235 135831
1346.5117727 135831
1347.5111471 135831
1348.5109654 135831
1349.5248979 135831
1350.5108823 135831
1351.5110676 135831
1352.5112456 135832
1353.5110203 135832
1354.5114001 135832
1355.601364 135832
1356.5106118 135832
1357.5128262 135832
1358.5114494 135832
1359.5106339 135832
1360.5115402 135832
1361.511474 135832
1362.5121196 135832
1363.5113021 135832
1364.5114232 135832
1365.5111312 135832
1366.5111948 135832
1367.5111379 135832
1368.5104676 135832
1369.5111025 135832
1370.5114509 135832
1371.5111538 135832
1372.5113108 135834
1373.5110203 135834
1374.5109957 135834
1375.5111753 135834
1376.5113703 135834
1377.5111774 135834
1378.5105769 135834
1379.5110306 135834
1380.5447279 135834
1381.617575 135834
1382.5113324 135836
1383.5589744 135836
1384.5148035 135836
1385.5110814 135836
1386.5111163 135836
1387.5102347 135836
1388.5102613 135836
1389.5107499 135836
1390.5107904 135836
1391.5101105 135836
1392.5110629 135836
1393.510305 135836
1394.5109711 135836
1395.5103368 135836
1396.5106447 135836
1397.5106355 135836
1398.5949702 135836
1399.6738078 135836
1400.758415 135836
1401.6207157 135836
1402.510307 135838
1403.5104723 135838
1404.539888 135838
1405.5103424 135838
1406.7178134 135838
1407.8341031 135838
1408.7220774 135838
1410.1591048 135838
1410.7784718 135838
1411.5531369 135838
1412.8870166 135840
1413.8430351 135840
1414.6478098 135840
1415.5098072 135840
1416.5098754 135840
1417.5096419 135840
1418.7283973 135840
1419.7225326 135840
1420.5100027 135840
1421.5100781 135840
1422.5102069 135842
1423.5105703 135842
1424.509547 135842
1425.5105287 135842
1426.5094664 135842
1427.5105574 135842
1428.5103594 135842
1429.509293 135842
1430.5105123 135842
1431.5104938 135842
1432.510444 135842
1433.5100319 135842
1434.5101587 135842
1435.5099447 135842
1436.5098585 135842
1437.5096501 135842
1438.5101356 135842
1439.5098667 135842
1440.5093781 135842
1441.5100335 135842
1442.5094669 135844
1443.5133687 135844
1444.5092057 135844
1445.5097405 135844
1446.5100643 135844
1447.509857 135844
1448.5097384 135844
1449.5096404 135844
1450.5567867 135844
1451.5094911 135844
1452.5096583 135844
1453.5097461 135844
1454.5093202 135844
1455.5093104 135844
1456.5098739 135844
1457.5107781 135844
1458.5095234 135844
1459.5098103 135844
1460.5094228 135844
1461.5102957 135844
1462.5098103 135844
1463.5094849 135844
1464.5091934 135844
1465.5091765 135844
1466.5096825 135844
1467.5088219 135844
1468.5093551 135844
1469.5094505 135844
1470.5096368 135844
1471.5090933 135844
1472.5096758 135844
1473.5097307 135844
1474.508575 135844
1475.5106621 135844
1476.509645 135844
1477.5093484 135844
1478.5089276 135844
1479.509276 135844
1480.5089912 135844
1481.5096209 135844
1482.5089974 135844
1483.5092355 135844
1484.5095208 135844
1485.5088316 135844
1486.5094161 135844
1487.509351 135844
1488.5093053 135844
1489.5084657 135844
1490.5088696 135844
1491.5096594 135844
1492.5096476 135847
1493.5093997 135847
1494.5092581 135847
1495.5093053 135847
1496.5083348 135847
1497.5093073 135847
1498.5092232 135847
1499.5082563 135847
1500.5088403 135847
1501.5091734 135847
1502.5089953 135847
1503.5111538 135847
1504.5081835 135847
1505.508223 135847
1506.5094474 135847
1507.5091944 135847
1508.5092375 135847
1509.5081347 135847
1510.508866 135847
1511.5087541 135847
1512.509528 135850
1513.5081722 135850
1514.5086438 135850
1515.5082286 135850
1516.508709 135850
1517.5088917 135850
1518.5082363 135850
1519.5083672 135850
1520.5083246 135850
1521.5168373 135850
1522.5085145 135850
1523.50875 135850
1524.5085006 135850
1525.5087762 135850
1526.5084626 135850
1527.5084554 135850
1528.5082101 135850
1529.5083954 135850
1530.5081491 135850
1531.5084826 135850
1532.5083913 135850
1533.5086838 135850
1534.5087095 135850
1535.5085637 135850
1536.5284496 135850
1537.5082999 135850
1538.5082214 135850
1539.6356489 135850
1540.5078335 135850
1541.5078381 135850
1542.5076662 135850
1543.5082743 135850
1544.5083759 135850
1545.5083903 135850
1546.5081152 135850
1547.5085565 135850
1548.5082584 135850
1549.5080418 135850
1550.5078119 135850
1551.5087628 135850
1552.5077934 135850
1553.5080269 135850
1554.5075291 135850
1555.5075466 135850
1556.5074927 135850
1557.5083169 135850
1558.5081039 135850
1559.5082666 135850
1560.5080059 135850
1561.5072746 135850
1562.5079335 135850
1563.5124747 135850
1564.5072777 135850
1565.5081824 135850
1566.5076159 135850
1567.5075548 135850
1568.5072613 135850
1569.5075794 135850
1570.5076518 135850
1571.5073783 135850
1572.5074209 135850
1573.5074824 135850
1574.5078601 135850
1575.507446 135850
1576.5074614 135850
1577.5071227 135850
1578.5079294 135850
1579.5077585 135850
1580.5067404 135850
1581.5079346 135850
1582.5080074 135850
1583.5071248 135850
1584.5080264 135850
1585.510931 135850
1586.5080274 135850
1587.5070221 135850
1588.5077739 135850
1589.5078278 135850
1590.5078227 135850
1591.5071699 135850
1592.5073937 135850
1593.7484341 135850
1594.5336934 135850
1595.5073916 135850
1596.5072171 135850
1597.5068492 135850
1598.5075676 135850
1599.5128073 135850
1600.5068369 135850
1601.5081491 135850
1602.5075584 135850
1603.5072741 135850
1604.507717 135850
1605.507581 135850
1606.5065243 135850
1607.507428 135850
1608.5072058 135850
1609.506666 135850
1610.5088552 135850
1611.5069297 135850
1612.5107068 135850
1613.5069138 135850
1614.7180977 135850
1615.8456975 135850
1616.6264033 135850
1617.5066675 135850
1618.5070724 135850
1619.5070621 135850
1620.5059839 135850
1621.5072217 135850
1622.5066921 135850
1623.5086351 135850
1624.506669 135850
1625.5068533 135850
1626.5063981 135850
1627.506844 135850
1628.5070396 135850
1629.5071602 135850
1630.5104025 135850
1631.5062559 135850
1632.5064063 135850
1633.5067163 135850
1634.5063493 135850
1635.5064515 135850
1636.5063314 135850
1637.5060743 135850
1638.5065982 135850
1639.5068512 135850
1640.5103609 135850
1641.5059762 135850
1642.5068579 135850
1643.5068497 135850
1644.5101202 135850
1645.5068553 135850
1646.5061969 135850
1647.5066716 135850
1648.5060445 135850
1649.5067101 135850
1650.5064633 135850
1651.5067563 135850
1652.5059044 135850
1653.5060871 135850
1654.5061086 135850
1655.5060794 135850
1656.5063945 135850
1657.5096501 135850
1658.5065556 135850
1659.5066044 135850
1660.5067009 135850
1661.5061682 135850
1662.5066865 135850
1663.5064386 135850
1664.5060281 135850
1665.5065659 135850
1666.5057453 135850
1667.5061215 135850
1668.5058326 135850
1669.506454 135850
1670.5061815 135850
1671.5058254 135850
1672.5054282 135850
1673.5053753 135850
1674.5061595 135850
1675.5059619 135850
1676.8550637 135850
1678.0132786 135850
1678.6925575 135850
1679.5055226 135850
1680.5061251 135850
1681.505908 135850
1682.5055488 135850
1683.5077175 135850
1684.5059567 135850
1685.505169 135850
1686.5060347 135850
1687.5058249 135850
1688.5055216 135850
1689.5060573 135850
1690.5058346 135850
1691.505208 135850
1692.5060219 135850
1693.5060707 135850
1694.5059716 135850
1695.5059511 135850
1696.5057838 135850
1697.5057007 135850
1698.5052172 135850
1699.5051403 135850
1700.506045 135850
1701.5058777 135850
1702.505384 135850
1703.5054759 135850
1704.5058156 135850
1705.5050905 135850
1706.5057058 135850
1707.5050889 135850
1708.5056996 135850
1709.5048288 135850
1710.5055826 135850
1711.5058089 135850
1712.5050202 135850
1713.5046014 135850
1714.505344 135850
1715.5050725 135850
1716.5050525 135850
1717.5052332 135850
1718.5050602 135850
1719.5050145 135850
1720.5051064 135850
1721.5050946 135850
1722.5050407 135850
1723.5055349 135850
1724.5051911 135850
1725.504564 135850
1726.5053394 135850
1727.5053948 135850
1728.5051475 135850
1729.5053522 135850
1730.5055539 135850
1731.5047133 135850
1732.5053845 135850
1733.5054035 135850
1734.5044275 135850
1735.5048159 135850
1736.5050684 135850
1737.5097482 135850
1738.5052896 135850
1739.5051392 135850
1740.5051777 135850
1741.5046178 135850
1742.5045362 135850
1743.506415 135850
1744.50509 135850
1745.5052208 135850
1746.5048329 135850
1747.5052701 135850
1748.5047585 135850
1749.5074789 135850
1750.5051398 135850
1751.5049355 135850
1752.5092627 135850
1753.5047272 135850
1754.5045357 135850
1755.5045532 135850
1756.5049119 135850
1757.5047579 135850
1758.5048483 135850
1759.505676 135850
1760.5047169 135850
1761.5051382 135850
1762.5048529 135850
1763.5047795 135850
1764.5047805 135850
1765.504956 135850
1766.5044228 135850
1767.5346233 135850
1768.5141615 135850
1769.5039692 135850
1770.6033475 135850
1771.6281805 135850
1772.5117906 135850
1773.5046368 135850
1774.5045044 135850
1775.5612694 135850
1776.5046066 135850
1777.5046317 135850
1778.5037003 135850
1779.5043397 135850
1780.5091077 135850
1781.6139806 135850
1782.5753758 135850
1783.5039759 135850
1784.5040302 135850
1785.5040431 135850
1786.5037326 135850
1787.5035458 135850
1788.9088367 135850
1789.5724763 135850
1790.9543716 135850
1791.8604655 135850
1792.521418 135850
1793.5491254 135850
1794.9782276 135850
1795.8950629 135850
1796.7747374 135850
1797.5273771 135850
1798.5037121 135850
1799.5043525 135850
1800.5043536 135850
1801.5074388 135850
1802.5045978 135850
1803.5059306 135850
1804.5039009 135850
1805.5039887 135850
1806.5038758 135850
1807.5037542 135850
1808.5039204 135850
1809.5037593 135850
1810.5041139 135850
1811.5039256 135850
1812.5042268 135850
1813.5031055 135850
1814.5039805 135850
1815.5040231 135850
1816.5033667 135850
1817.5040313 135850
1818.5034555 135850
1819.5036402 135850
1820.5034755 135850
1821.5036238 135850
1822.5033405 135850
1823.5038978 135850
1824.503688 135850
1825.5036074 135850
1826.5077621 135850
1827.505404 135850
1828.5028781 135850
1829.5031583 135850
1830.5028997 135850
1831.5027801 135850
1832.5029136 135850
1833.5028433 135850
1834.5031943 135850
1835.5030188 135850
1836.503221 135850
1837.5036751 135850
1838.5032743 135850
1839.5030285 135850
1840.5029813 135850
1841.5032805 135850
1842.5034781 135850
1843.503029 135850
1844.5033056 135850
1845.5033739 135850
1846.5033405 135850
1847.5036336 135850
1848.5035314 135850
1849.5026411 135850
1850.5035699 135850
1851.5034622 135850
1852.5025061 135850
1853.503143 135850
1854.5032738 135850
1855.5026595 135850
1856.5026015 135850
1857.5027175 135850
1858.5027817 135850
1859.5027909 135850
1860.5033308 135850
1861.5033149 135850
1862.5029869 135850
1863.5052783 135850
1864.5032954 135850
1865.5026888 135850
1866.502989 135850
1867.5032569 135850
1868.5026508 135850
1869.5029895 135850
1870.5083718 135850
1871.502249 135850
1872.5031116 135850
1873.5022618 135850
1874.5031548 135850
1875.5031953 135850
1876.502154 135850
1877.503047 135850
1878.5029669 135850
1879.502386 135850
1880.5025897 135850
1881.5026518 135850
1882.5025933 135850
1883.5029751 135850
1884.5028361 135850
1885.5028787 135850
1886.5027247 135850
1887.5027006 135850
1888.5025749 135850
1889.5028433 135850
1890.5028884 135850
1891.5019062 135850
1892.5027688 135850
1893.5029695 135850
1894.5019749 135850
1895.5028284 135850
1896.5023901 135850
1897.5021602 135850
1898.502328 135850
1899.5021895 135850
1900.502736 135850
1901.5025964 135850
1902.5052732 135850
1903.5025938 135850
1904.5025964 135850
1905.5026272 135850
1906.5022454 135850
1907.5019847 135850
1908.5026241 135850
1909.5024214 135850
1910.5024573 135850
1911.5024943 135850
1912.5024825 135850
1913.5017225 135850
1914.5015059 135850
1915.5017527 135850
1916.5020555 135850
1917.5023542 135850
1918.5012734 135850
1919.5016337 135850
1920.5077703 135850
1921.5026159 135850
1922.5022428 135850
1923.5041411 135850
1924.5021782 135850
1925.5022444 135850
1926.5060306 135850
1927.5015634 135850
1928.5020524 135850
1929.5022413 135850
1930.5014346 135850
1931.5021089 135850
1932.5020483 135850
1933.5021422 135850
1934.50219 135850
1935.501822 135850
1936.5017071 135850
1937.5014479 135850
1938.5020955 135850
1939.5021325 135850
1940.5020483 135850
1941.501765 135850
1942.5028597 135850
1943.5013365 135850
1944.5020078 135850
1945.501433 135850
1946.5018297 135850
1947.5015254 135850
1948.5013227 135850
1949.5016788 135850
1950.5011975 135850
1951.5022726 135850
1952.5017984 135850
1953.5014946 135850
1954.5019323 135850
1955.5012693 135850
1956.5012929 135850
1957.5016414 135850
1958.501159 135850
1959.5015126 135850
1960.5017071 135850
1961.5014192 135850
1962.5013324 135850
1963.5013586 135850
1964.5050771 135850
1965.5013581 135850
1966.5012775 135850
1967.5012878 135850
1968.50155 135850
1969.5015777 135850
1970.5017112 135850
1971.5004185 135850
1972.5013601 135850
1973.5014582 135850
1974.5013047 135850
1975.500905 135850
1976.5016876 135850
1977.500829 135850
1978.6134151 135850
1979.7666609 135850
1980.501161 135850
1981.5011503 135850
1982.5007551 135850
1983.5071484 135850
1984.5014058 135850
1985.5004549 135850
1986.5013576 135850
1987.500984 135850
1988.5012934 135850
1989.5010194 135850
1990.5008203 135850
1991.500363 135850
1992.5002445 135850
1993.5000931 135850
1994.5999543 135850
1995.6996738 135850
1996.7881305 135850
1998.1392132 135850
1998.6751918 135850
1999.5662272 135850
2000.5007274 135850
2001.5005113 135850
2002.500051 135850
2003.5004826 135850
2004.5001629 135850
2005.5006889 135850
2006.5000916 135850
2007.500713 135850
2008.4997292 135850
2009.500653 135850
2010.5005006 135850
2011.499718 135850
2012.5006581 135850
2013.5006094 135850
2014.500575 135850
2015.4996271 135850
2016.4995948 135850
2017.4995127 135850
2018.4995204 135850
2019.5004605 135850
2020.5442876 135850
2021.7601681 135850
2022.8309881 135850
2023.5608424 135850
2024.499837 135850
2025.499721 135850
2026.500343 135850
2027.5000962 135850
2028.4997205 135850
2029.5048324 135850
2030.4999278 135850
2031.500479 135850
2032.5002188 135850
2033.5000536 135850
2034.5002163 135850
2035.4998765 135850
2036.4996045 135850
2037.5000546 135850
2038.4990092 135850
2039.500225 135850
2040.5001516 135850
2041.4997144 135850
2042.4992089 135850
2043.5026641 135850
2044.5000218 135850
2045.499914 135850
2046.4999792 135850
2047.5002224 135850
2048.4994326 135850
2049.4991848 135850
2050.5000248 135850
2051.4993269 135850
2052.5000069 135850
2053.5000166 135850
2054.4995286 135850
2056.1106683 135850
2056.7263507 135850
2057.8750194 135850
2058.6530735 135850
2059.5000182 135850
2060.5014274 135850
2061.4998822 135850
2062.4992612 135850
2063.4999099 135850
2064.4992545 135850
2065.4997708 135850
2066.5060204 135850
2067.4995394 135850
2068.4993531 135850
2069.4992628 135850
2070.5068753 135850
2071.4992674 135850
2072.4986213 135850
2073.4993356 135850
2074.4993084 135850
2075.4995342 135850
2076.4994449 135850
2077.4994449 135850
2078.4993803 135850
2079.4991037 135850
2080.4993526 135850
2081.4993048 135850
2082.4993674 135850
2083.4983585 135850
2084.498223 135850
2085.4992992 135850
2086.4993864 135850
2087.4993982 135850
2088.4981286 135850
2089.4992848 135850
2090.4993177 135850
2091.4983816 135850
2092.498668 135850
2093.4988753 135850
2094.4989682 135850
2095.4988153 135850
2096.500091 135850
2097.4989903 135850
2098.4989749 135850
2099.4984955 135850
2100.4991765 135850
2101.687791 135850
2102.6231502 135850
2103.5010974 135850
2104.499019 135850
2105.4990041 135850
2106.5004108 135850
2107.4993423 135850
2108.4986023 135850
2109.7168491 135850
2110.8263422 135850
2111.8888282 135850
2112.7478881 135850
2113.5133507 135850
2114.4988163 135850
2115.4983041 135850
2116.4982826 135850
2117.4980604 135850
2118.4985161 135850
2119.498728 135850
2120.4986977 135850
2121.4988081 135850
2122.4988558 135850
2123.4987732 135850
2124.4980968 135850
2125.4988835 135850
2126.4982056 135850
2127.4987137 135850
2128.4977227 135850
2129.4984288 135850
2130.5595887 135850
2131.4981245 135850
2132.5585012 135850
2133.5018477 135850
2134.4975528 135850
2135.4984114 135850
2136.4978623 135850
2137.4979295 135850
2138.4984771 135850
2139.4985884 135850
2140.4985274 135850
2141.4982959 135850
2142.4982754 135850
2143.4991694 135850
2144.498261 135850
2145.4975333 135850
2146.4976041 135850
2147.5679767 135850
2148.8147592 135850
2150.0323132 135850
2150.9047077 135850
2151.9116392 135850
2152.8304067 135850
2153.5791159 135850
2154.4982908 135850
2155.4979711 135850
2156.4976847 135850
2157.5100633 135850
2158.7308375 135850
2159.6071584 135850
2160.5500183 135850
2161.5899143 135850
2162.5519037 135850
2163.4998119 135850
2164.4978802 135850
2165.4977319 135850
2166.4982472 135850
2167.4975092 135850
2168.6494381 135850
2169.5886483 135850
2170.4979059 135850
2171.4977535 135850
2172.4976591 135850
2173.4975302 135850
2174.498434 135850
2175.4978412 135850
2176.4980219 135850
2177.4979449 135850
2178.4978551 135850
2179.4971089 135850
2180.4967086 135850
2181.5989679 135850
2182.4978967 135850
2183.4969575 135850
2184.4976041 135850
2185.497637 135850
2186.4969314 135850
2187.4977514 135850
2188.4968698 135850
2189.5004226 135850
2190.6444818 135850
2191.4970751 135850
2192.4983775 135850
2193.4977237 135850
2194.6206536 135850
2195.5813534 135850
2196.5972128 135850
2197.5408359 135850
2198.4970786 135850
2199.4975287 135850
2200.4968806 135850
2201.497814 135850
2202.4971356 135850
2203.4968508 135850
2204.4980445 135850
2205.4970458 135850
2206.4967512 135850
2207.4970858 135850
2208.4968297 135850
2209.4976806 135850
2210.4968031 135850
2211.5093556 135850
2212.4969257 135849
2213.4973204 135849
2214.4973876 135849
2215.497266 135849
2216.4973476 135849
2217.4969719 135849
2218.4964787 135849
2219.4968549 135849
2220.4992484 135849
2221.4972069 135849
2222.4968303 135849
2223.4991981 135849
2224.4967045 135849
2225.6180851 135849
2226.4969935 135849
2227.5347911 135849
2228.4976621 135849
2229.4962032 135849
2230.4978571 135849
2231.4963566 135849
2232.4995122 135849
2233.4979264 135849
2234.4962268 135849
2235.4967754 135849
2236.606871 135849
2237.5764951 135849
2238.4966419 135849
2239.4966142 135849
2240.5487543 135849
2241.5658911 135849
2242.4959466 135849
2243.4961636 135849
2244.4961801 135849
2245.4962083 135849
2246.4968277 135849
2247.4988332 135849
2248.496352 135849
2249.4963207 135849
2250.5628397 135849
2251.4967235 135849
2252.4965147 135849
2253.4963566 135849
2254.4959743 135849
2255.4985612 135849
2256.4965208 135849
2257.4980814 135849
2258.5072731 135849
2259.5891014 135849
2260.4962724 135849
2261.4960174 135849
2262.4962945 135849
2263.4965095 135849
2264.496196 135849
2265.4961488 135849
2266.495476 135849
2267.4964849 135849
2268.4964115 135849
2269.4961359 135849
2270.4955309 135849
2271.4958557 135849
2272.4964787 135849
2273.4965762 135849
2274.5016563 135849
2275.4962519 135849
2276.4998586 135849
2277.4955263 135849
2278.4954749 135849
2279.4952435 135849
2280.4966548 135849
2281.4953061 135849
2282.4956032 135849
2290.4159441 135848
2376.4492852 135848
2385.0148156 135847
2396.0706547 135847
2415.8592179 135846
2450.8523838 135845
2461.8485154 135845
2461.8544812 135845
2462.2401043 135845
2462.628222 135845
2463.3768615 135845
2465.0387141 135845
2465.4166584 135845
2471.2948458 135844
2496.8502695 135843
2647.1825157 135843
2917.9751356 135843
3085.27014 135843
3508.8723498 135843
4448.3660271 135843
4654.9232639 135843
5462.8801276 135843
6131.2701236 135843
6468.1661036 135843
6663.9416436 135843
6664.8161622 135843
6901.9035047 135843
6903.8791772 135843
18605.6034788 135843
18610.0641399 135843
19043.199594 135843
19044.7099416 135843
19045.64696 135843
28623.9655976 135843
29151.4770932 135843
29386.4623704 135843
29387.5809798 135843
29388.9493029 135843
30256.0369354 135843
30790.5813852 135843
31281.4670758 135843
31282.4565514 135843
31284.6768325 135843
31815.4537078 135843
31926.4442283 135843
31927.5683801 135843
31931.4361933 135843
31931.9251021 135843
31932.8084973 135843
31932.8108338 135843
31933.2976688 135843
31933.2990467 135843
31933.7970635 135843
31933.7986708 135843
31933.8000107 135843
31942.028396 135843
32280.6044493 135843
75532.8729995 135843
99425.9625646 135843
111166.2604721 135843
128161.6210585 135843
157644.6021933 135843
157645.0939102 135843
157682.1206862 135843
157683.8704603 135843
157686.1455464 135843
157688.8206064 135843
176496.3269173 135843
186253.1922555 135843
192795.1054672 135843
203701.9410848 135843
203709.9525042 135843
203711.9284394 135843
203713.3972708 135843
203719.2639243 135843
239160.8117503 135843
246262.3495544 135843
246452.3018056 135843
