63.5341388 S
123.5341788 0
183.5368566 32
243.5320681 32
303.5312291 32
363.5306871 33
423.5291296 33
483.5280345 33
543.5260295 33
603.5247316 33
663.5257518 34
723.5233958 34
783.5217377 34
843.5212717 34
903.5210146 34
963.519727 34
1023.5187992 34
1083.5187048 35
1143.5159957 35
1203.5189901 35
1263.5150848 35
1323.5137089 35
1383.5586331 35
1443.5131306 35
1503.5108905 35
1563.512137 35
1623.5084123 35
1683.5075066 35
1743.5061543 35
1803.505751 35
1863.5049868 35
1923.5038717 35
1983.5068497 35
2043.502385 36
2103.5008105 36
2163.4995353 36
2223.4990057 36
2283.498105 36
2343.4970761 36
2403.4956756 36
2463.8355052 36
2523.4939544 36
2583.4927566 36
2643.4926442 36
2703.4925098 36
2763.4897837 36
2823.4890206 36
2883.4885351 36
2943.4876396 36
3003.4865645 36
3063.4847653 36
3123.4841402 36
3183.4836799 36
3243.4823194 36
3303.481291 36
3363.4820079 36
3423.4793799 36
3483.4786728 36
3543.4778994 36
3603.4769033 36
3663.4760499 36
3723.4750502 36
3783.474479 36
3843.4729374 36
3903.4728373 36
3963.4714835 36
4023.470918 36
4083.4695981 36
4143.4685758 36
4203.4751384 36
4263.4665729 36
4323.4660884 36
4383.4650959 36
4443.4648599 36
4503.4633603 36
4563.46257 36
4623.4613502 36
4683.4601206 36
4743.459357 36
4803.4579955 36
4863.4572216 36
4923.4596993 36
4983.4548697 36
5043.4533953 36
5103.4533697 37
5163.451653 37
5223.4512738 37
5283.4503798 37
5343.4492862 37
5403.4478981 37
5463.4475199 37
5523.4471001 37
5583.445873 37
5643.4446116 37
5703.4430433 37
5763.4422654 37
5823.442097 37
5883.4404887 37
5943.4394387 37
6003.4389168 37
6063.438126 37
6123.4369339 37
6183.4361169 37
6243.4355524 37
6303.4337896 37
6363.4335443 37
6423.4326334 37
6483.4309589 37
6543.4299489 37
6603.4301378 37
6663.4284535 37
6723.4274122 37
6783.4261585 37
6843.425086 37
6909.4239554 37
6969.4232395 37
7029.4222445 37
7089.4220572 37
7149.4208024 37
7209.4193029 37
7269.4202974 37
7329.4212607 37
7389.4163367 37
7449.4154299 37
7509.4137081 37
7569.413703 37
7629.412964 37
7689.4116903 37
7749.4110473 37
7809.4098747 37
7869.409323 37
7929.4083084 37
7989.4078106 37
8049.4063398 37
8109.4052088 37
8169.4049353 37
8229.404304 37
8289.4032299 37
8349.4022718 37
8409.4017386 37
8469.4006794 37
8529.3998039 37
8589.3990228 37
8649.398115 37
8709.396479 37
8769.3962824 37
8829.3951047 37
8889.3945196 37
8949.3938238 37
9009.392977 37
9069.3914298 37
9129.3914508 37
9189.3908206 37
9249.3893041 37
9309.3887638 37
9369.3874895 37
9429.3869994 37
9489.3852946 37
9549.3845721 37
9609.3844227 37
9669.3836678 37
9729.3827651 37
9789.3818512 37
9849.3800176 37
9909.3791118 37
9970.3786207 37
10030.3776856 37
10090.376377 37
10150.3757165 37
10210.3745814 37
10270.3743027 37
10330.3736192 37
10390.3722721 37
10450.3711369 37
10510.373495 37
10570.3701736 37
10630.3685951 37
10690.36867 37
10750.367523 37
10810.3668662 37
10870.3654708 37
10930.3642551 37
10990.3640765 37
11050.3630563 37
11110.3622044 37
11170.3616671 37
11230.3611082 37
11290.3603349 37
11350.358687 37
11410.3583909 37
11470.3575252 37
11530.3570284 36
11590.355555 36
11650.3550839 36
11710.3542341 36
11771.3549238 36
11831.3547647 36
11891.3534433 36
11951.3531405 36
12011.351991 36
12071.3508173 36
12131.3505443 36
12191.3491828 36
12251.348938 36
12311.3478634 36
12371.3473354 36
12431.3460483 36
12491.3454227 36
12551.3440156 36
12611.3435019 36
12671.3427275 36
12731.3413332 36
12791.3401138 36
12851.3399024 36
12911.3386492 36
12971.3378681 36
13031.3370696 36
13091.3350179 36
13151.3345555 36
13211.3339058 36
13271.3324299 36
13331.3321492 36
13391.3311459 36
13451.329613 36
13511.3293595 36
13571.3274315 36
13631.3276311 36
13691.3263718 36
13751.3256076 36
13811.3237576 36
13871.3230027 36
13931.3229185 36
13991.3218373 36
14051.3201176 36
14111.3200996 36
14171.319082 36
14231.3178026 36
14291.3171673 36
14351.3157971 36
14411.3146783 36
14471.3135252 36
14531.3126528 36
14591.311863 36
14651.3109357 36
14711.31013 36
14771.3089809 36
14831.3080875 36
14891.3072089 36
14951.3064191 36
15011.3050289 36
15071.3041236 36
15131.3034801 36
15191.3023485 36
15251.3012565 36
15311.300227 36
15371.2999397 36
15431.2983 36
15491.2973855 36
15551.2967312 36
15611.2961139 36
15671.2943362 36
15731.2940914 36
15791.2926083 36
15851.2922932 36
15911.290417 36
15971.2899649 36
16031.2896072 36
16091.2885172 36
16151.2870864 36
16211.286993 36
16271.2859702 36
16331.2848741 36
16391.2836778 36
16451.2821634 36
16511.2815076 36
16571.2804412 36
16631.2802303 36
16691.279326 36
16751.2783017 36
16811.2773451 36
16871.2763732 36
16931.2745072 36
16991.2738416 36
17051.2729266 36
17111.2726731 36
17171.2716344 36
17231.2698855 36
17291.2694919 36
17351.2686538 36
17411.2671348 36
17471.2660463 36
17531.2660227 36
17591.2646962 36
17651.2642492 36
17711.2632228 36
17771.2615216 36
17831.2614102 36
17891.2600724 36
17951.2588854 36
18011.2582367 36
18071.2573386 36
18131.2563215 36
18191.2553038 36
18251.2547917 36
18311.2535108 36
18371.2525547 36
18431.2517054 36
18491.2506221 36
18551.2495562 36
18611.2480387 36
18671.2475927 36
18731.2468625 36
18791.2462271 36
18851.2446399 36
18911.2435627 36
18971.2430906 36
19031.2420775 36
19091.2414915 36
19151.2395203 36
19211.2387552 36
19271.2382861 36
19331.2367809 36
19391.2366408 36
19451.2356873 36
19511.2344742 36
19571.2329572 36
19631.2320006 36
19691.231663 36
19751.230379 36
19811.2294198 36
19871.2290965 36
19931.2281317 36
19991.2274446 36
20051.2254036 36
20111.2248858 36
20171.2236983 36
20231.2234361 36
20291.2218134 36
20351.2215496 36
20411.2202005 36
20471.2191448 36
20531.2187184 36
20591.2175673 36
20651.2165625 36
20711.2158666 36
20771.214402 36
20831.2139458 36
20891.2128599 36
20951.2122061 36
21011.2108538 36
21071.2102985 36
21131.2093856 36
21191.2078127 36
21251.2065995 36
21311.205937 36
21371.2047038 36
21431.2046704 36
21491.2037483 36
21551.2027532 36
21611.2050482 36
21671.2000872 36
21731.1996895 36
21791.1989602 36
21851.1975279 36
21911.1964928 36
21971.1953541 36
22031.1951935 36
22091.1943241 36
22151.1930355 36
22211.1924012 36
22271.1914518 36
22331.1903654 35
22392.1858258 35
22452.1857206 35
22512.1846403 35
22572.1836904 35
22632.1823474 35
22692.1817655 35
22752.1811999 35
22812.1806852 35
22872.1799806 35
22932.1796137 35
22992.1782512 35
23052.1813216 35
23112.1764935 35
23172.1753773 35
23232.1750443 35
23292.1737741 35
23352.1723295 35
23412.1716249 35
23472.1716998 35
23532.1707956 35
23592.1696779 35
23652.1682066 35
23712.1680737 35
23772.1668487 35
23832.1665172 35
23892.1648304 35
23952.1649068 35
24012.1638974 35
24072.1631256 35
24132.1617466 35
24192.161332 35
24252.1605684 35
24312.1589734 35
24372.1581184 35
24432.1578413 35
24492.1563777 35
24552.155923 35
24612.1554319 35
24672.1544584 35
24732.1571208 35
24792.1521567 35
24852.1511858 35
24912.1506151 35
24972.1498474 35
25032.1493163 35
25092.1484977 35
25152.1474031 35
25212.1460067 35
25272.145238 35
25332.1449337 35
25392.1433325 35
25452.143352 35
25512.1421347 35
25572.1418181 35
25632.1406147 35
25692.1399701 35
25752.138543 35
25812.1383829 35
25872.1371184 35
25932.1365287 35
25992.1351164 35
26052.1345519 35
26112.1337668 35
26172.133133 35
26232.1322441 35
26292.1309165 35
26352.1301991 35
26412.1286488 35
26472.1279087 35
26532.127881 35
26592.1261162 35
26652.1258899 35
26712.1253808 35
26772.123346 35
26832.1237011 35
26892.1226666 35
26952.1217274 35
27012.120251 35
27072.1234117 35
27132.1195936 35
27192.1180633 35
27252.1164257 35
27312.1168768 35
27372.1158776 35
27432.1150694 35
27492.1135811 35
27552.1126805 35
27612.1123064 35
27672.110774 35
27732.1104394 35
27792.1090466 35
27852.1080911 35
27912.1081388 35
27972.1064017 35
28032.1053404 35
28092.1051182 35
28152.1047405 35
28212.1031968 35
28272.1026349 35
28332.1014176 35
28392.10114 35
28452.1001316 35
28512.0993485 35
28572.0978279 35
28632.0989348 35
28692.0961185 35
28752.0959327 35
28812.0949792 35
28872.0931009 35
28932.0931086 35
28994.0919504 35
29054.0909918 35
29114.0901388 35
29174.0892598 35
29234.0881662 35
29294.0876715 35
29354.0864629 35
29414.0851517 35
29474.0842793 35
29534.0833884 35
29594.0824426 35
29654.0814645 35
29714.0829076 35
29774.0801594 35
29834.0791469 35
29894.0783731 35
29954.0773246 35
30014.0758785 35
30074.0756804 35
30136.0738714 35
30196.0741023 35
30256.4963084 35
30316.0718607 35
30376.0710345 35
30436.0692055 35
30496.0706845 35
30556.06759 35
30616.0669403 35
30676.066402 35
30736.0650682 35
30796.0640465 35
30856.0626075 35
30916.0621436 35
30976.0629287 35
31036.0602494 35
31096.0607256 35
31156.0587396 35
31216.0569147 35
31276.0569563 35
31336.0550775 35
31396.0550596 35
31456.0546044 35
31516.0525342 35
31576.0520626 35
31636.0510839 35
31696.0505856 35
31756.049316 35
31816.0485082 35
31876.0464612 35
31936.0464781 35
31996.0449637 35
32056.0447076 35
32116.0436961 35
32176.0431131 35
32236.0419703 35
32296.0409454 35
32356.0394546 35
32416.0390764 35
32476.0375338 35
32536.03756 35
32596.0362026 35
32656.0352696 35
32716.0337075 35
32776.0330737 35
32836.0317256 35
32896.0307977 35
32956.0297585 35
33016.0293629 35
33076.0284868 35
33136.0268796 35
33196.0260528 35
33256.0259994 35
33316.0250167 35
33376.0243444 35
33436.0228783 35
33496.0218816 35
33556.0210334 35
33616.0209543 35
33676.0192552 35
33736.018762 35
33796.0175067 35
33856.0162977 35
33916.0162884 35
33976.0154201 35
34036.0142629 35
34096.0137215 35
34156.0132206 35
34216.012203 35
34276.0114091 35
34336.0104094 35
34396.0099486 35
34456.0086158 35
34516.0079256 35
34576.0071809 35
34636.0056768 35
34696.0045031 35
34756.0035081 35
34816.0029739 35
34876.0027558 35
34936.0016734 35
34996.0003325 35
35056.0000769 35
35115.9994 35
35175.9982495 35
35235.9970963 35
35295.9968213 35
35355.9955511 35
35415.995059 35
35475.9936354 35
35535.9924956 35
35595.9920199 35
35655.9910782 35
35715.9905481 35
35775.9895854 35
35835.9885457 35
35895.987021 35
35955.9865042 35
36015.9856641 35
36075.9850606 35
36135.9842754 35
36195.9829915 35
36255.9825265 35
36315.9814704 35
36375.9805646 35
36435.9800494 35
36495.9791734 35
36555.9786432 35
36615.9773644 35
36675.9765104 35
36735.975306 35
36795.974273 35
36855.974059 35
36915.9731137 35
36975.9721602 35
37035.9706273 35
37095.9701911 35
37155.9691745 35
37215.9681614 35
37275.9678905 35
37335.967288 35
37395.9664541 35
37455.9655647 35
37515.9644085 35
37575.9638989 35
37635.9630039 35
37695.9619827 35
37755.95997 35
37815.9598119 35
37875.9584602 35
37935.9584325 35
37995.9567964 35
38055.9557783 35
38115.9552451 35
38175.9547257 35
38235.9534571 35
38295.9528593 35
38355.9523056 35
38415.9512099 35
38475.9501025 35
38535.9537025 35
38595.9487825 35
38655.947651 35
38715.946739 35
38775.9463223 35
38835.9452559 35
38895.9448054 35
38955.9436697 35
39015.9423903 35
39075.941871 35
39135.9408 35
39195.9396155 35
39255.9388437 35
39315.9384029 35
39375.9369269 35
39435.9365836 35
39495.9352083 35
39555.9354567 35
39615.9377101 35
39675.9341183 35
39735.9370203 35
39795.9319183 35
39855.9304798 35
39915.9298717 35
39975.9293323 35
40035.92866 35
40095.9277738 35
40155.9262127 35
40215.9260372 35
40275.9250631 35
40335.9237201 35
40395.9230222 35
40455.9216412 35
40515.9214826 35
40575.9204763 35
40635.9198928 35
40695.9189881 35
40755.9177035 35
40815.917353 35
40875.9157432 35
40935.9152223 35
40995.9145726 35
41055.913809 35
41115.9122818 35
41175.9114427 35
41235.9114899 35
41295.9100032 35
41355.9091077 35
41415.9083369 35
41475.9073213 35
41535.9065556 35
41595.9060132 35
41655.9050263 35
41715.9045239 35
41775.9029587 35
41835.9029567 35
41895.9015182 35
41955.9003682 35
42015.8995927 35
42075.8994537 35
42135.8976821 35
42195.8976688 35
42255.8986988 35
42315.8957803 35
42375.8950254 35
42435.8939636 35
42495.8923019 35
42555.8923804 35
42615.8911406 35
42675.8903333 35
42735.8896231 35
42795.8878644 35
42855.8880856 35
42915.8870366 35
42975.8868468 35
43035.8847283 35
43095.8844723 35
43155.8837035 35
43215.8824703 35
43275.8821573 35
43335.8810098 35
43395.8804946 35
43455.8789565 35
43515.8786989 35
43575.8777967 34
43635.8762793 34
43695.8761304 34
43755.8745088 34
43815.8738396 34
43875.8732545 34
43935.8721784 34
43995.8712665 34
44055.8700677 34
44115.8699578 34
44175.8680765 34
44235.8679985 34
44295.867162 34
44355.8665606 34
44415.8649938 34
44475.8645366 34
44535.8632551 34
44595.8622426 34
44655.8624422 34
44715.8606923 34
44775.8601134 34
44835.8594591 34
44895.8582783 34
44955.8571051 34
45015.8572386 34
45075.8557888 34
45135.8554917 34
45195.8539942 34
45255.8537099 34
45315.8523941 34
45375.851185 34
45435.85068 34
45495.8500524 34
45555.8484477 34
45615.8481105 34
45675.8473551 34
45735.8460999 34
45795.8451551 34
45855.8445331 34
45915.8439768 34
45975.8425933 34
46035.8417311 34
46095.841455 34
46155.8400556 34
46215.8398914 34
46275.8393351 ?
46335.8384852 34
46395.8366983 34
46455.8365439 34
46515.8347687 34
46575.8345106 34
46635.8336264 34
46695.8330008 34
46755.8314864 34
46815.8313289 34
46875.8303846 34
46935.829544 34
46995.828667 34
47055.8268806 34
47115.8262283 34
47175.8256977 34
47235.825184 34
47295.8237543 34
47355.8236136 34
47415.8227063 34
47475.8214778 34
47535.8200198 34
47595.8195636 34
47655.8186604 34
47715.8183894 34
47775.816934 34
47835.8168104 34
47895.8159266 34
47955.8142783 34
48015.8137923 34
48075.8125278 34
48135.8113147 34
48195.810843 34
48255.809986 34
48315.8086907 34
48375.8088026 34
48435.8078619 34
48495.8072123 34
48555.8061915 34
48615.8049152 34
48675.8044944 34
48735.8036246 34
48795.8023426 34
48855.8015857 34
48915.8005655 34
48975.799634 34
49035.7989294 34
49095.7971035 34
49155.7973919 34
49215.7964703 34
49275.7955881 34
49335.7945828 34
49395.7937853 34
49455.7926137 34
49515.7922052 34
49575.7916987 34
49635.7908227 34
49695.7892954 34
49755.7882691 34
49815.7875978 34
49875.7867223 34
49935.7864493 34
49995.7846865 34
50055.784649 34
50115.7837638 34
50175.7824896 34
50235.7817814 34
50295.7810193 34
50355.7794156 34
50415.7788264 34
50475.7779961 34
50535.7774886 34
50595.7765146 34
50655.7758787 34
50715.7748334 34
50775.7740354 34
50835.7731445 34
50895.7722382 34
50955.7710948 34
51015.7704425 34
51075.7693166 34
51135.7687059 34
51195.7681486 34
51255.7672475 34
51315.765672 34
51375.7649468 34
51435.7644311 34
51495.7631276 34
51555.7625164 34
51615.7616019 34
51675.7607197 34
51735.7600742 34
51795.7593013 34
51855.7590031 34
51915.7575247 34
51975.7561242 34
52035.7558917 34
52095.7548581 34
52155.7543973 34
52215.7528254 34
52275.7519058 34
52335.7513895 34
52395.750668 34
52455.7497391 34
52515.7486496 34
52575.7476792 34
52635.7476869 34
52695.7459575 34
52755.7448223 34
52815.744947 34
52875.7430544 34
52935.7428137 34
52995.7417873 34
53055.7412711 34
53115.7441936 34
53175.7393179 34
53235.7378302 34
53295.738038 34
53355.7361325 34
53415.7362347 34
53475.7352878 34
53535.7342024 34
53595.7330565 34
53655.7324515 34
53715.7314261 34
53775.7299492 34
53835.7297429 34
53895.7292641 34
53955.7273489 34
54015.7270245 34
54075.7266386 34
54135.7247737 34
54195.7247563 34
54255.7238479 34
54315.7223022 34
54375.7219584 34
54435.7206631 34
54495.7192416 34
54555.7194781 34
54615.7184903 34
54675.7170923 34
54735.7164396 34
54795.7154209 34
54855.714198 34
54915.7141241 34
54975.7130146 34
55035.7123331 34
55095.7117301 34
55155.7097964 34
55215.7098421 34
55275.7090071 34
55335.7079787 34
55395.7072033 34
55455.706257 34
55515.7055395 34
55575.7036572 34
55635.7034031 34
55695.7027021 34
55755.7022079 34
55815.7009055 34
55875.6993844 34
55935.6988758 34
55995.6982718 34
56055.6973106 34
56115.696723 34
56175.695554 34
56235.6949238 34
56295.6932641 34
56355.6932564 34
56415.6924353 34
56475.6917107 34
56535.6906336 34
56595.6948771 34
56655.6882385 34
56715.6873871 34
56775.6873425 34
56835.6863207 34
56895.6856829 34
56955.6846611 34
57015.6839042 34
57075.6825678 34
57135.681853 34
57195.6808343 34
57255.6796422 34
57315.679579 34
57375.6782278 34
57435.6777223 34
57495.6768083 34
57555.6755357 34
57615.6752852 34
57675.6744164 34
57735.6726321 34
57795.6723914 34
57855.6710951 34
57915.6708323 34
57975.6700636 34
58035.6682833 34
58095.6682443 34
58155.6673165 34
58215.6657944 34
58275.6657569 34
58335.6647547 34
58395.6634271 34
58455.6631448 34
58515.6649574 34
58575.6610972 34
58635.6596993 34
58695.6593036 34
58755.6580309 34
58815.6580242 34
58875.6571954 34
58935.6554373 34
58995.6552972 34
59055.653247 34
59115.6527487 34
59175.6529124 34
59235.6514026 34
59295.6510044 34
59355.6499226 34
59415.6491076 34
59475.6482866 34
59535.6471098 34
59595.6467506 34
59655.6452269 34
59715.6446932 34
59775.643672 34
59835.6426497 34
59895.6421324 34
59955.6408346 34
60015.6404061 34
60075.6396938 34
60135.6426492 34
60195.6375322 34
60255.6367681 34
60315.6356981 34
60375.6354641 34
60435.633943 34
60495.6334268 34
60555.6324486 34
60615.6313894 34
60675.6348293 34
60735.6296995 34
60795.628706 34
60855.6284171 34
60915.6268724 34
60975.626837 34
61035.6252846 34
61095.6244763 34
61155.6242936 34
61215.6223066 34
61275.6213721 34
61335.6214044 34
61395.6198181 34
61455.6194651 34
61515.61882 34
61575.6181185 34
61635.6208486 34
61695.6163382 34
61755.6151928 34
61815.6141854 34
61875.6134926 34
61935.6162638 34
61995.611894 34
62055.6112069 34
62115.609635 34
62175.6088026 34
62235.6083931 34
62295.6073749 34
62355.605995 34
62415.6052965 34
62475.6047043 34
62535.6042994 34
62595.6022795 34
62655.60187 34
62715.6011762 34
62775.6006353 34
62835.5993682 34
62895.598718 34
62955.5976875 34
63015.5961054 34
63075.5960931 34
63135.5955127 34
63195.5936195 34
63255.5934543 34
63315.591945 34
63375.5919193 34
63435.5907698 34
63495.5897291 34
63555.5887479 34
63615.5884625 34
63675.5876886 34
63735.5866915 34
63795.585718 34
63855.5848754 34
63915.5832522 34
63975.5832286 34
64035.5822961 34
64095.5811984 34
64155.5803732 34
64215.5798415 34
64275.578361 34
64335.5774988 34
64395.5768604 34
64455.5761327 34
64515.5755626 34
64575.5740092 34
64635.5730608 34
64695.5767393 34
64755.5716367 34
64815.5713673 34
64875.5694829 34
64935.5693371 34
64995.568201 34
65055.5673614 34
65115.5668739 34
65175.5658506 34
65235.564468 34
65295.5642032 34
65355.5628885 34
65415.5623034 34
65475.5614367 34
65535.5599956 34
65595.5592315 34
65655.558082 34
65715.5580625 34
65775.5567975 34
65835.5563962 34
65895.5551214 34
65955.5543696 34
66015.5531903 34
66075.5528157 34
66135.5518986 34
66195.5510252 34
66255.5502657 34
66315.5490412 34
66375.5485829 34
66435.5474411 34
66495.5467791 34
66555.5459036 34
66615.544636 34
66675.5436743 34
66735.5430318 34
66795.5422353 34
66855.5410412 34
66915.5405218 34
66975.5389776 34
67035.5389653 34
67095.5407214 34
67155.5372862 34
67215.5362921 34
67275.535645 34
67335.5341229 34
67395.533856 34
67455.5324499 34
67515.5355655 34
67575.5312942 34
67635.5295828 34
67695.5289243 34
67755.5284537 34
67815.5315683 34
67875.5259781 34
67935.5262332 34
67995.5249323 34
68055.5237468 34
68115.5234322 34
68175.5225203 34
68235.5217167 34
68295.5206995 34
68355.5188757 34
68415.5186535 34
68475.5182219 34
68535.5172371 34
68595.5163472 34
68655.5155559 34
68715.5141831 34
68775.5144012 34
68835.5128057 34
68895.511748 34
68955.5112154 34
69015.5099991 34
69075.5089389 34
69135.5085483 34
69195.5079551 34
69255.5063339 34
69315.5059403 34
69375.5045496 34
69435.5041365 34
69495.5026 34
69555.5026021 34
69615.5011097 34
69675.500692 34
69735.5000402 34
69795.4988897 34
69855.4983657 34
69915.4966106 34
69975.4965136 34
70035.4957315 34
70095.4941417 34
70155.4931307 34
70215.4925046 34
70275.492033 34
70335.4912324 34
70395.4904652 34
70455.4895743 34
70515.4918005 34
70575.4875185 34
70635.4863485 34
70695.4858861 34
70755.4886891 34
70815.4839036 34
70875.4877813 34
70935.4828727 34
70995.4819648 34
71055.484814 34
71115.4797992 34
71175.4788344 34
71235.4778722 34
71295.4767832 34
71355.4757666 34
71415.4757804 34
71475.4741516 34
71535.473312 34
71595.4724109 34
71655.4723657 34
71715.4711325 34
71775.4702314 34
71835.468972 34
71895.4686923 34
71955.4722215 34
72015.4671492 34
72075.4662178 34
72135.4647726 34
72195.4641748 34
72255.4631633 34
72315.4628836 34
72375.4619814 34
72435.4604562 34
72495.4603952 34
72555.4590465 34
72615.4581854 34
72675.4576496 34
72735.4606174 34
72795.4559335 34
72855.4551093 34
72915.4538351 34
72975.452645 34
73035.4522904 34
73095.4505825 34
73155.4500103 34
73215.4495639 34
73275.4483014 34
73335.4470631 34
73395.4467819 34
73455.4458423 34
73515.444585 34
73575.4440661 34
73635.4431398 34
73695.4429325 34
73755.4417866 34
73815.4405226 34
73875.4394485 34
73935.4394572 34
73995.4376118 34
74055.4374045 34
74115.436879 34
74175.4357166 34
74235.4348503 34
74295.4339979 34
74355.4324209 34
74415.4319385 34
74475.4311949 34
74535.4298622 34
74595.4298309 34
74655.4290734 34
74715.4280604 34
74775.4267723 34
74835.425925 34
74895.424893 34
74955.4240155 34
75015.4233196 34
75075.4230266 34
75135.4214003 34
75195.420746 34
75255.4203544 34
75315.4189668 34
75375.417809 34
75435.4177089 34
75495.4159266 34
75555.4156685 34
75615.4152169 34
75675.4146539 34
75735.4132047 34
75795.4122081 34
75855.4115482 34
75915.4105213 34
75975.409636 34
76035.4090033 34
76095.4076931 34
76155.4070383 34
76215.4061474 34
76275.4055511 34
76335.4046597 34
76395.4031986 34
76455.4024679 34
76515.4022816 34
76575.4013737 34
76635.4004962 34
76695.3992286 34
76755.3980601 34
76815.3978112 34
76875.3967915 34
76935.3958955 34
76995.3943631 34
77055.3944165 34
77115.3937006 34
77175.3921882 34
77235.3910741 34
77295.3909063 34
77355.3891856 34
77415.3892149 34
77475.3881064 34
77535.3875485 34
77595.3865863 34
77655.3853885 34
77715.3844941 34
77775.3839598 34
77835.3830284 34
77895.3823017 34
77955.3814124 34
78015.3803173 34
78075.379119 34
78135.3784847 34
78195.3773233 34
78255.3761794 34
78315.3758428 34
78375.3750925 34
78435.3740933 34
78495.3732214 34
78555.3724953 34
78615.3712293 34
78675.370908 34
78735.3696615 34
78795.3689723 34
78855.3682512 34
78915.3673604 34
78975.3661985 34
79035.3654077 34
79095.3648837 34
79155.363123 34
79215.3625698 34
79275.3654482 34
79335.3604103 34
79395.359833 34
79455.3596364 34
79515.3587542 34
79575.3575847 34
79635.3570736 34
79695.3556033 34
79755.3552128 34
79815.3539236 34
79875.3527223 34
79935.3523718 34
79995.3507578 34
80055.3503026 34
80115.3501507 34
80175.3490191 34
80235.3643444 34
80295.3470074 34
80355.3458251 34
80415.3456398 34
80475.3450532 34
80535.3434931 34
80595.3429379 34
80655.3414584 34
80715.3412038 34
80775.3404038 34
80835.3395273 34
80895.3385188 34
80955.3368536 34
81015.3371255 34
81075.3353392 34
81135.3351914 34
81195.334185 34
81255.3335312 34
81315.3322375 34
81375.3312188 34
81435.3304423 34
81495.3336826 34
81555.3287709 34
81615.328426 34
81675.3267756 34
81735.3260926 34
81795.3254439 34
81855.3249661 34
81915.3236642 34
81975.3225542 34
82035.3222765 34
82095.3216946 34
82155.3200242 34
82215.3187094 34
82275.3188115 34
82335.3177954 34
82395.3163908 34
82455.3153301 34
82515.3144459 34
82575.314043 34
82635.3131434 34
82695.3127462 34
82755.3112615 34
82815.3102223 34
82875.3101818 34
82935.3089614 34
82995.3082476 34
83055.3075435 34
83115.3064792 34
83175.3050987 34
83235.3049853 34
83295.3034498 34
83355.3030034 34
83415.3018754 34
83475.3015926 34
83535.30046 34
83595.2996938 34
83655.2989728 34
83715.2972767 34
83775.2969616 34
83835.2954406 34
83895.2953205 34
83955.2945892 34
84015.2934586 34
84075.2921387 34
84135.2917913 34
84195.2906382 34
84255.2907049 34
84315.2892336 34
84375.2886563 34
84435.2868016 34
84495.2871598 34
84555.2863834 34
84615.2850347 34
84675.2835465 34
84735.283568 34
84795.2825021 34
84855.2819248 34
84915.2810319 34
84975.2792024 34
85035.2788411 34
85095.2780759 34
85155.2767996 34
85215.2761725 34
85275.2755156 34
85335.2743656 34
85395.2732315 34
85455.2734177 34
85515.272142 34
85575.2708051 34
85635.2706291 34
85695.2693451 34
85755.2687236 34
85815.2676916 34
85875.2670065 35
85935.2660268 35
85995.2656856 35
86055.2644524 35
86115.2638468 35
86175.2619737 35
86235.2616432 35
86295.2607472 35
86355.2605091 35
86415.2595735 35
86475.2579904 35
86535.2573525 35
86595.2568937 35
86655.2558694 35
86715.2553526 35
86775.2543257 35
86835.2529391 35
86895.2525178 35
86955.2517654 35
87015.2509916 35
87075.2491451 35
87135.2487002 35
87195.2482655 35
87255.2470744 35
87315.2461425 35
87375.2458017 35
87435.2444628 35
87495.243185 35
87555.2429843 35
87615.2414463 35
87675.2403584 35
87735.2394906 35
87795.2388824 35
87855.238748 35
87915.2369631 35
87975.2371858 35
88035.2360373 35
88095.2347729 35
88155.2342751 35
88215.2374383 35
88275.2329741 35
88335.2316922 35
88395.2303143 35
88455.2298935 35
88515.2293305 35
88575.2280583 35
88635.2275534 35
88695.2269088 35
88755.2260107 35
88815.2242064 35
88875.2243398 35
88935.2230348 35
88995.2226622 35
89055.2216635 35
89115.2204078 35
89175.2193999 35
89235.2183771 35
89295.2176776 35
89355.2169114 35
89415.2163372 35
89475.2148998 35
89535.2150178 35
89595.2135829 35
89655.2126987 35
89715.2114778 35
89775.2111966 35
89835.2100389 35
89895.2096566 35
89955.2087682 35
90015.2070573 35
90075.2065456 35
90135.2062829 35
90195.2050497 35
90255.2045488 35
90315.2029518 35
90375.2022308 35
90435.2019829 35
90495.2004474 35
90555.2003022 35
90615.1991927 35
90675.1986723 35
90735.1979513 35
90795.1966699 35
90855.1952715 35
90915.1947547 35
90975.1933563 35
91035.1929565 35
91095.192821 35
91155.1915334 35
91215.190681 35
91275.1902576 35
91335.1931535 35
91395.1874988 35
91455.186963 35
91515.1866679 35
91575.1849149 35
91635.184179 35
91695.1832209 35
91755.1831254 35
91815.1819738 35
91875.1808438 35
91935.1799344 35
91995.1787248 35
92055.1782573 35
92115.1778422 35
92175.1767362 35
92235.1759152 35
92295.1749001 35
92355.1793437 35
92415.1737367 35
92475.1722951 35
92535.1717414 35
92595.1711687 35
92655.1697667 35
92715.168651 35
92775.1676128 35
92835.1673301 35
92895.1665157 35
92955.1651598 35
93015.1651542 35
93075.1642582 35
93135.1633534 35
93195.1622542 35
93255.1607398 35
93315.1604185 35
93375.1596451 35
93435.1593921 36
93495.1582241 36
93555.1572778 36
93615.1561914 36
93675.1552092 36
93735.1541813 36
93795.1536265 36
93855.1527572 36
93915.151582 36
93975.1502159 36
94035.1497011 36
94095.1485588 36
94155.1481636 36
94215.1473261 36
94275.1461879 36
94335.1461017 36
94395.1445852 36
94455.1432956 36
94515.1435537 36
94575.1421517 36
94635.1414332 36
94695.1405983 36
94755.1390213 36
94815.1390146 36
94875.1386164 36
94935.1376511 36
94995.1366816 36
95055.1359288 36
95115.1350405 36
95175.1341203 36
95235.1329108 36
95295.1322323 36
95355.1309684 36
95415.1305881 36
95475.1296941 36
95535.1283208 36
95595.1274074 36
95655.1271328 36
95715.1261254 36
95775.1255907 36
95835.123636 36
95895.1230453 36
95955.123033 36
96015.1219768 36
96075.121243 36
96135.1204624 36
96195.1193232 36
96255.1188033 36
96315.1178847 36
96375.1168178 36
96435.1159469 36
96495.1148005 36
96555.1140866 36
96615.1124044 36
96675.1117711 36
96735.1106329 36
96795.1107622 36
96855.1094654 36
96915.1086869 36
96975.1081742 36
97035.1071222 36
97095.1058331 36
97155.1049873 36
97215.1038594 36
97275.103825 36
97335.1030588 36
97395.1012678 36
97455.1013186 36
97515.1002101 36
97575.0986167 36
97635.0985392 36
97695.097385 36
97755.0971058 36
97815.0953477 36
97875.0954462 36
97935.0943567 36
97995.0933344 36
98055.0928644 36
98115.0915989 36
98175.090009 36
98235.0898089 36
98295.089232 36
98355.08818 36
98415.0866882 36
98475.086313 36
98535.085609 36
98595.0840884 36
98655.0841782 36
98715.0831477 36
98775.0825278 36
98835.0809816 36
98895.080416 36
98955.0790099 36
99015.0784254 36
99075.0815148 36
99135.0764214 36
99195.0756521 36
99255.0754956 36
99315.0744215 36
99375.0733382 36
99435.0730282 36
99495.0718027 36
99555.0710176 36
99615.0697515 36
99675.0686533 36
99735.0685917 36
99795.0670573 36
99855.0667648 36
99915.06615 36
99975.0643687 36
100035.0645555 36
100095.0633988 36
100155.0618993 36
100215.0619753 36
100275.0606517 36
100335.0598768 36
100395.0593508 36
100455.0579621 36
100515.0567782 36
100575.056262 36
100635.0557436 36
100695.054436 36
100755.053422 36
100815.0534415 36
100875.0518799 36
100935.0513 36
100995.0507673 36
101055.0496968 36
101115.0490948 36
101175.0475753 36
101235.0468573 36
101295.046008 36
101355.045385 36
101415.0446465 36
101475.0431937 36
101535.0437141 35
101595.0419056 35
101655.0412944 35
101715.0400048 35
101775.0395824 35
101835.0384416 35
101895.037171 35
101955.036919 35
102015.0354041 35
102075.035324 35
102135.0345476 35
102195.0330629 35
102255.0324497 35
102315.0322013 35
102375.0303436 35
102435.0300202 35
102495.0288374 35
102555.0284376 35
102615.0269694 35
102675.0263371 35
102735.0300264 35
102795.0247611 35
102855.023062 35
102915.0232924 35
102975.0216707 35
103035.0210282 35
103095.0207306 35
103155.0199813 35
103215.0187009 35
103275.0179286 35
103335.0165368 35
103395.0161463 35
103455.0155048 35
103515.0144677 35
103575.0135152 35
103635.0128332 35
103695.0120613 35
103755.0113111 35
103815.01049 35
103875.0087205 35
103935.0078332 35
103995.0073041 35
104055.0062885 35
104115.0051385 35
104175.0043666 35
104235.0034747 35
104295.0032068 35
104355.0017956 35
104415.0014143 35
104475.0001077 35
104535.000003 35
104594.9987108 35
104654.9979944 35
104714.9966489 35
104774.9963132 35
104834.9955142 35
104894.994787 35
104954.9940224 35
105014.9923227 35
105074.9915211 35
105134.9913302 35
105194.9900452 35
105254.989825 35
105314.9889706 35
105374.9878056 35
105434.986807 35
105494.9854127 35
105554.9847127 35
105614.9846085 35
105674.9834636 35
105734.9826954 35
105794.9817516 35
105854.9811563 35
105914.9803855 35
105974.9794915 35
106034.9785114 35
106094.9771817 35
106154.9762908 35
106214.9755672 35
106274.9750417 35
106334.9740005 35
106394.9729284 35
106454.9719821 35
106514.9709542 35
106574.9705616 35
106634.9687865 35
106694.9682282 35
106754.9673814 35
106814.967231 35
106874.9701598 35
106934.9652743 35
106994.9648883 35
107054.9637835 35
107114.9630101 35
107174.9614433 35
107234.9607808 35
107294.9601994 35
107354.9592561 35
107414.9584545 35
107474.9577176 35
107534.9570638 35
107594.9560241 35
107654.9550126 35
107714.9535906 35
107774.9534197 35
107834.9526535 35
107894.9511216 35
107954.9506536 35
108014.9499408 35
108074.9487589 35
108134.9478624 35
108194.9472645 35
108254.9459759 35
108314.9456655 35
108374.943683 35
108434.9431088 35
108494.9424688 35
108554.9413419 35
108614.9404602 35
108674.9401867 35
108734.9386574 35
108794.9377855 35
108854.9371374 35
108914.9358529 35
108974.9350595 35
109034.9344447 35
109094.9335266 35
109154.9331699 35
109214.9324792 35
109274.9310238 35
109334.9304516 35
109394.9288669 35
109454.9284076 35
109514.9270543 35
109574.927004 35
109634.926031 35
109694.9255671 35
109754.9242246 35
109814.9226799 35
109874.9227369 35
109934.9214057 35
109994.9207047 35
110054.9205717 35
110114.9195079 35
110174.918149 35
110234.9173772 35
110294.9165894 35
110354.9156113 35
110414.9145716 35
110474.9142888 35
110534.9128888 35
110594.912991 35
110654.9120426 35
110714.9109218 35
110774.9100643 35
110834.9086951 35
110894.9080218 35
110954.9069677 35
111014.9061949 35
111074.9056914 35
111134.9046897 35
111194.903457 35
111254.9027688 35
111314.9025061 35
111374.9017296 35
111434.9001177 35
111494.8987316 35
111554.8982626 35
111614.8971315 35
111674.8971572 35
111734.8965218 35
111794.8945646 35
111854.89472 35
111914.8938174 35
111974.8924333 35
112034.8912442 35
112094.8905971 35
112154.8904421 35
112214.8899459 35
112274.8878967 35
112334.8875606 35
112394.8871326 35
112454.8862073 35
112514.8852703 35
112574.8844599 35
112634.8826853 35
112694.8821758 35
112754.8816036 35
112814.8811432 35
112874.880202 35
112934.8790484 35
112994.8773241 35
113054.8771234 35
113114.8763537 35
113174.8757271 35
113234.8738714 35
113294.8739304 35
113354.8728363 35
113414.8717468 35
113474.8712788 35
113534.8695596 35
113594.8696546 35
113654.8688412 35
113714.8674053 35
113774.8658734 35
113834.8655624 35
113894.8649435 35
113954.8644503 35
114014.8628584 35
114074.8627584 35
114134.8616632 35
114194.8606897 35
114254.8600118 35
114314.8587263 35
114374.8582254 35
114434.8574372 35
114494.8565447 35
114554.8557575 35
114614.8549759 35
114674.8541533 35
114734.8532239 35
114794.8522381 35
114854.8507606 35
114914.8506108 35
114974.849454 35
115034.8483019 35
115094.8480474 35
115154.8469933 35
115214.8462923 35
115274.8444053 35
115334.8444346 35
115394.8435334 35
115454.842426 35
115514.84083 35
115574.8410722 35
115634.8394916 35
115694.8392812 35
115754.8383533 35
115814.8376005 35
115874.8366619 35
115934.835634 35
115994.8343536 35
116054.833201 35
116114.83295 35
116174.8312113 35
116234.831159 35
116294.8305304 35
116354.8286187 35
116414.8288717 35
116474.8277443 35
116534.827268 35
116594.8261703 35
116654.8257146 35
116714.8238759 35
116774.8233442 35
116834.8221218 35
116894.8213151 35
116954.8209323 35
117014.8201599 35
117074.819481 35
117134.8181611 35
117194.8178588 35
117254.8169499 35
117314.8160601 35
117374.8151789 35
117434.8140032 35
117494.812945 35
117554.8125725 35
117614.8117534 35
117674.8108974 35
117734.8101374 35
117794.8089407 35
117854.8077444 35
117914.8073647 35
117974.8061941 35
118034.8056332 35
118094.8048521 35
118154.8039782 35
118214.8022123 35
118274.8013219 35
118334.800781 35
118394.8004007 35
118454.7990013 35
118514.7986826 35
118574.7977045 35
118634.7968059 35
118694.7954444 35
118754.7950549 35
118814.7936175 35
118874.7927589 35
118934.7916073 35
118994.7909776 35
119054.7902063 35
119114.7896742 35
119174.7891276 35
119234.7879883 35
119294.7864206 35
119354.7861932 35
119414.7856498 35
119474.7848954 35
119534.783381 35
119594.7823623 35
119654.7812646 35
119714.7806595 35
119774.7797861 35
119834.7788819 35
119894.778185 35
119954.7771653 35
120014.7764376 35
120074.7756724 35
120134.7744136 35
120194.7741575 35
120254.7725286 35
120314.7726338 35
120374.7716295 35
120434.7705878 35
120494.7695481 35
120554.7691154 35
120614.767735 35
120674.7674276 35
120734.7670858 35
120794.7647354 35
120854.7648365 35
120914.7638897 35
120974.7622367 35
121034.7618436 35
121094.760828 35
121154.7606818 35
121214.7593921 35
121274.7584823 35
121334.7573748 35
121394.7570782 35
121454.7558619 35
121514.7550609 35
121574.754073 35
121634.7535208 35
121694.7521208 35
121754.7514491 35
121814.7510811 35
121874.7496811 35
121934.7483971 35
121994.7480169 35
122054.7473949 35
122114.7465009 35
122174.7456229 35
122234.7442275 35
122294.7434244 35
122354.7422595 35
122414.7422364 35
122474.740451 35
122534.7402467 35
122594.7393009 35
122654.738641 35
122714.7373673 35
122774.7371137 35
122834.7361957 35
122894.7346812 35
122954.7337041 35
123014.7328979 35
123074.7320332 35
123134.7309822 35
123194.730196 35
123254.7301113 35
123314.7286005 35
123374.7281936 35
123434.7272426 35
123494.7264877 35
123554.7252222 35
123614.7247521 35
123674.7239316 35
123734.722276 35
123794.7223843 35
123854.7211126 35
123914.7205286 35
123974.7194381 35
124034.7188002 35
124094.7179032 35
124154.7165422 35
124214.7157196 35
124274.7153773 35
124334.7140984 35
124394.7135683 35
124454.7116654 35
124514.7115407 35
124574.7103953 35
124634.7098688 35
124694.7086782 35
124754.7083574 35
124814.7066885 35
124874.7065146 35
124934.7051285 35
124994.7043269 35
125054.7031722 35
125114.7029567 35
125174.7016819 35
125234.7005385 35
125294.6997652 35
125354.699875 35
125414.6983447 35
125474.6980819 35
125534.6961765 35
125594.6961724 35
125654.6952137 35
125714.6945122 34
125774.6937614 34
125834.6925734 34
125894.6916091 35
125954.6914049 34
126014.6900131 34
126074.6895076 34
126134.6879788 34
126194.6876032 34
126254.6867205 34
126314.6855376 34
126374.685067 34
126434.6840053 34
126494.6825863 34
126554.682322 34
126614.6810575 34
126674.6806547 34
126734.6798772 34
126794.6783746 34
126854.6782442 34
126914.6771984 34
126974.6755752 34
127034.6751626 34
127094.6746427 34
127154.673739 34
127214.6731098 34
127274.6714533 34
127334.6713111 34
127394.6700281 34
127454.6692938 34
127514.6682125 34
127574.6670589 34
127634.6670286 34
127694.6657774 34
127754.6649096 34
127814.6642866 34
127874.6633095 34
127934.6626178 34
127994.6614616 34
128054.6610048 34
128114.6594365 34
128174.6587524 34
128234.6583912 34
128294.6569856 34
128354.6557108 34
128414.6546131 34
128474.6545613 34
128534.6538885 34
128594.6525793 34
128654.6520687 34
128714.6506641 34
128774.6504445 34
128834.6488716 34
128894.6486006 34
128954.6480767 34
129014.6471196 34
129074.6455441 34
129134.6449483 34
129194.6439948 34
129254.6430079 34
129314.6427626 34
129374.6419169 34
129434.6401613 34
129494.639896 34
129554.639372 34
129614.6381393 34
129674.6367301 34
129734.6360579 34
129794.6355349 34
129854.6346538 34
129914.6341191 34
129974.6322285 34
130034.6322541 34
130094.6308537 34
130154.6296754 34
130214.6291386 34
130274.628745 34
130334.627734 34
130394.6265095 34
130454.6250947 34
130514.6244399 34
130574.6245056 34
130634.6233596 34
130694.6222522 34
130754.6214649 34
130814.6209348 34
130874.619793 34
130934.6188862 34
130994.6180081 34
131054.617497 34
131114.6162294 34
131174.6151097 34
131234.6143106 34
131294.6138683 34
131354.6123544 34
131414.6115066 34
131474.6110683 34
131534.6101805 34
131594.6095385 34
131654.6084901 34
131714.6078702 34
131774.6064656 34
131834.6061987 34
131894.6090808 34
131954.6037082 34
132014.6030206 34
132074.6024843 34
132134.6012188 34
132194.6006933 34
132254.5989674 34
132314.5984707 34
132374.5982926 34
132434.597376 34
132494.5962506 34
132554.5952078 34
132614.5947208 34
132674.5936257 34
132734.5919106 34
132794.5921349 34
132854.5906384 34
132914.5900175 34
132974.589453 34
133034.5885539 34
133094.5871637 34
133154.5862799 34
133214.5852274 34
133274.5850586 34
133334.5843437 34
133394.5825111 34
133454.5821632 34
133514.5811681 34
133574.5801346 34
133634.5794397 34
133694.5788306 34
133754.5781614 34
133814.5772961 34
133874.5763375 34
133934.5757104 34
133994.5742314 34
134054.5739594 34
134114.5724414 34
134174.5719205 34
134234.5703938 34
134294.5705944 34
134354.5690739 34
134414.5677165 34
134474.5675631 34
134534.5670191 34
134594.5647852 34
134654.5642576 34
134714.5640642 34
134774.5629737 34
134834.5625626 34
134894.5611708 34
134954.5615403 34
135014.5595969 34
135074.5592402 34
135134.5584186 34
135194.5571428 34
135254.5564752 34
135314.5557306 34
135374.5541289 34
135434.553589 34
135494.5523738 34
135554.5514891 34
135614.5507758 34
135674.5501651 34
135734.5492172 34
135794.5487297 34
135854.5476207 34
135914.5465635 34
135974.546192 34
136034.5450927 34
136094.5438395 34
136154.5440931 34
136214.5425504 34
136274.5410227 34
136334.5403083 34
136394.5397341 34
136454.5393902 34
136514.5381894 34
136574.5374329 34
136634.5360243 34
136694.5353735 34
136754.5344785 34
136814.5339546 34
136874.5327342 34
136934.5316488 34
136994.5306748 34
137054.5302258 34
137114.529594 34
137174.5277538 34
137234.527219 34
137294.5256636 34
137354.5254306 34
137414.5245351 34
137474.5233881 34
137534.5219614 34
137594.5222221 34
137654.5214529 34
137714.5206143 34
137774.5196557 34
137834.5176394 34
137894.5175568 34
137954.5165468 34
138014.5161358 34
138074.5152988 34
138134.5137828 34
138194.5132619 34
138254.5123639 34
138314.5113395 34
138374.5104502 34
138434.5093705 34
138494.5092232 34
138554.5081799 34
138614.5073721 34
138674.505927 34
138734.5052778 34
138794.5035684 34
138854.5038712 34
138914.5027237 34
138974.5017615 34
139034.5006776 34
139094.4997857 34
139154.4993982 34
139214.4986213 34
139274.4974789 34
139334.4963222 34
139394.4960441 34
139454.4942885 34
139514.4942756 34
139574.4923548 34
139634.4917826 34
139694.4913618 34
139754.4899818 34
139814.4897026 34
139874.4890103 34
139934.4881025 34
139994.4873471 34
140054.4857029 34
140114.484678 34
140174.4846596 34
140234.4837974 34
140294.4827213 34
140354.4821039 34
140414.4812525 34
140474.479305 34
140534.4790217 34
140594.4786368 34
140654.4771142 34
140714.4768448 34
140774.4754428 34
140834.4741598 34
140894.4737179 34
140954.473 34
141014.4714681 34
141074.4708467 34
141134.4698234 34
141194.469322 34
141254.4685738 34
141314.467883 34
141374.4673632 34
141434.4653474 34
141494.4649415 34
141554.463795 34
141614.463777 34
141674.4631397 34
141734.4618716 34
141794.4609561 34
141854.4591722 34
141914.4586503 34
141974.4585744 34
142034.4570507 34
142094.4564888 34
142154.4551365 34
142214.4544879 34
142274.4540609 34
142334.4528867 34
142394.4517926 34
142454.4507935 34
142514.4504999 34
142574.4493191 34
142634.4492477 34
142694.4479058 34
142754.4473151 34
142814.4459916 34
142874.4448503 34
142934.4441939 34
142994.4437941 34
143054.4421011 34
143114.4421355 34
143174.4413642 34
143234.4395911 34
143294.4394711 34
143354.4381116 34
143414.4376913 34
143474.4369262 34
143534.4359829 34
143594.4353199 34
143654.4336043 34
143714.4333298 34
143774.4325615 34
143834.4433143 34
143894.4308834 34
143954.4297406 34
144014.4291663 34
144074.4282092 34
144134.4265742 34
144194.4263669 34
144254.4253297 34
144314.4246205 34
144374.4231882 34
144434.4225857 34
144494.4220566 34
144554.4255135 34
144614.4201527 34
144674.4192423 34
144734.4185983 34
144794.4174067 34
144854.4164214 34
144914.4162956 34
144974.4153893 34
145034.4142357 34
145094.412984 34
145154.4124601 34
145214.4116929 34
145274.4105387 34
145334.409851 34
145394.4086928 34
145454.408292 34
145514.4074411 34
145574.4227669 34
145634.4059103 34
145694.4047633 34
145754.4035758 34
145814.4027244 34
145874.4025623 34
145934.4008929 34
145994.3999343 34
146054.3998783 34
146114.3989998 34
146174.3976911 34
146234.3965129 34
146294.3970768 34
146354.3955645 34
146414.3941394 34
146474.3932387 34
146534.3929755 34
146594.3915514 34
146654.3906882 34
146714.3898456 34
146774.3895033 34
146834.3879801 34
146894.3871113 34
146954.3863272 34
147014.3860536 34
147074.38492 34
147134.3843776 34
147194.3833687 34
147254.3817167 34
147314.3808227 34
147374.3805631 34
147434.3800242 34
147494.3783872 34
147554.3781213 34
147614.3770965 34
147674.3764607 34
147734.3753234 34
147794.3745434 34
147854.372971 34
147914.3724532 34
147974.3722012 34
148034.3711605 34
148094.3705108 34
148154.3691242 34
148214.3675035 34
148274.3672413 34
148334.3661708 34
148394.365906 34
148454.3646897 34
148514.3637634 34
148574.3626657 34
148634.3626144 34
148694.363317 34
148754.3609671 34
148814.3597031 34
148874.358238 34
148934.3581861 34
148994.3571059 34
149054.3562417 34
149114.3554473 34
149174.3546447 34
149234.3539883 34
149294.3531251 34
149354.3516081 34
149414.3514296 34
149474.3501912 34
149534.3489093 34
149594.3487759 34
149654.3470875 34
149714.3470772 34
149774.3456141 34
149834.3451702 34
149894.3444179 34
149954.3428881 34
150014.3421281 34
150074.3416919 34
150134.3410401 34
150194.3400753 34
150254.3391644 34
150314.3381524 34
150374.3373662 34
150434.3366298 34
150494.3401518 34
150554.334282 34
150614.3330724 34
150674.3326044 34
150734.3316873 34
150794.3312316 34
150854.3302022 34
150914.3293682 34
150974.3280458 34
151034.3275146 34
151094.326946 34
151154.3261136 34
151214.3247054 34
151274.3240722 34
151334.32276 34
151394.3226091 34
151454.3212717 34
151514.3207011 34
151574.3196834 34
151634.3226342 34
151694.3176789 34
151754.3168445 34
151814.3157221 34
151874.3245633 34
151934.3144884 34
151994.3138352 34
152054.3130336 34
152114.3118394 34
152174.3110588 34
152234.3099734 34
152294.3134369 34
152354.3075604 34
152414.307543 34
152474.3067655 34
152534.3053758 34
152594.3044947 34
152654.3044069 34
152714.3028858 34
152774.3020647 34
152834.3049612 34
152894.3005801 34
152954.2999422 34
153014.2988486 34
153074.2976339 34
153134.2972516 34
153194.2963607 34
153254.2956176 34
153314.2938138 34
153374.2935685 34
153434.2927397 34
153494.2920505 34
153554.2911354 34
153614.2902558 34
153674.2889667 34
153734.2878234 34
153794.2869335 34
153854.2857927 34
153914.2859815 34
153974.284735 34
154034.28384 34
154094.2834171 34
154154.2818725 34
154214.2811237 34
154274.279987 34
154334.2797207 34
154394.2783423 34
154454.277864 34
154514.2772779 34
154574.2761397 34
154634.2745739 34
154694.2742609 34
154754.2730975 34
154814.2724601 34
154874.2716724 34
154934.2710684 34
154994.2697259 34
155054.2686718 34
155114.2679359 34
155174.2667843 34
155234.2668428 34
155294.2652873 34
155354.2651544 34
155414.2637319 34
155474.263212 34
155534.2617002 34
155594.262336 34
155654.2604049 34
155714.2595997 34
155774.2578734 34
155834.257957 34
155894.2570502 34
155954.2560526 34
156014.2549785 34
156074.253891 34
156134.2532285 34
156194.2520877 34
156254.2513308 34
156314.2508037 34
156374.2501135 34
156434.2490153 34
156494.2473141 34
156554.2465879 34
156614.2462682 34
156674.2457483 34
156734.2439758 34
156794.2440913 34
156854.2430711 34
156914.241413 34
156974.2411697 34
157034.2397605 34
157094.2387993 34
157154.2376339 34
157214.2372382 34
157274.2369349 34
157334.2361975 34
157394.235111 34
157454.2346194 34
157514.2331009 34
157574.232325 34
157634.2318066 34
157694.2299499 34
157754.2300115 34
157814.2290929 34
157874.2278459 34
157934.2274518 34
157994.2262832 34
158054.2254077 34
158114.2245127 34
158174.2232985 34
158234.2230912 34
158294.2218247 34
158354.2203005 34
158414.2199177 34
158474.2191453 34
158534.2176022 34
158594.2170726 34
158654.2163546 34
158714.2157111 34
158774.2152641 34
158834.2142968 34
158894.2129871 34
158954.212339 34
159014.2108205 34
159074.2102832 34
159134.209964 34
159194.2089232 34
159254.2079102 34
159314.2068812 34
159374.2065436 34
159434.2048983 34
159494.2047808 34
159554.203913 34
159614.2029656 34
159674.2012578 34
159734.2012234 34
159794.2003387 34
159854.1987668 34
159914.1987534 34
159974.1978636 34
160034.1967048 34
160094.1961988 34
160154.1946028 34
160214.1941384 34
160274.1936329 34
160334.192664 34
160394.1959509 34
160454.1896408 34
160514.1896772 34
160574.1884677 34
160634.1878277 34
160694.1867362 34
160754.1860105 34
160814.1849513 34
160874.1877749 34
160934.1840707 34
160994.1825655 34
161054.1820831 34
161114.1805138 34
161174.1806164 34
161234.1789209 34
161294.1785242 34
161354.1772361 34
161414.1771488 34
161474.1760804 34
161534.175422 34
161594.1745239 34
161654.1733071 34
161714.1721396 34
161774.1715095 34
161834.1705852 34
161894.1700607 34
161954.1689194 34
162014.1683313 34
162074.1669729 34
162134.1661041 34
162194.1658362 34
162254.1640637 34
162314.1640785 34
162374.1631784 34
162434.1617938 34
162494.1608932 34
162554.1604939 34
162614.1598237 34
162674.1586537 34
162734.1580194 34
162794.1561781 34
162854.1563572 34
162914.1551809 34
162974.1542767 34
163034.1535331 34
163094.1523872 34
163154.1515307 34
163214.1512315 34
163274.1499429 34
163334.149442 34
163394.1479912 34
163454.1474914 34
163514.146155 34
163574.1455331 34
163634.1452092 34
163694.144188 34
163754.1433115 34
163814.1418843 34
163874.1413378 34
163934.1397587 34
163994.1392465 34
164054.1384347 34
164114.138194 34
164174.1370275 34
164234.1358041 34
164294.1346304 34
164354.1347079 34
164414.1362778 34
164474.1327835 34
164534.1312301 34
164594.1311593 34
164654.1295987 34
164714.1287468 34
164774.150142 34
164834.1275464 34
164894.1264303 34
164954.1259166 34
165014.124417 34
165074.1233835 34
165134.123306 34
165194.121827 34
165254.1217151 34
165314.1206585 34
165374.1196393 34
165434.1181187 34
165494.1180941 34
165554.1171272 34
165614.1161517 34
165674.1156205 34
165734.1144038 34
165794.1133363 34
165854.112679 34
165914.1121493 34
165974.1146214 34
166034.1097287 34
166094.1085447 34
166154.1081291 34
166214.1070688 34
166274.1056581 34
166334.1050566 34
166394.1049196 34
166454.1040657 34
166514.1026169 34
166574.1023357 34
166634.101704 34
166694.1007982 34
166754.0994865 34
166814.0991437 34
166874.0982431 34
166934.0972141 34
166994.0959476 34
167054.0946189 34
167114.0946744 34
167174.0940006 34
167234.0924574 34
167294.0919601 34
167354.0910559 34
167414.0904016 34
167474.0895276 34
167534.0881308 34
167594.0878218 34
167654.0864485 34
167714.0862027 34
167774.0849172 34
167834.0835254 34
167894.0836291 34
167954.0820002 34
168014.0813352 34
168074.080046 34
168134.0802241 34
168194.0848197 34
168254.0784428 34
168314.0766123 34
168374.0762977 34
168434.0754356 34
168494.0748582 34
168554.073582 34
168614.0733582 34
168674.0718464 34
168734.0712074 34
168794.0696894 34
168854.0698685 34
168914.0683654 34
168974.0680986 34
169034.0669398 34
169094.0661439 34
169154.0648563 34
169214.0644416 34
169274.06362 34
169334.0621739 34
169394.0613451 34
169454.0607051 34
169514.0601729 34
169574.0591738 34
169634.0579755 34
169694.0574526 34
169754.056731 34
169814.0553357 34
169874.0548009 34
169934.0541594 34
169994.0533809 34
170054.0514791 34
170114.0506621 34
170174.0502869 34
170234.0496444 34
170294.0484405 34
170354.0475938 34
170414.0462677 34
170474.045344 34
170534.0453347 34
170594.0435365 34
170654.0434518 34
170714.0425261 34
170774.0419882 34
170834.0408531 34
170894.0394197 34
170954.0388958 34
171014.0385037 34
171074.0373516 34
171134.0366655 34
171194.0356704 34
171254.0378602 34
171314.0331804 34
171374.0329423 34
171434.0321089 34
171494.0312113 34
171554.030342 34
171614.0298391 34
171674.028998 34
171734.0280871 34
171794.0271515 34
171854.0259979 34
171914.0249685 34
171974.0239929 34
172034.0229008 34
172094.0223553 34
172154.0218847 34
172214.0207737 34
172274.019228 34
172334.0187733 34
172394.0179358 34
172454.0165425 34
172514.0165312 34
172574.0157799 34
172634.0183684 34
172694.0135799 34
172754.0131755 34
172814.0114229 34
172874.0112623 34
172934.0106367 34
172994.0092219 34
173054.0085742 34
173114.0081447 34
173174.0071081 34
173234.0100871 34
173294.0054243 34
173354.0045627 34
173414.0031489 34
173474.0026803 34
173534.0019116 34
173594.0005203 34
173654.0000626 34
173713.9993431 34
173773.9980088 34
173833.997159 34
173893.9966201 34
173953.9953505 34
174013.9941979 34
174073.9941655 34
174133.9926984 34
174193.9924351 34
174253.9905271 34
174313.9898722 34
174373.9891215 34
174433.9885893 34
174493.9880535 34
174553.9866392 34
174613.9862471 34
174673.9854984 34
174733.9844894 34
174793.9835534 34
174853.9827898 34
174913.9820036 34
174973.9810983 34
175033.9796794 34
175093.9786201 34
175153.9779474 34
175213.97766 34
175273.9758823 34
175333.974899 34
175393.9749971 34
175453.9733672 34
175513.9732184 34
175573.9723167 34
175633.9715043 34
175693.9704107 34
175753.9689528 34
175813.9689312 34
175873.966898 34
175933.9662647 34
175993.9657731 34
176053.9652229 34
176113.9646384 34
176173.9632169 34
176233.9626806 34
176293.9615865 34
176353.9608793 34
176413.959989 34
176473.9590201 34
176533.9585043 34
176593.956933 34
176653.9568159 34
176713.9549259 34
176773.9548407 34
176833.9542782 34
176893.9528449 34
176953.9515897 34
177013.9509313 34
177073.9504314 34
177133.9498315 34
177193.9483956 34
177253.9475191 34
177313.947205 34
177373.9464065 34
177433.9449963 34
177493.9442424 34
177553.9433028 34
177613.9428527 34
177673.9419592 34
177733.9409349 34
177793.9399127 34
177853.9385969 34
177913.9379667 34
177973.9378117 34
178033.9369275 34
178093.9353125 34
178153.9348408 34
178213.9339936 34
178273.933074 34
178333.9318685 34
178393.93078 34
178453.9306943 34
178513.9293041 34
178573.9290075 34
178633.9281135 34
178693.9273196 34
178753.9259048 34
178813.9251447 34
178873.9247521 34
178933.9230135 34
178993.922568 34
179053.9219794 34
179113.9212209 34
179173.9205569 34
179233.9194556 34
179293.9181059 34
179353.9174798 34
179413.9165099 34
179473.9160254 34
179533.9150961 34
179593.9141549 34
179653.9131116 34
179713.9123777 34
179773.911241 34
179833.9099509 34
179893.9099232 34
179953.9086582 34
180013.9080059 34
180073.9063427 34
180133.9055246 34
180193.9048206 34
180253.9040687 34
180313.9035843 34
180373.9017697 34
180433.9017476 34
180493.9005909 34
180553.9004539 34
180613.8986762 34
180673.8985566 34
180733.8973871 34
180793.895867 34
180853.8953502 34
180913.8951624 34
180973.8942967 34
181033.892774 34
181093.8925903 34
181153.8911683 34
181213.8899474 34
181273.8889231 34
181333.8891412 34
181393.8921177 34
181453.8868596 34
181513.8866943 34
181573.885612 34
181633.8842772 34
181693.8831795 34
181753.8820711 34
181813.8811037 34
181873.8807111 34
181933.8794836 34
181993.8791962 34
182053.8785409 34
182113.8775894 34
182173.8768874 34
182233.8755008 34
182293.8748552 34
182353.8738226 34
182413.8730606 34
182473.8719634 34
182533.8713624 34
182593.8702324 34
182653.8690936 34
182713.8690408 34
182773.8671974 34
182833.8673719 34
182893.8664784 34
182953.8654824 34
183013.8641111 34
183073.8630663 34
183133.8629221 34
183193.8611562 34
183253.8601971 34
183313.8603803 34
183373.8594955 34
183433.8585985 34
183493.8573874 34
183553.8562496 34
183613.8557262 34
183673.8552577 34
183733.8540589 34
183793.8531905 34
183853.8523777 34
183913.8513739 34
183973.8505066 34
184033.8495782 34
184093.8485478 34
184153.8478586 34
184213.8467455 34
184273.8461271 34
184333.8455923 34
184393.8446588 34
184453.8432004 34
184513.8422884 34
184573.8416028 34
184633.8406057 34
184693.840306 34
184753.8389302 34
184813.8412374 34
184873.8369056 34
184933.8362539 34
184993.8353584 34
185053.8345142 34
185113.8338507 34
185173.8333303 34
185233.8324343 34
185293.8312965 34
185353.8305067 34
185413.8298648 34
185473.8287676 34
185533.8280486 34
185593.8272711 34
185653.8264659 34
185713.825379 34
185773.8246924 34
185833.8236901 34
185893.8221131 34
185953.8215778 34
186013.8208096 34
186073.8200147 34
186133.8188831 34
186193.8177233 34
186253.8175858 34
186313.8166472 34
186373.8158681 34
186433.815105 34
186493.8136543 34
186553.8133325 34
186613.8120572 34
186673.8111391 34
186733.8109375 34
186793.8099758 34
186853.8080416 34
186913.8074796 34
186973.806792 34
187033.8059308 34
187093.8051672 34
187153.8042378 34
187213.8038422 34
187273.802668 34
187333.8017889 34
187393.8000728 34
187453.8002848 34
187513.7990506 34
187573.7984984 34
187633.7971708 34
187693.7965483 34
187753.7959366 34
187813.7942795 34
187873.7946284 34
187933.7934876 34
187993.7916725 34
188053.7913902 34
188113.7900262 34
188173.7896187 34
188233.788754 34
188293.7872401 34
188353.7870436 34
188413.7861676 34
188473.78453 34
188533.7840255 34
188593.7832286 34
188653.7823279 34
188713.7819856 34
188773.780737 34
188833.7796722 34
188893.7796111 34
188953.7776631 34
189013.7776897 34
189073.7758479 34
189133.7784806 34
189193.7749416 34
189253.7736217 34
189313.7727647 34
189373.7724999 34
189433.7714453 34
189493.7698652 34
189553.7731327 34
189613.7689995 34
189673.7673455 34
189733.7949399 34
189793.7657977 34
189853.7651952 34
189913.764192 34
189973.7626498 34
190033.762598 34
190093.7617533 34
190153.7606936 34
190213.7601629 34
190273.7591376 34
190333.7575806 34
190393.7576006 34
190453.756254 34
190513.7550347 34
190573.7542008 34
190633.7531395 34
190693.7530004 34
190753.7519166 34
190813.7512474 34
190873.7504227 34
190933.7493291 34
190993.7485475 34
191053.7478994 34
191113.7460006 34
191173.7459631 34
191233.7453042 34
191293.7436327 34
191353.7433053 34
191413.7422163 34
191473.7416087 34
191533.7408564 34
191593.739888 34
191653.7387939 34
191713.7376341 34
191773.737611 34
191833.7360022 34
191893.7355747 34
191953.7343708 34
192013.7374832 34
192073.7504889 34
192133.7319896 34
192193.7314123 34
192253.7303371 34
192313.7298034 34
192373.7283711 34
192433.7277491 34
192493.726613 34
192553.72572 34
192613.7253048 34
192673.7239198 34
192733.7229596 34
192793.722391 34
192853.7217336 34
192913.7211049 34
192973.7193201 34
193033.7187566 34
193093.7177554 34
193153.7175091 34
193213.7176081 34
193273.7157129 34
193333.7143222 34
193393.7131798 34
193453.7130875 34
193513.7120082 34
193573.7114719 34
193633.7103316 34
193693.7096932 34
193753.7085504 34
193813.7080239 34
193873.7068836 34
193933.7053486 34
193993.7048431 34
194053.7045665 34
194113.7034817 34
194173.7025225 34
194233.7020283 34
194293.7009932 34
194353.6997154 34
194413.699176 34
194473.6978561 34
194533.6968118 34
194593.6960518 34
194653.6956648 34
194713.6946164 34
194773.6939226 34
194833.692988 34
194893.6914069 34
194953.6915024 34
195013.6901065 34
195073.6895066 34
195133.6888554 34
195193.6879162 34
195253.6863105 34
195313.6853477 34
195373.6853282 34
195433.6844589 34
195493.6836691 34
195553.6828378 34
195613.6816472 34
195673.6812515 34
195733.6794728 34
195793.6785794 34
195853.6776936 34
195913.6776587 34
195973.6768289 34
196033.676113 34
196093.6751066 34
196153.6740792 34
196213.6730616 34
196273.6724622 34
196333.6714204 34
196393.6706589 34
196453.6698957 34
196513.6686123 34
196573.6676249 34
196633.6670471 34
196693.6664528 34
196753.6655224 34
196813.663755 34
196873.6637437 34
196933.6624761 34
196993.6612075 34
197053.6607128 34
197113.6604891 34
197173.6586616 34
197233.6578826 34
197293.657296 34
197353.6568449 34
197413.656147 34
197473.6544191 34
197533.6540245 34
197593.6528246 34
197653.6523294 34
197713.6515525 34
197773.6508961 34
197833.6494997 34
197893.6482542 34
197953.6481075 34
198013.6474054 34
198073.646377 34
198133.6445347 34
198193.6479838 34
198253.6433513 34
198313.6430752 34
198373.6412179 34
198433.6405872 34
198493.6403055 34
198553.6392181 34
198613.6378627 34
198673.6373726 34
198733.636452 34
198793.6360117 34
198853.6350515 34
198913.6340503 34
198973.6324774 34
199033.6324589 34
199093.6313042 34
199153.630651 34
199213.6298873 34
199273.6289877 34
199333.627967 34
199393.6269493 34
199453.6262283 34
199513.6253344 34
199573.6239657 34
199633.6237476 34
199693.6227592 34
199753.6213187 34
199813.6206628 34
199873.6199238 34
199933.6191956 34
199993.617768 34
200053.6166328 34
200113.6163654 34
200173.615922 34
200233.6147237 34
200293.6131303 34
200353.6132411 34
200413.6117293 34
200473.6111987 34
200533.6102898 34
200593.6089104 34
200653.6084998 34
200713.6080036 34
200773.6069546 34
200833.6059529 34
200893.605122 34
200953.6038191 34
201013.6035353 34
201073.6026115 34
201133.6008821 34
201193.6001852 34
201253.6000959 34
201313.6029292 34
201373.5979292 34
201433.5971584 34
201493.5961372 34
201553.5957405 34
201613.5946731 34
201673.5937222 34
201733.5928508 34
201793.5914749 34
201853.5905009 34
201913.5902176 34
201973.5894894 34
202033.5888808 34
202093.5877713 34
202153.5863949 34
202213.5861794 34
202273.5850509 34
202333.5841903 34
202393.5831983 34
202453.582683 34
202513.5817649 34
202573.5803439 34
202633.5799462 34
202693.5787418 34
202753.5777482 34
202813.5770354 34
202873.5767044 34
202933.5757432 34
202993.5744967 34
203053.5733328 34
203113.5731542 34
203173.5713863 34
203233.5713668 34
203293.570772 34
203353.5696969 34
203413.567971 34
203473.5678961 34
203533.5669878 34
203593.5658588 34
203653.5649607 34
203713.8748177 34
203773.5628895 34
203833.5616763 34
203893.5606607 34
203953.5611549 34
204013.5596939 34
204073.5587938 34
204133.5585382 34
204193.5572701 34
204253.5564249 34
204313.5549054 34
204373.5543752 34
204433.5529234 34
204493.5529055 34
204553.5516846 34
204613.5510272 34
204673.5492054 34
204733.5489457 34
204793.5483448 34
204853.5474462 34
204913.5466816 34
204973.5459 34
205033.5450178 34
205093.5436651 34
205153.5428388 34
205213.5425237 34
205273.5415492 34
205333.5404161 34
205393.539635 34
205453.5390644 34
205513.537726 34
205573.5368361 34
205633.5361182 34
205693.5352519 34
205753.5347259 34
205813.533698 34
205873.5327214 34
205933.5354397 34
205993.5306563 34
206053.5294088 34
206113.5293877 34
206173.5322293 34
206233.5270368 34
206293.5265832 34
206353.5252787 34
206413.5249082 34
206473.5241394 34
206533.5228108 34
206593.5214698 34
206653.5212712 34
206713.520504 34
206773.5187941 34
206833.5182583 34
206893.5178165 34
206953.5168055 34
207013.5155287 34
207073.5154748 34
207133.5138023 34
207193.5133564 34
207253.5118938 34
207313.5120601 34
207373.5110732 34
207433.510171 34
207493.5088742 34
207553.5088439 34
207613.5077026 34
207673.5064361 34
207733.5060214 34
207793.5045029 34
207853.5037865 34
207913.5029567 34
207973.5018159 34
208033.5009234 34
208093.5000967 34
208153.498806 34
208213.4989441 34
208273.4979003 34
208333.4968626 34
208393.495963 34
208453.4953574 34
208513.4941802 34
208573.493745 34
208633.4918878 34
208693.4917041 34
208753.4907967 34
208813.4895215 34
208873.4890745 34
208933.4884181 34
208993.4868473 34
209053.486564 34
209113.4858902 34
209173.4847858 34
209233.4838436 34
209293.4832283 34
209353.4821167 34
209413.4815774 34
209473.48061 34
209533.4791485 34
209593.4788837 34
209653.4777398 34
209713.4768971 34
209773.4763213 34
209833.4747104 34
209893.4741849 34
209953.4735481 34
210013.4723837 34
210073.4719762 34
210133.4709483 34
210193.4695458 34
210253.4682397 34
210313.4681109 34
210373.4674833 34
210433.4660925 34
210493.4650385 34
210553.4649363 34
210613.4635358 34
210673.4625536 34
210733.4619973 34
210793.4608385 34
210853.4599497 34
210913.4594334 34
210973.4589023 34
211033.4573658 34
211093.4564375 34
211153.4560947 34
211213.4554896 34
211273.4534579 34
211333.4534287 34
211393.4526912 34
211453.4516043 34
211513.4507468 34
211573.4496947 34
211633.4496614 34
211693.4482676 34
211753.4473885 34
211813.4459834 34
211873.4447779 34
211933.4449344 34
211993.4438768 34
212053.4431434 34
212113.4420108 34
212173.4412749 34
212233.44021 34
212293.4394382 34
212353.4380506 34
212413.4370191 34
212473.436453 34
212533.4355385 34
212593.4364351 34
212653.4337229 34
212713.4325826 34
212773.4320571 34
212833.4307207 34
212893.4308875 34
212953.4291355 34
213013.4285977 34
213073.4276955 34
213133.4274405 34
213193.4264059 34
213253.425768 34
213313.4248042 34
213373.4233016 34
213433.4254108 34
213493.4219248 34
213553.4211452 34
213613.4204601 34
213673.4192177 34
213733.4219001 34
213793.4173266 34
213853.4160693 34
213913.4160421 34
213973.414888 34
214033.4144882 34
214093.4132252 34
214153.4119638 34
214213.4118432 34
214273.4106475 34
214333.4091018 34
214393.4085301 34
214453.4072887 34
214513.4070111 34
214573.4062577 34
214633.4054033 34
214693.4083787 34
214753.4033936 34
214813.4032392 34
214873.4021733 34
214933.4007723 34
214993.3999887 34
215053.3996007 34
215113.3975608 34
215173.3979318 34
215233.3970902 34
215293.3961429 34
215353.3953592 34
215413.3942718 34
215473.3935795 34
215533.3923109 34
215593.3917803 34
215653.3907652 34
215713.3897357 34
215773.3887607 34
215833.3882829 34
215893.3874952 34
215953.3863123 34
216013.3845469 34
216073.384025 34
216133.3836001 34
216193.3823638 34
216253.3819559 34
216313.3805697 34
216373.3794787 34
216433.3795336 34
216493.3786473 34
216553.3771124 34
216613.3766182 34
216673.3755718 34
216733.3749155 34
216793.374256 34
216853.3728217 34
216913.3725789 34
216973.3710291 34
217033.3699114 34
217093.3700561 34
217153.3684868 34
217213.3676421 34
217273.3665752 34
217333.3663022 34
217393.3653985 34
217453.3641283 34
217513.3635207 34
217573.3625118 34
217633.3623173 34
217693.3610302 34
217753.3601701 34
217813.3589226 34
217873.358474 34
217933.356917 34
217993.3566035 34
218053.3554447 34
218113.3552815 34
218173.3543039 34
218233.3570766 34
218293.3523425 34
218353.3515661 34
218413.3508024 34
218473.3487056 34
218533.3490094 34
218593.3479943 34
218653.3464065 34
218713.3458564 34
218773.3449634 34
218833.3446309 34
218893.3432889 34
218953.3424883 34
219013.3420598 34
219073.3404823 34
219133.3399034 34
219193.3385768 34
219253.3377588 34
219313.3368377 34
219373.335878 34
219433.3348722 34
219493.3386359 34
219553.3336492 34
219613.3335086 34
219673.3317838 34
219733.3314805 34
219793.3300985 34
219853.3289038 34
219913.3290901 34
219973.3275854 34
220033.3266602 34
220093.3259992 34
220153.3251632 34
220213.3245869 34
220273.3235734 34
220333.3227097 34
220393.3218881 34
220453.3204978 34
220513.3199723 34
220573.3184523 34
220633.3184323 34
220693.3172591 34
220753.3159782 34
220813.3154563 34
220873.3148256 34
220933.313908 34
220993.3134025 34
221053.3112928 34
221113.3107088 34
221173.3102767 34
221233.3092971 34
221293.3086679 34
221353.3077796 34
221413.3071514 34
221473.3056919 34
221533.3054569 34
221593.3044408 34
221653.3027924 34
221713.3026488 34
221773.3016855 34
221833.301103 34
221893.299991 34
221953.2984391 34
222013.2984925 34
222073.2976257 34
222133.2965978 34
222193.2953651 34
222253.2948663 34
222313.2934361 34
222373.2929141 34
222433.291955 34
222493.2914136 34
222553.2902733 34
222613.2888718 34
222673.2882349 34
222733.2878998 34
222793.2871731 34
222853.2863782 34
222913.2849213 34
222973.2987039 34
223033.2832345 34
223093.2820069 34
223153.2858358 34
223213.2809159 34
223273.279521 34
223333.2854653 34
223393.2778209 34
223453.2771696 34
223513.2767745 34
223573.2758646 34
223633.2744764 34
223693.2738267 34
223753.2728604 34
223813.27228 34
223873.271132 34
223933.2703479 34
223993.269534 34
224053.2677255 34
224113.2670614 34
224173.2670024 34
224233.2654392 34
224293.2649948 34
224353.2643575 34
224413.2635861 34
224473.2624299 34
224533.2610336 34
224593.2600826 34
224653.2597778 34
224713.2595007 34
224773.2578282 34
224833.2575598 34
224893.2565637 34
224953.2550473 34
225013.2549929 34
225073.2540014 34
225133.2528749 34
225193.2523074 34
225253.2514047 34
225313.2502685 34
225373.2493637 34
225433.24883 34
225493.2481187 34
225553.2465361 34
225613.2459085 34
225673.2450191 34
225733.2438716 34
225793.2434652 34
225853.2427 34
225913.241803 34
225973.2410142 34
226033.2394192 34
226093.2385181 34
226153.2379967 34
226213.2371284 34
226273.2360343 34
226333.235497 34
226393.2346682 34
226453.233145 34
226513.232521 34
226573.2317076 34
226633.230732 34
226693.2304144 34
226753.2293844 34
226813.2282436 34
226873.2278443 34
226933.2262114 34
226993.2252148 34
227053.2247704 34
227113.223821 34
227173.2381116 34
227233.2221382 34
227293.2201065 34
227353.2197422 34
227413.2191561 34
227473.2186917 34
227533.2180009 34
227593.21701 34
227653.215649 34
227713.2147289 34
227773.2144092 34
227833.2128034 34
227893.2117704 34
227953.2111258 34
228013.2103478 34
228073.2098526 34
228133.2085712 34
228193.2077922 34
228253.206774 34
228313.2099691 34
228373.2049999 34
228433.2047972 34
228493.203409 34
228553.2171337 34
228613.2061094 34
228673.2013476 34
228733.200176 34
228793.1996741 34
228853.1986457 34
228913.1971266 34
228973.1969814 34
229033.1957405 34
229093.1948532 34
229153.1943488 34
229213.1930591 34
229273.1912948 34
229333.1913908 34
229393.1904963 34
229453.1893832 34
229513.1879386 34
229573.1868398 34
229633.1870118 34
229693.1854512 34
229753.184938 34
229813.1835785 34
229873.1864047 34
229933.1817085 34
229993.1818881 34
230053.1843612 34
230113.1794602 34
230173.1790641 34
230233.1782117 34
230293.1773064 34
230353.1765992 34
230413.1756519 34
230473.1739045 34
230533.1737367 34
230593.1758094 34
230653.1711046 34
230713.1711056 34
230773.1697374 34
230833.1687182 34
230893.1679367 34
230953.1672916 34
231013.1660784 34
231073.1650397 34
231133.1647903 34
231193.1643449 34
231253.1635474 34
231313.1620222 34
231373.1617733 34
231433.1608116 34
231493.1596533 34
231553.1581123 34
231613.1575986 34
231673.1574313 34
231733.1555612 34
231793.1551963 34
231853.1542649 34
231913.1534541 34
231973.1521937 34
232033.1558152 34
232093.1513803 34
232153.15024 34
232213.1491177 34
232273.1484654 34
232333.1478003 34
232393.1469525 34
232453.1453627 34
232513.1449958 34
232573.1444831 34
232633.1430662 34
232693.1421655 34
232753.1418304 34
232813.1410001 34
232873.1397679 34
232933.1389268 34
232993.1378204 34
233053.1365934 34
233113.1362239 34
233173.1358965 34
233233.1350282 34
233293.1336713 34
233353.1325833 34
233413.1323073 34
233473.1311033 34
233533.1306266 34
233593.1298204 34
233653.1283557 34
233713.1278954 34
233773.126828 34
233833.1255024 34
233893.1244766 34
233953.1238751 34
234013.1236042 34
234073.1225018 34
234133.1219368 34
234193.1210162 34
234253.1198297 34
234313.1185016 34
234373.1182275 34
234433.1206964 34
234493.1161835 34
234553.1151145 34
234613.1149775 34
234673.1135406 34
234733.1122546 34
234793.1123315 34
234853.1114437 34
234913.1101115 34
234973.109432 34
235033.1087705 34
235093.1077503 34
235153.106862 34
235213.1063339 34
235273.104858 34
235333.1043274 34
235393.1033441 34
235453.1025133 34
235513.1010533 34
235573.1008059 34
235633.0996348 34
235693.0984555 34
235753.0980963 34
235813.0974574 34
235873.0963653 34
235933.0954442 34
235993.0947811 34
236053.0929963 34
236113.096119 34
236173.09215 34
236233.090981 34
236293.0898068 34
236353.089543 34
236413.0875575 34
236473.0866163 34
236533.0864183 34
236593.0859466 34
236653.0984155 34
236713.0836886 34
236773.0848648 34
236833.0820074 34
236893.081562 34
236953.0805459 34
237013.079965 34
237073.0789032 34
237133.0782525 34
237193.0769875 34
237253.0758441 34
237313.0748167 34
237373.0748752 34
237433.0736625 34
237493.0731278 34
237553.0722384 34
237613.0710437 34
237673.0697438 34
237733.0693625 34
237793.0684624 34
237853.0675895 34
237913.0665015 34
237973.0659601 34
238033.0647521 34
238093.0647567 34
238153.0627594 34
238213.0622924 34
238273.0616324 34
238333.0606789 34
238393.0600908 34
238453.0594227 34
238513.0582449 34
238573.057663 34
238633.0567295 34
238693.055758 34
238753.0546947 34
238813.0541671 34
238873.0523925 34
238933.0515874 34
238993.0505358 34
239053.0495649 34
239113.0491728 34
239173.0484154 34
239233.0466752 34
239293.0454876 34
239353.0456052 34
239413.0439537 34
239473.0431285 34
239533.042154 34
239593.0412251 34
239653.0405231 34
239713.0392181 34
239773.0389389 34
239833.0374034 34
239893.0369595 34
239953.0357448 34
240013.0347123 34
240073.03365 34
240133.0330491 34
240193.0324358 34
240253.0313006 34
240313.0303441 34
240373.029542 34
240433.0287511 34
240493.0275806 34
240553.025984 34
240613.0250264 34
240673.0246585 34
240733.0231107 34
240793.0226417 34
240853.0213561 34
240913.0243793 34
240973.0217785 34
241033.0188846 34
241093.0183879 34
241153.017847 34
241213.0165969 34
241273.0157424 34
241333.0148715 34
241393.0174924 34
241453.0127629 34
241513.0119274 34
241573.0105485 34
241633.0421468 34
241693.0083166 34
241753.0081386 34
241813.0086327 34
241873.0055998 34
241933.0050902 34
241993.0056193 34
242053.0030072 34
242113.0020825 34
242173.0019875 34
242233.0007513 34
242292.9991311 34
242352.9983629 34
242412.9979149 34
242472.9968741 34
242532.9963594 34
242592.9969881 34
242652.9936672 34
242712.9937304 34
242772.9924705 34
242832.9917798 34
242892.9908935 34
242952.9889562 34
243012.988831 34
243072.9878308 34
243132.9870261 34
243192.986186 34
243252.9856256 34
243312.9846988 34
243372.9840332 34
243432.9825783 34
243492.9820744 34
243552.9859182 34
243612.979605 34
243672.9794725 34
243732.9780002 34
243792.9776908 34
243852.9764827 34
243912.9750848 34
243972.9746748 34
244032.973534 34
244092.9726888 34
244152.9718369 34
244212.970517 34
244272.9705637 34
244332.9708408 34
244392.968533 34
244452.968085 34
244512.968455 34
244572.965947 34
244632.9651316 34
244692.9636249 34
244752.9625677 34
244812.9614367 34
244872.9614125 34
244932.9600018 34
244992.961275 34
245052.9580399 34
245112.9583991 34
245172.9558573 34
245232.9555345 34
245292.9549023 34
245352.9533838 34
245412.9530528 34
245472.9522312 34
245532.9512433 34
245592.950415 34
245652.9492644 34
245712.9484818 34
245772.9472579 34
245832.9463824 34
245892.9477931 34
245952.9441203 34
246012.9436697 34
246072.9428347 34
246132.9418551 34
246192.941075 34
246252.9400014 34
246312.9388196 34
246372.9405346 34
246432.9377634 34
