59.3682101 30
119.3665577 30
179.365616 30
239.364234 30
299.3630978 30
359.3622069 30
419.360867 30
479.3595861 30
539.3584068 30
599.3575272 30
659.356471 30
719.3551424 30
779.3546292 30
839.3526694 30
901.35244 30
961.3508968 30
1021.3497237 30
1081.3486455 30
1141.3474949 30
1201.3464994 30
1261.345745 30
1321.343819 30
1381.3436912 30
1441.3418407 30
1501.3410324 30
1561.7263824 30
1621.3393132 29
1682.3378886 29
1742.3367699 29
1802.3346889 29
1862.5052201 29
1923.3330098 29
1983.4418187 29
2043.33183 29
2103.3301822 29
2163.3294971 30
2223.3273925 30
2283.3265883 30
2343.3265714 30
2403.3248543 30
2463.3240378 30
2523.3222181 30
2583.3211517 30
2643.3211132 30
2703.3197779 30
2763.3186545 30
2823.3177241 30
2883.3159162 30
2943.3154794 30
3003.3149308 30
3063.3135745 30
3123.312736 31
3183.3110763 31
3243.310421 31
3303.3174403 31
3363.3082015 31
3423.3071304 31
3483.3108767 31
3543.3084155 31
3603.3031045 31
3663.3024902 31
3723.3010625 31
3783.3006207 31
3843.2990309 31
3903.3057623 31
3963.2975842 31
4023.2965183 31
4083.2943044 31
4143.2949197 31
4203.2926586 31
4263.2920295 31
4323.29102 31
4383.2894056 31
4443.2900896 31
4503.2881298 31
4563.2871532 31
4623.2857163 31
4683.2852272 31
4743.283293 31
4803.2825371 31
4863.2813999 31
4923.280763 31
4983.2791901 31
5043.2785733 31
5103.2765991 31
5163.2763671 31
5223.275175 31
5283.2744191 31
5343.2722955 31
5403.2716047 31
5463.270523 31
5523.2699195 31
5583.2691502 31
5643.2679001 31
5703.2670451 31
5763.2659289 31
5823.2649944 31
5883.2637279 31
5943.2626748 31
6003.2616346 31
6063.2608966 31
6123.259177 31
6183.2587459 31
6243.2577539 31
6303.2563437 31
6363.2557489 31
6423.2536613 31
6483.2529926 31
6543.2525348 31
6603.251528 31
6663.2506971 31
6723.2490816 31
6783.2476657 31
6843.2471572 31
6903.2518328 31
6963.2455021 31
7023.2439318 31
7083.2422804 31
7143.2425164 31
7203.2410877 31
7263.2398874 31
7323.2389242 31
7383.2373533 31
7443.2364183 31
7503.235902 31
7563.2346883 31
7623.2332052 31
7683.233315 31
7743.2312674 31
7803.2309662 31
7863.2287113 31
7923.2277542 31
7983.2296099 31
8043.2274586 32
8103.2254526 31
8163.2233275 31
8223.2241747 31
8283.2212162 31
8343.2208149 31
8403.2195694 31
8463.2210269 31
8523.2238853 31
8583.2184738 31
8644.215641 31
8704.214805 31
8764.2136755 31
8824.212529 31
8884.2109335 31
8944.2109464 31
9004.2093673 31
9064.208753 31
9124.2073459 31
9184.2058689 31
9244.2050863 31
9304.2041877 31
9364.203496 32
9424.2017763 31
9484.2011071 32
9544.2002455 31
9604.199431 32
9664.1968251 32
9724.197035 31
9784.1956001 31
9844.1943254 31
9904.1939528 31
9964.1933442 31
10024.1918282 31
10084.1899915 31
10144.1897811 31
10204.1882221 31
10264.1877751 31
10324.186331 31
10384.1861026 31
10444.1849064 31
10504.183373 31
10564.1829999 31
10624.1814296 31
10684.1808876 31
10744.1800306 31
10804.1790294 31
10864.1780728 31
10924.1765882 31
10984.1755059 31
11044.1752241 31
11104.1737559 31
11164.1732535 31
11224.1724119 31
11284.1710412 31
11344.170451 31
11404.1689812 31
11464.1685071 31
11524.1671666 31
11584.1659257 31
11644.1645992 31
11704.1643077 31
11764.1629149 31
11824.1626455 31
11884.1619142 31
11944.1608042 31
12004.1597598 31
12064.1590368 31
12124.1578995 31
12184.1565083 31
12244.1556841 31
12304.1552951 31
12364.1542806 31
12424.1525737 31
12484.1522668 31
12544.1509023 31
12604.1504512 31
12664.1491282 31
12724.1483974 31
12784.1468789 31
12844.1461605 31
12904.1454733 31
12964.1443207 31
13024.1430424 31
13084.1422187 31
13144.1416999 31
13204.1404333 31
13264.1390718 31
13324.1384345 31
13384.1374569 31
13444.1367461 31
13504.1348478 31
13564.13435 31
13624.1337512 31
13684.1321177 31
13744.1307121 31
13804.130962 31
13864.1299428 31
13924.1288225 31
13984.1273312 31
14044.1272686 31
14104.1255951 31
14164.1254268 31
14224.1237497 31
14284.122673 31
14344.1218058 31
14404.1216015 31
14464.1203165 31
14524.1193148 31
14584.1180903 31
14644.1175381 31
14704.1158426 31
14764.1152647 31
14824.1138565 31
14884.1134927 31
14944.1124094 31
15004.1115236 31
15064.1098055 31
15124.1136461 31
15184.108913 31
15244.1076742 31
15304.1064328 31
15364.105681 31
15424.1054085 31
15484.1032064 31
15544.1027728 31
15604.1022309 31
15664.1007385 31
15724.0993822 31
15784.0989891 31
15844.0980407 31
15904.0976717 31
15964.1003701 31
16024.0949329 31
16084.0934508 31
16144.0929581 31
16204.0919005 30
16264.0915992 30
16324.0903306 30
16384.0898621 30
16444.0888075 30
16504.0874127 30
16564.0869062 30
16624.0852758 30
16684.0846959 30
16744.083961 30
16804.0834981 30
16864.0828551 30
16924.0815239 30
16984.0807007 30
17044.0796857 30
17104.0786465 30
17164.0769011 30
17224.07563 30
17284.0757721 30
17344.0740519 30
17404.0734674 30
17464.0721757 30
17524.0709733 30
17584.0706146 30
17644.0700121 30
17704.0685357 30
17764.0676741 30
17824.0671578 30
17884.0661884 30
17944.0643014 30
18004.0636969 30
18064.0628429 30
18124.0637405 30
18184.0606814 30
18244.0600261 30
18304.0591752 30
18364.058446 30
18424.0568736 30
18484.0563101 30
18544.055351 30
18604.0547254 30
18664.0529205 30
18724.0527178 30
18784.0509904 30
18844.0508647 30
18904.0496228 30
18964.0483804 30
19024.0478944 30
19084.0469527 30
19144.0454291 30
19204.0444335 30
19264.0440676 30
19324.0428293 30
19384.0415843 30
19444.0412276 30
19504.0402084 30
19564.0387602 30
19624.0381465 30
19684.0365315 30
19744.0359095 30
19804.0355477 30
19864.0346809 30
19924.0336956 30
19984.03293 30
20044.03523 30
20104.0301121 30
20164.0297616 30
20224.0287444 30
20284.0278951 30
20344.0261652 30
20404.0252024 30
20464.0251136 30
20524.023453 30
20584.0231723 30
20644.0220623 30
20704.02112 30
20764.0201963 30
20824.0186942 30
20884.017422 30
20944.0170849 30
21004.0165732 30
21064.0154263 30
21124.0136306 30
21184.0136388 30
21244.0120054 30
21304.0109785 30
21364.0106475 30
21424.0096683 30
21484.0081837 30
21544.0068079 30
21604.0064368 30
21664.0057969 30
21724.0048896 30
21784.0089632 30
21844.0029528 30
21904.0017263 30
21964.0004911 30
22023.9992681 30
22083.9990942 30
22143.9981479 30
22203.9972123 30
22263.9959309 30
22323.9951945 30
22383.9936729 30
22443.9926984 30
22503.9914395 30
22563.9910983 30
22623.9895977 30
22683.9892754 30
22743.9882383 30
22803.9874993 30
22863.9862764 30
22923.9850324 30
22983.984374 30
23043.9831829 30
23103.9820734 30
23163.9814586 30
23223.9804892 30
23283.9798097 30
23343.9784508 30
23403.9777806 30
23463.9762821 30
23523.9759408 30
23583.9749093 30
23643.9734334 30
23703.973144 30
23763.9720648 30
23823.9704529 30
23883.9698494 30
23943.9686116 30
24003.967752 30
24063.9667025 30
24123.9660769 30
24183.9655499 30
24243.9637681 30
24303.9631395 30
24363.9618719 30
24423.9609769 30
24483.9601358 30
24543.9588687 30
24603.9581908 30
24663.9572979 30
24723.9561771 30
24783.9556747 30
24843.9546509 30
24903.9534121 30
24963.9524411 30
25023.9515425 30
25083.9509062 30
25143.9499296 30
25203.9486025 30
25263.9475397 30
25323.9470265 30
25383.9459996 30
25443.9447716 30
25503.943951 30
25563.9431828 30
25623.941403 30
25683.9403171 30
25743.9395412 30
25803.9393662 30
25863.9373484 30
25923.9371436 30
25983.9360228 30
26043.9355189 30
26103.934142 30
26163.9332829 30
26223.9326245 30
26283.9311537 30
26343.9307196 30
26403.9294181 30
26463.9285693 30
26523.9274239 30
26583.9261635 30
26643.9252069 30
26703.9247559 30
26763.9232784 30
26823.9229207 30
26883.9219231 30
26943.9209568 30
27003.9200648 30
27063.9185822 30
27123.9180978 30
27183.9168595 30
27243.9157762 30
27303.9143772 30
27363.9143983 30
27423.9134176 30
27483.9118883 30
27543.9114562 30
27603.9099074 30
27663.9094245 30
27723.908609 30
27783.9067215 30
27843.9063515 30
27903.9051132 30
27963.9046221 30
28023.9037687 30
28083.9018114 30
28143.9016954 30
28203.9007953 30
28263.8998941 30
28323.8988329 30
28383.8979579 30
28443.8969346 30
28503.8960329 30
28563.8940171 30
28623.8929815 30
28683.8924827 30
28743.8911515 30
28803.89078 30
28863.8904387 30
28923.8897156 30
28983.8880596 30
29043.886479 30
29103.8862809 30
29163.884708 30
29223.8836667 30
29283.8828723 30
29343.8829616 30
29403.8815124 30
29463.8802433 30
29523.8794566 30
29583.8785339 30
29643.8774557 30
29703.8756113 30
29763.8745767 30
29823.8743658 30
29883.8731218 30
29943.8726092 30
30003.8720626 30
30063.8700207 30
30123.8692119 30
30183.8686689 30
30243.8667717 30
30303.8666752 30
30363.8658649 30
30423.8641298 30
30483.8632086 30
30543.8623203 30
30603.8618025 30
30663.8606304 30
30723.861295 30
30783.8584135 30
30843.8575 30
30903.8562945 30
30963.8551999 30
31023.8540873 30
31083.8540545 30
31143.8527284 30
31203.8520808 30
31263.8510749 30
31323.850144 30
31383.8536521 30
31443.8480148 30
31503.8472732 30
31563.8459015 30
31623.8450845 30
31683.8432422 30
31743.8432586 30
31803.8424724 30
31863.8408389 30
31923.839753 30
31983.8387826 30
32043.8422579 30
32103.8375022 30
32163.8365102 30
32223.8351565 30
32283.8341829 30
32343.8326449 30
32403.8316889 30
32463.831344 30
32523.8305706 30
32583.8296536 30
32643.8285779 30
32703.8269917 30
32763.8267556 30
32823.8302037 30
32883.8244042 30
32943.8233989 30
33003.8220282 30
33063.8209536 30
33123.8208561 30
33183.8198836 30
33243.8186088 30
33303.8173515 30
33363.8168296 30
33423.8159172 30
33483.8138957 30
33543.8140569 30
33603.8126487 30
33663.8114617 30
33723.8107556 30
33783.8094762 30
33843.808456 30
33903.8081378 30
33963.8075466 29
34023.8065685 30
34083.8056047 29
34143.8036613 29
34203.8032472 29
34263.8023147 29
34323.8005771 29
34383.8002979 29
34443.7991997 29
34503.7983406 29
34563.797345 29
34623.7965111 29
34683.7953883 29
34743.79415 29
34803.7934828 29
34863.7924498 29
34923.7916359 29
34983.7906957 29
35043.7895975 29
35103.7886307 29
35163.7867529 29
35223.78664 29
35283.7854186 29
35343.7846643 29
35403.7837051 29
35463.7869428 29
35523.7813978 29
35583.780549 29
35643.779827 29
35703.7785589 29
35763.7773601 29
35823.776537 29
35883.7757944 29
35943.7742564 29
36003.7739018 29
36063.7730206 29
36123.7714462 29
36183.7703762 29
36243.7696829 29
36303.7691286 29
36363.7674613 29
36423.7661527 29
36483.7661563 29
36543.7645074 29
36603.7642334 29
36663.7628437 29
36723.7617773 29
36783.7606421 29
36843.759997 29
36903.7590559 29
36963.7582296 29
37023.7572705 29
37083.7557556 29
37143.7547431 29
37203.7541288 29
37263.7529141 29
37323.7525271 29
37383.7515505 29
37443.7493213 29
37503.7492648 29
37563.7485453 29
37623.7471012 29
37683.7459512 29
37743.744658 29
37803.7441437 29
37863.7435377 29
37923.74178 29
37983.7415368 29
38043.7406387 29
38103.7396195 29
38163.7380369 29
38223.736737 29
38283.7365804 29
38343.7347843 29
38403.7345534 29
38463.732982 29
38523.7327095 29
38583.7307584 29
38643.7297607 29
38703.7297977 29
38763.7282304 29
38823.7276972 29
38883.7267011 29
38943.7256204 29
39003.7244688 29
39063.7238802 29
39123.7225212 29
39183.7209499 29
39243.7205542 29
39303.7197696 29
39363.718307 29
39423.717433 29
39483.7166535 29
39543.7151586 29
39603.7149261 29
39663.7137561 29
39723.712276 29
39783.7119106 29
39843.7110275 29
39903.7096552 29
39963.7087633 29
40023.7074629 29
40083.7067845 29
40143.7061209 29
40203.7045921 29
40263.7041077 29
40323.7026061 29
40383.7014786 29
40443.7008023 29
40503.6999027 29
40563.6991442 29
40623.697482 29
40683.6965372 29
40743.695986 29
40803.6948288 29
40863.6943249 29
40923.693356 29
40983.6916152 29
41043.6912396 29
41103.6902548 29
41163.6889061 29
41223.6871079 29
41283.6874107 29
41343.6857475 29
41403.6845518 29
41463.6836732 29
41523.6827695 29
41583.6824226 29
41643.6804042 29
41703.679831 29
41763.6787759 29
41823.6783972 29
41883.6808871 29
41943.676426 29
42003.6754402 29
42063.6744651 29
42123.6735486 29
42183.6719767 29
42243.6715677 29
42303.6701765 29
42363.6694118 29
42423.6685471 29
42483.6668146 29
42543.6663707 29
42603.66465 29
42663.6638094 29
42723.6635379 29
42783.6622062 29
42843.6612204 29
42903.6601617 29
42963.6590912 29
43023.6581618 29
43083.6573438 29
43143.6565843 29
43203.6556888 29
43263.6541897 29
43323.6531721 29
43383.6527292 29
43443.651651 29
43503.6497666 29
43563.649549 29
43623.6481393 29
43683.6474793 29
43743.6463175 29
43803.6449432 29
43863.643906 29
43923.6435427 29
43983.6419919 29
44043.6409316 29
44103.6399899 29
44163.6393002 29
44223.6382354 29
44283.6373532 29
44343.6365249 29
44403.635009 29
44463.6345892 29
44523.6333935 29
44583.6326442 29
44643.6315588 29
44703.6305858 29
44763.6292028 29
44823.6290093 29
44883.6271732 29
44943.6262972 29
45003.6256813 29
45063.6238734 29
45123.623546 29
45183.6226664 29
45243.6207743 29
45303.6202924 29
45363.6197079 29
45423.6187569 29
45483.6177008 29
45543.6158549 29
45603.6155901 29
45663.6141393 29
45723.6134701 29
45783.6120142 29
45843.6113409 29
45903.6104603 29
45963.6094991 29
46023.6078097 29
46083.6076568 29
46143.605721 29
46203.6052402 29
46263.6046593 29
46323.6030858 29
46383.6016669 29
46443.6016705 29
46503.6006816 29
46563.5991964 29
46623.597703 29
46683.5976025 29
46743.5966243 29
46803.5951248 29
46863.5945418 29
46923.59338 29
46983.5923752 29
47043.5916464 29
47103.5896579 29
47163.5891929 29
47223.5880803 29
47283.5878094 29
47343.5863365 29
47403.5853928 29
47463.5842874 29
47523.5838152 29
47583.5820555 29
47643.5807587 29
47703.5797175 29
47763.578666 29
47823.5775606 29
47883.5772136 29
47943.5757803 29
48003.5754888 29
48063.5744825 29
48123.5727977 29
48183.5721927 29
48243.5710323 29
48303.570083 29
48363.5693866 29
48423.5678065 29
48483.5664742 29
48543.5665805 29
48603.5653324 29
48663.5645046 29
48723.5629754 29
48783.5623744 29
48843.5602319 29
48903.559671 29
48963.5593954 29
49023.5576572 29
49083.556948 29
49143.5562583 29
49203.5549538 29
49263.5536061 29
49323.5525895 29
49383.5518731 29
49443.5503669 29
49503.5501416 29
49563.5485662 29
49623.5480017 29
49683.5469902 29
49743.5458304 29
49803.5442611 29
49863.5441348 29
49923.5430777 29
49983.5417439 29
50043.541242 29
50103.5394156 29
50163.539002 29
50223.5382522 29
50283.5369138 29
50343.5354487 29
50403.534022 29
50463.5339112 29
50523.5323064 29
50583.531571 29
50643.5311143 29
50703.5290221 29
50763.5285227 29
50823.5277401 29
50883.5267964 29
50943.5256427 29
51003.5248606 29
51063.5238533 29
51123.5224492 29
51183.521234 29
51243.5208532 29
51303.5199387 29
51363.5183514 29
51423.5182883 29
51483.5158307 29
51543.515649 29
51603.5148269 29
51663.5136989 29
51723.5128326 29
51783.511756 29
51843.5105587 29
51903.5096365 29
51963.5111848 29
52023.5068818 29
52083.5060309 29
52143.5050076 29
52203.5039407 29
52263.5031216 29
52323.5014097 29
52383.5011392 29
52443.4997069 29
52503.4985405 29
52563.4982823 29
52623.4966463 29
52683.4959863 29
52743.4951837 29
52803.4975397 29
52863.4929062 29
52923.4916838 29
52983.4911034 29
53043.4900257 29
53103.4890045 29
53163.4876327 29
53223.486106 29
53283.485991 29
53343.4842693 29
53403.4834934 29
53463.4822679 29
53523.4816824 29
53583.4805826 29
53643.4799185 29
53703.478478 29
53763.4777088 29
53823.4763298 29
53883.4753502 29
53943.4747692 29
54003.4737993 29
54063.4717841 29
54123.4714844 29
54183.47001 29
54243.4689692 29
54303.4685982 29
54363.4673019 29
54423.466022 29
54483.4654632 29
54543.4643598 29
54603.4631554 29
54663.4620146 29
54723.4605104 29
54783.4602744 29
54843.459327 29
54903.4582709 29
54963.4570233 29
55023.4556957 29
55083.4546221 29
55143.4538621 29
55203.4529174 29
55263.4516606 29
55323.4511304 29
55383.4496904 29
55443.449186 29
55503.4476844 29
55563.4464574 29
55623.4456707 29
55683.4443744 29
55743.4437011 29
55803.4421117 29
55863.4417499 29
55923.4403602 29
55983.4393559 29
56043.4387658 29
56103.4374207 29
56163.4406671 29
56223.4352741 29
56283.4336668 29
56343.433209 29
56403.4317947 29
56463.4312564 29
56523.4303275 29
56583.4334056 29
56643.4278581 29
56703.4264976 29
56763.4263226 29
56823.4245413 29
56883.4231886 29
56943.4231711 29
57003.4218569 29
57063.4244859 29
57123.4193633 29
57183.4187906 29
57243.4179972 29
57303.4161066 29
57363.4153959 29
57423.4140934 29
57483.4139646 29
57543.4124276 29
57603.4151968 29
57663.410575 29
57723.4094907 29
57783.4087548 29
57843.4079301 29
57903.4057275 29
57963.4048294 29
58023.4040432 29
58083.4030297 29
58143.4018981 29
58203.4015435 29
58263.4048074 29
58323.3990936 29
58383.3982253 29
58443.3975032 29
58503.3954017 29
58563.3944308 29
58623.3936302 29
58683.3929554 29
58743.391676 29
58803.3911602 29
58863.390061 29
58923.3892363 29
58983.3882284 29
59043.3864615 29
59103.38611 29
59163.3843205 29
59223.3834296 29
59283.3821924 29
59343.3809289 29
59403.3808417 29
59463.3792205 29
59523.3787237 29
59583.3770733 29
59643.3766802 29
59703.3753706 29
59763.3740332 29
59823.3726543 29
59883.3721642 29
59943.3711615 29
60003.370209 29
60063.3690954 29
60123.368127 29
60183.3669241 29
60243.3659778 29
60303.3642709 29
60363.3635679 29
60423.3623614 29
60483.3619431 29
60543.3608146 29
60603.3595404 29
60663.3591714 29
60723.357422 29
60783.356936 29
60843.3628966 29
60903.3548417 29
60963.3536665 29
61023.3521654 29
61083.3513582 29
61143.3500701 29
61203.3492618 29
61263.3476966 29
61323.3466923 29
61383.3463382 29
61443.3450912 29
61503.344344 29
61563.3434069 29
61623.3413054 29
61683.34119 29
61743.3393928 29
61803.339169 29
61863.3381524 29
61923.3365102 29
61983.3360812 29
62043.3349558 29
62103.3329421 29
62163.33259 29
62223.3312501 29
62283.3308888 29
62343.3289295 29
62403.3287796 29
62463.3278143 29
62523.3265062 29
62583.3252038 29
62643.3241984 29
62703.323421 29
62763.3225373 29
62823.3205733 29
62883.320054 29
62943.3183297 29
63003.3181495 29
63063.3173433 29
63123.31591 29
63183.3150499 29
63243.3138075 29
63303.312115 29
63363.3115736 29
63423.3103748 29
63483.3097995 29
63543.3081245 29
63603.3068492 29
63663.3066296 29
63723.3056879 29
63783.3035166 29
63843.3036454 29
63903.3024779 29
63963.3014639 29
64023.2994871 29
64083.2986865 29
64143.2981328 29
64203.2972465 29
64263.2955376 29
64323.2951245 29
64383.2932103 29
64443.2929481 29
64503.29203 29
64563.2905582 29
64623.288721 29
64683.2883217 29
64743.2880087 29
64803.2861253 29
64863.2852154 29
64923.2842316 29
64983.2827947 29
65043.2817489 29
65103.2808487 29
65163.2803237 29
65223.2794621 29
65283.2783716 29
65343.2768608 29
65403.2758883 29
65463.2750744 29
65523.2737088 29
65583.2729868 29
65643.2719758 29
65703.2700498 29
65763.2691661 29
65823.268677 29
65883.2671883 29
65943.2719455 29
66003.265541 29
66063.2641507 29
66123.2632291 29
66183.2801 29
66243.2604368 29
66303.2599519 29
66363.259335 29
66423.2591857 29
66483.2565305 29
66543.2574219 29
66603.2544495 29
66663.2533703 29
66723.2526477 29
66783.2516711 29
66843.2507361 29
66903.2494942 29
66963.2483385 29
67023.2470838 29
67083.245712 29
67143.2446564 29
67203.244405 29
67263.2427443 29
67323.2417682 29
67383.2417097 29
67443.2439985 29
67503.2392387 29
67563.2380625 29
67623.2366354 29
67683.241877 29
67743.2341351 29
67803.2338272 29
67863.2326756 29
67923.2303935 29
67983.2296247 29
68043.228643 29
68103.2287159 29
68163.2274257 29
68223.2262957 29
68283.2241598 29
68343.223174 29
68403.2231668 29
68463.2252965 29
68523.2207615 29
68583.2191373 29
68643.2189223 29
68703.2516075 29
68763.2176013 29
68823.2160433 29
68883.2136067 29
68943.213578 29
69003.2118465 29
69063.2107863 29
69123.2103808 29
69183.2094238 29
69243.2082434 29
69303.206241 29
69363.2062995 29
69423.2050884 29
69483.2035611 29
69543.203282 29
69603.201922 29
69663.200482 29
69723.2036504 29
69783.1981727 29
69843.1968733 29
69903.196491 29
69963.1950151 29
70023.1940775 29
70083.1936772 29
70143.1915485 29
70203.1910466 29
70263.1898956 29
70323.1888025 29
70383.1881174 29
70443.1870746 29
70503.1858481 29
70563.1847796 29
70623.18314 29
70683.1821357 29
70743.1809934 29
70803.1804104 29
70863.1795374 29
70923.1779892 29
70983.1775027 29
71043.1762284 29
71103.174616 29
71163.1752483 29
71223.1726931 29
71283.1804976 29
71343.1700174 29
71403.1745904 29
71463.9232579 29
71523.1677455 29
71583.1659068 29
71643.1659586 29
71703.1681889 30
71763.1632829 30
71823.1620646 30
71883.1615442 29
71943.1597937 29
72003.1592816 29
72063.1584861 30
72123.1566402 30
72183.1577908 30
72243.1584148 29
72303.156456 30
72363.1546044 30
72423.1535955 30
72483.1539167 30
72543.1563174 30
72603.1502793 30
72663.1496547 30
72723.1493053 30
72783.1629298 30
72843.1459624 30
72903.146202 30
72963.1442535 30
73023.144062 30
